Nombre des capteurs:
20
Nombre des targets:
50
Nombre de type de surveillance:
1

Caracteristiques:
240.000000 3.000000 4.000000 a 433.349743 314.033438 405.028394 474.788374 318.521585 139.359248 483.914249 214.443466 371.796988 36.235342 481.116410 104.043260 217.138205 311.713009 221.334588 468.124983 463.349760 226.636272 358.468967 503.135171 168.439900 108.724422 306.726262 319.081494 238.321212 434.446775 373.037532 192.720004 294.090122 254.125953 349.425242 286.923335 223.271136 204.137209 314.128954 179.877736 302.352443 459.152480 43.000000 404.604745 304.105245 383.689979 154.434452 386.745394 153.561063 447.071583 300.467968 243.199507 387.769261 408.221753 
262.000000 1.000000 4.000000 a 315.039680 171.303824 283.637092 335.335653 178.353581 198.829072 364.446155 167.092789 223.912930 119.151164 342.492336 110.421918 133.375410 164.222410 175.182762 323.037150 317.932383 123.166554 217.168138 366.934599 143.561833 72.006944 227.299362 250.241883 170.519794 286.555405 227.431308 80.529498 146.112970 107.377838 264.196896 153.561063 169.434353 151.162165 167.191507 120.074977 222.991031 317.529526 105.380264 277.893865 157.257750 239.365829 59.228372 239.102488 59.439044 301.039864 183.207533 96.166522 252.239965 260.654944 
164.000000 2.000000 1.000000 a 450.831454 237.305710 287.111477 454.859319 303.422148 74.672619 499.159293 72.835431 313.356028 111.946416 463.001080 44.181444 95.341491 254.310833 301.081384 386.000000 425.217591 262.101126 338.385874 398.758072 26.248809 72.801099 168.671278 385.966320 303.591831 372.081980 299.055179 219.385505 246.617112 225.257630 402.905696 286.457676 82.807005 277.973020 277.308492 56.222771 164.541788 367.396244 130.698125 292.328582 268.776859 353.362420 89.202018 338.687171 88.408144 406.765289 321.403174 194.115945 379.138497 342.940228 
166.000000 8.000000 5.000000 a 214.972091 170.000000 307.514227 250.353750 98.005102 299.482888 264.911306 256.984435 183.439363 205.936884 256.265487 211.191856 213.213508 139.312598 122.114700 294.703241 246.641440 37.643060 137.524543 360.435847 241.298570 172.817823 295.330324 164.596476 100.568385 240.784136 205.104851 34.000000 115.108644 71.196910 169.248338 62.128898 256.820949 103.077641 113.991228 212.473528 291.547595 301.240767 184.097800 294.811804 105.209315 166.904164 153.938299 184.317661 154.486245 232.594067 82.134037 101.000000 162.431524 221.616786 
234.000000 3.000000 4.000000 a 186.681547 188.820020 266.326867 79.309520 150.153255 491.366462 196.918765 390.947567 107.540690 433.664617 87.823687 410.118276 339.436297 163.526756 343.925864 130.464555 17.117243 268.197688 112.720894 222.182358 404.645524 376.144919 361.912973 314.758638 312.296334 70.213959 137.931142 281.042701 172.791782 207.195560 280.713377 188.809428 384.046872 334.571368 147.339743 366.750596 360.767238 164.939383 418.001196 243.895469 157.257750 81.043198 334.741691 79.056942 335.715653 15.652476 210.772389 226.715681 115.260574 93.085982 
232.000000 1.000000 5.000000 a 65.734314 259.110015 393.000000 158.294030 122.053267 454.932962 115.741090 405.034566 217.006912 355.347717 158.776573 366.742416 356.855713 216.448608 177.025422 313.087847 193.932978 142.888068 121.396046 400.404795 394.655546 328.402192 425.067054 114.236597 146.492321 243.583661 256.643722 181.818591 200.039996 186.131674 75.690158 114.934764 403.193502 180.036107 170.950285 363.275378 421.969193 336.582828 330.820193 374.192464 171.303824 147.122398 307.416655 192.720004 308.058436 191.400104 73.539105 226.019911 91.923882 242.330353 
128.000000 1.000000 5.000000 a 450.457545 197.729613 218.284218 434.400737 294.645550 136.312142 495.795321 5.099020 278.626991 181.969778 443.207626 112.361025 47.634021 225.488359 339.807298 333.917655 396.046714 283.978872 324.006173 334.522047 49.517674 122.723266 92.956979 413.730589 335.554765 331.698658 255.884740 242.860042 224.964442 218.036694 423.199716 287.341261 7.071068 315.835400 258.605878 46.000000 88.865066 310.581712 195.777935 226.417755 251.872984 332.231847 106.066017 308.369908 105.929222 377.190933 330.334679 179.961107 368.408740 302.332598 
242.000000 9.000000 2.000000 a 198.595065 181.595705 254.527012 92.347171 153.101274 486.856242 209.773688 384.169234 100.722391 432.140024 100.841460 406.606690 332.945942 158.660014 349.177605 117.426573 30.149627 271.860258 117.183617 209.153054 399.164127 373.230492 352.625864 323.154762 317.800252 58.309519 128.549601 282.809123 169.567096 206.038831 290.024137 192.200416 377.033155 339.045720 146.030819 361.225691 351.592093 151.990131 417.172626 232.071110 156.051274 84.581322 331.049845 74.966659 332.031625 23.853721 216.889373 223.450218 124.084649 82.734515 
150.000000 3.000000 5.000000 a 421.849499 227.701559 145.124085 318.127333 321.255350 496.960763 436.405774 366.460093 214.723077 497.821253 326.024539 444.182395 331.879496 250.511477 510.392006 112.294256 256.382527 424.199246 305.026228 30.232433 403.624826 425.556107 286.006993 517.176952 484.200372 182.167505 184.910789 412.950360 274.652508 320.357613 493.356869 355.009859 355.967695 492.659111 281.087175 371.840019 288.006944 90.210864 494.974747 135.329228 287.800278 277.411247 378.857493 232.544619 379.760451 247.822517 399.021303 306.419647 334.669987 183.068293 
273.000000 6.000000 2.000000 a 161.027948 145.454460 254.420911 99.247166 80.956779 431.422067 188.480768 340.147027 72.449983 366.972751 108.300508 347.690955 287.960067 110.258786 277.656262 154.870914 70.064256 199.624648 45.803930 243.263232 348.427898 312.385979 325.313695 258.474370 246.586699 85.428333 113.600176 211.624668 112.698713 140.890028 229.477668 119.970830 334.400957 266.986891 82.565126 311.014469 323.445513 179.847157 350.321281 233.205918 91.923882 12.806248 273.247141 39.623226 274.191539 54.451814 146.986394 165.275528 68.447060 86.469648 
209.000000 5.000000 5.000000 a 329.948481 126.905477 226.313941 328.709598 178.218966 197.800404 376.888578 127.059041 193.662077 154.029218 336.827849 116.107709 82.975900 132.849539 227.879354 281.469359 300.853785 162.388423 212.325222 315.963605 119.205705 85.375641 171.746907 292.801981 218.277347 255.096060 187.672587 123.405835 121.840059 99.809819 299.879976 165.423698 126.317061 204.083316 151.396830 85.146932 167.585799 271.088546 148.946299 222.029277 142.695480 227.437904 40.447497 215.745220 41.436699 282.688875 206.661559 68.352030 253.805043 227.008810 
228.000000 8.000000 3.000000 a 39.824616 285.364679 401.400050 85.428333 164.054869 531.128045 41.484937 462.709412 219.246437 441.371725 80.777472 442.950336 411.491191 244.738636 276.001812 286.630424 142.635900 232.847590 137.295302 378.582884 460.671249 404.728304 463.906241 207.183494 245.130577 219.002283 260.578203 266.692707 237.033753 241.979338 163.865799 179.724790 458.911756 277.953233 203.088651 425.913137 461.533314 318.001572 418.560629 380.090779 208.216234 142.337627 376.085097 186.510053 376.872658 149.856598 158.445574 278.689792 91.263355 229.836899 
232.000000 9.000000 4.000000 a 301.423290 221.298441 342.800233 344.104635 190.010526 226.400088 351.967328 223.271136 259.978845 117.596769 350.035712 143.125819 194.486503 204.882893 119.570063 366.356384 337.853519 95.015788 230.000000 418.861552 192.634369 109.110036 289.394195 205.973299 122.674366 321.297370 271.516114 60.207973 182.989071 137.419067 228.127158 155.823618 227.002203 96.166522 194.794764 176.102243 285.049119 365.547535 93.021503 335.483234 184.889156 257.701378 117.345643 268.246156 117.273185 322.795601 167.943443 142.611360 256.142538 298.236483 
251.000000 7.000000 2.000000 a 364.742375 112.791844 177.800450 345.411349 207.607803 200.489401 408.886292 93.600214 192.010416 191.436674 354.200508 136.014705 41.400483 136.857590 285.156098 260.030767 308.185009 215.752173 235.467620 279.034048 108.060168 118.726577 115.004348 345.684828 274.029196 248.131014 173.787226 179.069819 136.029409 133.360414 349.017192 204.377102 88.459030 261.489962 169.799882 70.576200 111.004504 242.684981 192.961136 177.369670 163.355441 243.213898 74.330344 220.492630 75.073298 289.375189 250.710989 93.813645 280.303407 218.769285 
107.000000 4.000000 3.000000 a 394.143375 124.595345 19.313208 321.056070 255.039213 356.967786 423.709806 226.417755 163.590953 364.968492 330.393705 307.379245 192.924856 163.168624 415.018072 139.807010 263.058929 331.024168 256.563832 113.216607 263.910970 292.249893 150.266430 444.814568 393.926389 177.158121 122.000000 309.095455 185.067555 222.847481 431.477694 278.115084 215.956014 394.118003 206.518764 233.154455 151.604749 105.309069 365.256075 5.099020 208.952148 241.049787 246.854208 195.726850 247.681247 246.876487 328.344331 196.369550 298.690475 156.262599 
271.000000 4.000000 3.000000 a 361.780320 101.843016 164.453641 338.119801 204.129861 213.190056 405.030863 101.710373 182.082399 205.119477 347.021613 149.913308 50.159745 128.809938 291.972601 247.002024 299.172191 220.056811 230.202085 265.107525 120.070812 132.400906 110.652610 349.290710 279.517441 236.966242 162.049375 184.878338 130.176803 132.230859 350.891721 203.538694 95.441081 268.508845 164.201096 83.096330 106.920531 229.106962 206.155281 163.615403 158.382449 236.239285 87.458562 211.482860 88.238314 280.321244 251.097591 92.309263 275.535842 207.562039 
244.000000 1.000000 1.000000 a 214.254522 89.196412 198.758648 155.128979 90.426766 388.888159 245.393561 289.006920 17.262677 337.250649 164.438438 308.910990 237.191905 60.728906 285.895086 125.992063 111.892806 201.308221 78.517514 204.435809 301.763152 276.134025 268.126836 286.251638 257.421833 70.007142 58.137767 201.246118 73.006849 114.477072 264.092787 126.063476 282.490708 270.963097 57.706152 263.873076 266.413213 140.890028 324.006173 178.241409 67.119297 61.684682 233.283090 24.186773 234.269076 93.059121 168.077363 126.321020 118.827606 50.931326 
248.000000 1.000000 1.000000 a 399.405809 171.330091 82.492424 307.774268 280.665281 432.240674 420.932299 301.935424 176.113600 434.736702 316.546995 379.947365 267.166615 200.024998 460.697298 100.657836 245.930885 374.706552 271.272925 38.052595 338.864280 362.243012 223.647043 476.699066 436.311815 161.793078 139.463257 359.402282 224.116041 268.001866 457.017505 310.885831 291.487564 441.643521 236.211769 307.175845 225.375243 64.031242 432.862565 70.710678 241.505694 247.945559 315.824318 200.960195 316.708067 233.345238 358.022346 249.617708 307.001629 152.472948 
205.000000 4.000000 5.000000 a 123.907223 180.543624 316.570687 155.051604 44.102154 392.502229 171.493440 330.800544 147.627911 304.424046 160.049992 304.253184 281.232999 138.130373 174.470628 253.254812 163.878003 105.171289 60.108236 335.180548 324.562783 265.996241 346.208030 156.064089 142.667445 187.096232 184.358347 131.468627 120.838736 109.293184 133.929086 41.231056 328.184399 166.676333 93.005376 291.158033 343.185081 271.503223 282.764920 298.613463 92.439169 92.849340 238.673417 130.357202 239.420133 154.051939 41.400483 148.717854 66.030296 178.734440 
255.000000 5.000000 3.000000 a 557.943546 324.234483 335.483234 555.226981 407.770769 75.325958 605.760679 122.527548 404.427991 193.499354 563.719789 143.561833 172.325274 348.855271 404.163333 460.905630 520.557394 370.049997 440.927432 455.053843 110.421918 179.047480 195.734514 492.260094 409.255421 458.904129 383.270140 327.365239 345.059415 329.370612 510.616294 393.242927 131.244047 381.776112 377.510265 146.727639 193.256306 436.231590 218.888099 347.001441 369.709345 452.951432 195.869855 432.921471 195.166596 501.780829 429.439169 295.169443 483.259765 429.504366 
Type de surveillance de chaque endroit(target):tab[nombre de target]
a a a a a a a a a a a a a a a a a a a a a a a a a a a a a a a a a a a a a a a a a a a a a a a a a a 