Nombre des capteurs:
50
Nombre des targets:
70
Nombre de type de surveillance:
1

Caracteristiques:
240.000000 5.000000 1.000000 a 276.421779 302.497934 301.802916 220.619582 525.552091 193.132079 452.447787 430.750508 113.600176 151.208465 88.526832 288.392094 414.918064 114.236597 311.661676 151.267974 385.861374 413.217860 367.288715 399.169137 494.485591 305.551960 200.942778 444.299449 181.198786 279.517441 157.835357 539.935181 531.160993 249.158584 112.680966 86.284413 376.017287 392.184905 322.349190 228.711609 379.222890 183.657290 254.827393 396.440412 409.542428 283.894347 330.106044 278.926514 445.028089 378.312041 261.841555 32.449961 269.833282 305.812034 103.846040 299.541316 92.703829 266.187904 246.292509 261.961829 340.242561 294.268585 274.065686 343.909872 238.096619 294.869463 248.871453 370.299878 481.614991 308.415304 321.099673 149.214611 389.494544 408.236451 
167.000000 4.000000 4.000000 a 172.235304 214.441134 193.155378 201.099478 488.660414 218.013761 346.561683 446.327234 185.809042 39.115214 125.670203 200.529300 412.840163 99.639350 180.601772 52.153619 283.635329 312.648365 285.175385 365.472297 478.549893 281.602557 239.365829 392.413048 234.480276 302.026489 255.519080 472.558991 490.079585 241.234326 77.103826 147.665162 288.875406 337.415175 210.297408 283.282544 347.936776 115.412304 128.316016 358.336434 403.441446 216.004630 207.634294 246.077224 394.400811 324.607455 191.167466 108.171161 214.755675 254.096438 180.094420 252.295462 97.693398 338.422812 129.653384 325.960120 371.005391 248.072570 162.117242 361.419424 150.013333 291.042952 173.761331 372.263348 467.607742 283.594781 340.647912 246.099573 284.935080 330.080293 
291.000000 5.000000 1.000000 a 326.955654 320.814588 352.596086 183.133831 426.244062 114.004386 471.525185 277.915455 90.785461 310.104821 150.950323 310.858489 284.569851 184.447825 409.890229 255.344865 407.982843 427.855116 359.738794 313.383152 371.441785 230.956706 92.265920 376.378799 68.410526 148.246416 37.161808 482.842624 436.945077 177.101666 293.972788 129.282636 374.585104 337.926027 374.414209 71.554175 294.205710 233.403085 349.794225 317.370446 285.047364 279.529963 401.662794 227.563178 375.170628 325.498080 270.248034 218.673272 253.450192 270.558681 97.308787 260.203766 179.568928 78.339007 325.313695 81.123363 182.439031 255.431008 337.557403 201.457191 280.080346 195.563289 268.972118 242.365427 357.561184 234.036322 181.157390 43.174066 415.207177 386.246036 
287.000000 9.000000 4.000000 a 135.384637 81.859636 133.555232 159.314155 215.863383 225.268728 145.907505 275.426941 298.263306 320.739770 277.411247 93.295230 216.455538 246.876487 231.354706 239.207023 101.019800 105.475116 32.449961 121.564798 238.113418 120.830460 245.837345 111.319360 270.667693 221.846794 351.012820 183.095603 212.513529 161.993827 365.820994 292.166049 49.040799 62.008064 138.090550 280.615395 117.200683 182.526710 211.151604 108.171161 202.141040 77.524190 180.011111 111.004504 114.560028 56.089215 101.257099 357.604530 93.145048 67.475922 303.660995 77.929455 268.365423 336.538259 183.809684 313.805672 263.933704 82.607506 156.262599 230.867928 140.185591 165.124196 117.290238 202.089089 232.647802 118.701306 226.814903 346.036125 110.453610 49.365980 
121.000000 7.000000 4.000000 a 195.563289 227.844245 219.965906 178.058979 479.150290 178.907797 372.592270 415.463596 133.540256 85.906926 75.186435 213.527516 388.104367 62.625873 226.920691 67.186308 306.882714 335.047758 296.177312 353.208154 460.017391 263.427409 197.002538 388.919015 187.949461 266.492026 201.405064 477.403393 482.460361 215.081380 85.726309 94.936821 302.848147 334.629646 239.760297 237.775104 334.332170 112.329871 169.673215 347.955457 380.148655 217.623528 245.344656 230.867928 390.325505 321.104344 193.600103 67.268120 209.423017 248.195487 127.011810 244.124968 51.009803 289.613536 162.012345 278.890660 334.055385 239.269722 191.049732 328.758270 161.771444 264.801813 178.193715 345.418587 448.188576 265.849582 306.921814 191.971352 309.725685 339.400943 
120.000000 3.000000 1.000000 a 95.524866 127.534309 121.066098 125.574679 398.418122 165.529454 272.016544 371.033691 173.738309 125.299641 121.148669 113.251932 331.639865 79.711982 154.625354 39.623226 205.915031 233.925202 197.202941 276.586334 392.122430 197.306868 191.400104 301.400066 197.091349 237.002110 246.292509 382.593779 399.439607 166.433170 166.243797 144.848196 202.714084 246.400081 142.031687 239.250914 259.788375 31.144823 94.260278 268.776859 321.099673 124.963995 155.647037 160.561515 303.423796 233.657870 100.124922 168.133875 124.779806 163.856645 172.707846 162.815847 96.881371 300.672579 72.498276 283.668821 305.746627 158.902486 94.762862 290.079300 61.400326 214.009346 82.807005 293.751596 381.797067 198.927122 271.398231 237.699390 209.059800 241.447717 
206.000000 7.000000 3.000000 a 292.308057 321.288033 317.067816 244.920395 550.174518 218.680132 469.109795 456.207190 138.513537 150.296374 113.145923 307.065140 440.440688 135.694510 319.765539 164.514437 402.951610 430.743543 387.386112 423.689745 519.839398 330.219624 226.364750 467.800171 206.242576 305.026228 178.339564 562.360205 555.569078 274.220714 103.247276 111.830228 395.487042 415.270996 337.037090 253.298243 403.808123 202.832443 264.915081 420.708926 435.012643 305.000000 342.036548 302.947190 468.624583 401.423716 282.379178 31.400637 292.063349 328.660919 128.705089 322.704199 114.389685 288.916943 259.192978 285.567855 365.453143 317.472833 288.362619 369.411694 256.041012 320.220237 268.704298 395.834561 507.000986 333.054050 346.597750 170.105849 406.158836 429.047783 
261.000000 3.000000 4.000000 a 73.681748 34.828150 86.815897 105.702412 285.616876 174.751252 184.621234 298.904667 233.137299 241.400083 203.383874 31.304952 247.630774 169.516961 181.804840 158.417171 119.920807 141.283403 83.815273 171.470114 291.619615 118.473626 199.619638 184.878338 219.783985 202.356122 294.187015 264.015151 284.903492 127.663621 285.035086 220.782699 94.047860 130.249760 103.174609 242.365427 158.455041 102.215459 145.674294 161.074517 234.676373 13.928388 143.108351 86.821656 187.296556 118.532696 21.840330 278.195974 39.597980 60.207973 237.002110 65.734314 191.039263 303.726851 114.586212 282.081548 260.432333 65.145990 95.425364 233.529441 61.057350 155.080624 36.400549 219.535874 283.289604 118.330047 221.894119 287.862815 127.137721 125.239770 
181.000000 8.000000 3.000000 a 174.413302 201.121854 151.327460 331.001511 448.753830 394.366581 161.046577 524.317652 422.670084 287.062711 370.548242 204.120063 467.234417 329.188396 105.385008 267.329385 155.364089 168.011904 220.880058 373.503681 487.016427 350.435443 421.113999 348.053157 434.814903 436.606230 494.292424 362.006906 440.137479 360.584248 348.143649 394.464194 206.886442 311.194473 132.007576 467.726416 368.680078 266.692707 161.554944 359.961109 453.100430 248.211603 97.800818 321.435841 352.285396 307.761271 243.577503 393.448853 274.089401 287.433471 422.181241 296.057427 344.692617 530.577987 177.191986 510.236220 494.986869 297.060600 161.718892 466.854367 220.229426 389.549740 237.625756 447.263904 482.893363 349.704161 456.396757 486.037036 146.659470 246.953437 
221.000000 3.000000 4.000000 a 239.403425 195.724296 252.352927 128.949603 190.057886 152.751432 296.664794 132.698907 241.760212 366.890992 254.007874 197.040605 85.475143 244.705946 347.804543 278.677233 251.467692 257.421833 183.983695 74.545288 153.938299 50.009999 157.648343 141.014184 185.714835 93.770998 265.633206 247.202346 199.060292 92.913939 391.624820 256.164010 200.897984 117.388245 266.308092 169.546454 57.035077 216.316897 306.571362 81.055537 74.953319 152.345003 307.936682 87.022985 139.014388 109.658561 167.725967 351.778339 133.090195 107.703296 250.569352 100.578328 261.535848 210.059515 274.235300 188.002660 114.236597 101.138519 260.654944 79.630396 212.398211 47.801674 182.701943 53.488316 141.661569 49.162994 80.324343 264.367169 260.823695 186.386695 
188.000000 3.000000 3.000000 a 282.334908 239.175668 295.711008 161.830158 188.162164 170.205758 336.001488 89.822046 257.108926 401.669018 278.088116 240.333102 51.971146 274.116763 390.749280 314.331036 293.402454 297.934557 225.364150 96.135321 134.617978 91.782351 168.297356 163.487003 194.825563 92.086915 269.358497 265.699078 200.144947 122.122889 422.309128 276.826661 242.117740 151.726728 309.769269 167.764716 85.088190 253.337719 348.323126 107.018690 47.381431 195.494245 351.368752 127.882759 160.561515 146.348898 210.040472 376.575358 175.328264 151.158857 266.507036 143.892321 289.171230 196.147903 315.939868 175.846524 83.743656 144.249783 303.423796 48.373546 253.779432 72.124892 224.439301 10.198039 121.016528 91.443972 60.638272 269.616394 302.800264 223.814655 
168.000000 3.000000 3.000000 a 219.804459 249.303028 244.724335 186.010752 490.397798 176.570099 396.547601 415.866565 118.878089 105.209315 66.483081 235.034040 392.237173 70.092796 253.842471 93.021503 330.393705 358.231769 316.319459 363.902459 467.038542 272.200294 191.637679 403.193502 179.002793 265.135814 182.463695 494.535135 494.535135 220.410980 89.005618 80.894994 323.857994 349.548280 264.915081 229.019650 344.553334 131.518060 196.514630 359.546937 385.125953 235.467620 271.737005 241.580214 404.352569 335.840736 212.132034 44.721360 224.804359 262.731802 111.126055 257.775096 51.623638 277.187662 188.066478 268.262931 331.049845 252.723169 216.390850 328.641142 183.741666 269.252669 197.686621 348.673199 454.814248 274.803566 306.320094 173.072239 333.594065 358.719946 
121.000000 4.000000 3.000000 a 244.174118 199.582063 256.517056 136.473441 182.649938 160.430670 296.804650 128.390031 249.425340 374.040105 261.811001 201.375272 79.101201 252.356890 352.512411 285.748141 253.031619 258.118190 185.151289 69.065187 146.184815 56.142675 164.984848 136.235091 193.000000 99.639350 272.620616 242.033056 191.859323 100.687636 399.155358 263.964013 201.972770 115.381974 270.024073 175.855054 52.611786 223.221863 312.084924 76.531039 68.066144 156.952222 311.852529 93.263069 134.059688 108.452755 173.046237 359.562234 138.520757 111.628849 258.259559 105.019046 269.258240 215.002326 279.789206 193.126901 115.831775 105.905618 265.559786 80.622577 218.146740 55.443665 188.321534 50.119856 133.958949 55.009090 83.432608 271.471914 262.419511 185.647515 
266.000000 7.000000 4.000000 a 362.249914 326.718533 379.922360 215.668727 270.223981 187.216452 438.014840 83.186537 254.568262 443.091413 295.447119 324.819950 118.105885 306.058818 468.684329 362.215406 391.173874 398.493413 324.624398 200.124961 196.900990 178.044938 170.317351 266.390691 186.967912 103.247276 237.170825 364.878062 285.015789 176.459627 450.014444 285.497811 341.621135 256.095685 396.758113 140.630722 189.789357 309.127805 419.076365 211.539594 127.141653 279.946423 436.357651 206.828431 263.150147 249.947995 288.487435 389.272398 255.264569 241.456000 264.367169 232.200345 315.074594 132.007576 387.290589 120.507261 34.481879 230.867928 381.567818 62.225397 325.711529 138.571281 299.347624 98.488578 183.806964 179.136819 72.006944 241.058084 400.424774 327.244557 
214.000000 8.000000 1.000000 a 363.655056 310.716913 357.816992 345.000000 64.132675 389.307077 280.016071 261.919835 477.310172 548.032846 477.037734 322.418982 215.037206 456.010965 449.992222 463.389685 290.146515 270.822820 244.902021 170.000000 145.602198 262.773667 397.756207 123.166554 425.973004 332.701067 506.616226 82.280010 48.166378 322.074526 589.186728 484.905145 250.241883 177.991573 356.523492 409.518009 190.184121 402.355564 438.731125 170.038231 207.617437 299.252402 394.149718 286.447203 121.630588 191.175312 324.075608 568.862901 302.803567 263.774525 485.341117 268.069021 476.287728 442.054295 412.611197 421.715544 324.581269 273.075081 383.713435 292.181450 367.589445 287.346481 341.621135 246.109732 155.540991 259.699827 306.543635 505.146513 296.920865 202.743681 
252.000000 3.000000 5.000000 a 75.663730 110.385687 101.079177 129.031004 388.711976 175.840837 252.414342 371.303111 191.062817 136.014705 140.132081 96.260064 329.279517 98.762341 139.387948 55.946403 186.550261 214.758003 180.800996 268.960964 386.264158 194.139125 202.272094 289.830985 210.154705 242.260191 263.096940 367.828765 388.988432 169.056204 181.320159 163.526756 185.399569 234.931905 122.036880 250.281841 253.001976 38.600518 80.280757 260.386252 318.158765 113.207774 136.623570 157.035028 292.071909 222.611770 88.684835 187.480666 117.004273 155.077400 190.546582 155.270731 116.558998 312.416389 54.918121 294.598031 310.227336 151.822265 74.966659 292.482478 45.276926 214.755675 70.830784 293.001706 376.415993 195.478899 274.767174 254.678228 189.488786 225.514966 
146.000000 4.000000 5.000000 a 134.807270 137.058382 108.189648 276.349417 357.022408 344.383507 74.946648 443.190704 389.852536 304.217028 346.082360 145.361618 384.240810 305.499591 134.629120 257.437371 67.119297 76.059187 135.532284 287.562167 397.834136 277.477927 370.072966 257.328584 388.274388 371.496972 457.300776 271.488490 348.206835 298.804284 363.600055 368.148068 119.920807 223.787846 86.469648 413.841757 284.903492 234.968083 164.769536 273.775455 369.898635 183.215720 85.615419 253.621766 261.629509 221.963961 186.593140 391.393664 210.641876 214.310522 391.453701 224.153965 324.484206 475.398780 162.996932 453.753237 423.925701 226.313941 134.000000 393.204781 180.205438 319.612265 186.850207 368.610906 394.442645 276.210065 385.560631 449.992222 57.775427 156.310588 
196.000000 3.000000 1.000000 a 19.646883 58.412327 46.324939 140.868733 351.946019 202.180612 194.550765 363.011019 236.541751 184.718705 191.770696 46.141088 314.162378 151.476071 119.230868 113.088461 128.576825 156.850247 128.724512 240.027082 360.212437 181.408379 228.973798 249.200722 242.738542 251.588950 305.825113 318.064459 350.201371 174.771279 235.478237 213.775583 130.873985 195.724296 68.410526 275.902157 226.973567 80.603970 77.162167 229.455878 301.599072 81.098705 94.493386 146.030819 252.009920 185.000000 63.150614 245.446532 97.862148 128.062485 237.640485 132.136293 171.046777 338.828865 46.097722 318.912214 315.356941 130.464555 32.449961 292.022259 28.017851 212.313448 50.159745 283.388426 351.846557 181.837840 277.596830 298.077171 131.594073 174.000000 
178.000000 9.000000 5.000000 a 332.415403 278.729259 332.222817 284.313208 21.260292 320.975077 289.841336 184.610401 409.890229 503.611954 415.838911 288.133650 136.014705 399.260567 429.644039 416.227101 281.400071 268.990706 222.899080 105.475116 74.060786 198.758648 326.724655 89.089842 354.739341 257.769277 433.802951 127.800626 31.575307 256.329866 539.232788 421.172174 233.105126 138.050715 335.764799 334.628152 125.159898 353.192582 408.240125 110.435502 128.763349 256.478069 376.724037 227.782791 85.211502 148.327341 280.446073 510.914866 253.663162 214.462118 418.417256 216.134218 418.474611 364.347362 379.158278 344.431416 245.837345 220.510771 353.899703 213.964950 326.840940 216.667949 298.332030 168.121980 80.956779 195.900485 229.264040 432.961892 289.691215 189.319835 
266.000000 4.000000 4.000000 a 402.880876 369.606548 421.612381 252.001984 309.316990 214.112120 484.005165 113.745330 269.979629 470.455099 317.056777 366.957763 159.840546 332.640948 508.044289 393.021628 436.285457 444.212787 370.174283 246.008130 232.422030 222.319590 193.313217 311.785182 204.550727 138.397977 240.033331 408.717506 324.746055 214.662526 472.178991 304.113466 387.191167 302.418584 439.113880 154.935470 236.038133 343.444319 456.553392 257.614052 170.261563 322.471704 477.972803 249.238841 308.444484 296.243143 329.461682 406.601771 297.042085 285.602871 279.485241 276.052531 339.249171 126.269553 425.229350 122.702893 75.927597 274.404810 421.549523 107.935166 364.485939 181.207064 339.271278 144.450684 220.111335 223.606798 114.477072 245.489307 445.486251 373.503681 
128.000000 2.000000 4.000000 a 429.316899 403.936876 450.960087 272.523393 383.046995 218.357505 532.350448 189.889442 249.329100 464.314549 304.685083 398.810732 231.216349 328.892080 529.060488 395.770135 479.004175 490.637341 416.303975 308.240166 307.883095 265.996241 192.753729 375.736610 193.227845 167.600716 201.206362 476.640326 398.005025 241.834654 456.097577 287.041809 433.221652 358.860697 470.379634 145.619367 295.381110 355.373043 473.295891 318.454078 240.010416 356.662305 506.211418 285.524080 372.786802 350.753475 358.660006 383.521838 329.620994 326.602205 257.751819 316.204048 330.650873 90.796476 443.765704 101.843016 128.736164 313.461321 445.730860 164.468842 386.618675 221.882852 365.202683 207.927872 295.237193 267.977611 161.483745 208.693555 487.829888 426.254619 
242.000000 2.000000 1.000000 a 129.201393 80.156098 120.768373 185.388781 232.690782 253.160028 112.058021 307.876599 321.753011 322.518217 295.893562 94.021274 248.195487 262.488095 214.161154 245.772252 69.462220 71.449283 9.433981 151.003311 263.594385 154.350251 274.961816 128.249756 298.826036 254.950976 377.828003 180.543624 227.107904 192.442199 371.436401 312.430792 16.763055 87.641314 120.070812 311.584659 148.862353 194.164878 202.556165 137.233378 233.805475 94.540996 159.812390 141.682744 132.136293 85.428333 114.791115 370.390335 116.017240 97.718985 326.475114 108.466585 284.007042 368.610906 178.600112 345.950864 297.981543 112.641023 147.871566 264.915081 145.340978 198.600101 128.035151 235.592869 259.277843 152.322027 260.800690 372.388238 78.790862 36.235342 
131.000000 1.000000 4.000000 a 170.011764 120.507261 178.213355 118.532696 196.367003 174.347354 216.009259 210.297408 256.908544 327.885651 249.339126 125.143917 154.402073 227.228959 276.524863 240.276924 169.144908 175.727061 101.823376 75.000000 194.486503 53.600373 190.591186 107.074740 217.559187 154.651220 299.954997 207.280004 198.657998 105.929222 363.637182 259.140888 118.802357 57.567352 189.446562 219.317122 61.131007 177.248413 242.997942 66.211781 140.684043 85.000000 231.864184 60.008333 107.800742 44.147480 107.004673 340.073521 77.826731 39.217343 263.873076 40.224371 247.517676 271.648670 211.728600 248.847343 193.659495 44.821870 192.002604 160.639348 154.275727 97.144223 124.619421 133.988806 185.973116 50.960769 156.722685 296.249895 178.507703 110.136279 
268.000000 1.000000 2.000000 a 314.340580 319.330550 340.931078 192.841904 469.248335 131.897688 474.200380 336.715013 58.240879 260.432333 111.606451 307.429667 335.931541 151.792622 383.510104 220.410980 408.142132 431.149626 369.001355 349.498212 421.674045 259.655541 121.708669 407.653039 93.648278 195.389355 31.000000 512.247011 478.373285 200.860648 236.072023 87.200917 382.130868 363.323547 363.064733 125.099960 329.479893 214.888343 322.778562 351.160932 334.368061 284.212948 384.334490 246.910915 407.103181 349.984285 269.673877 157.695910 261.030650 286.272597 57.697487 276.904316 140.089257 145.041373 302.768889 146.154028 241.400083 271.670757 320.881598 255.274362 268.001866 232.131428 264.037876 291.926361 407.946075 262.817427 233.383804 23.537205 414.290961 401.442399 
176.000000 9.000000 1.000000 a 267.067407 289.663598 293.000000 200.601595 504.706846 170.293864 441.616349 407.453065 90.249654 159.812390 68.796802 275.757140 392.195105 99.689518 310.220889 146.321564 374.711889 401.508406 352.682577 378.549865 472.271109 284.763059 177.611937 425.179962 157.800507 256.300605 137.767921 522.189621 510.654482 227.692775 128.549601 63.600314 362.144999 373.696401 314.078016 205.448290 358.510809 171.143215 251.803495 376.224667 387.020671 268.268522 324.718339 259.237343 425.772240 359.805503 247.032387 50.009999 252.764713 287.793329 80.523289 281.092511 78.447435 244.008197 240.416306 239.207023 316.835920 275.771645 266.480769 320.677408 226.614210 272.719636 235.017021 347.519784 459.322327 287.673426 297.860706 128.860390 378.811299 392.674165 
251.000000 1.000000 2.000000 a 64.629715 115.277925 60.440053 213.300258 409.649850 270.414497 194.435079 436.378276 290.738714 173.297432 237.800336 109.114619 385.939114 196.473917 44.777226 135.712932 140.801278 169.011834 173.104015 306.163355 426.469225 254.907826 297.257464 304.883584 307.884719 325.382851 362.943522 357.404533 405.763478 248.708665 232.862620 261.772802 168.157664 254.827393 63.600314 344.971013 295.083039 136.652845 33.955854 294.491086 372.973189 151.907867 45.891176 220.127236 308.262875 246.089415 136.970800 266.152212 171.563399 198.456544 289.882735 203.855341 211.966979 407.774447 44.944410 388.741559 389.724261 202.785601 43.174066 366.456000 99.126182 286.754250 124.615408 356.788453 419.076365 255.154855 352.035510 354.492595 138.657852 215.613079 
281.000000 7.000000 2.000000 a 278.037767 226.108381 270.564225 281.348538 106.230881 335.261092 195.604192 267.944024 419.672491 466.840444 410.805307 238.600084 209.697401 385.292097 361.498271 384.668689 201.427406 182.792232 158.028478 128.140548 172.626765 207.870152 348.542680 61.204575 376.415993 295.381110 458.889965 45.541190 93.680307 266.300582 511.242604 421.730957 162.163498 106.004717 268.330021 369.395452 145.086181 325.960120 352.285396 121.148669 197.800404 220.780434 305.499591 222.970850 63.007936 119.883277 245.448569 497.892559 229.019650 191.971352 426.769258 198.456544 406.322532 412.004854 327.340801 390.020512 305.805494 203.789107 297.435707 270.440382 286.262118 242.123935 262.337569 225.942471 176.241312 204.714435 278.949816 456.001096 208.312266 114.634201 
144.000000 1.000000 4.000000 a 132.638607 153.769308 159.138305 105.019046 399.606056 129.653384 305.380091 350.525320 130.172962 134.974072 79.075913 139.713994 316.892726 38.209946 198.002525 50.635956 238.421895 265.188612 219.155196 274.302752 384.346198 187.040103 154.155765 308.298557 156.706732 208.614477 202.765875 397.336130 402.464905 145.168867 160.701587 102.142058 227.378539 253.970471 180.878412 201.258540 255.890602 34.928498 137.437258 268.426899 307.709278 137.905765 198.040400 152.689227 309.741828 240.453738 114.529472 142.298981 128.763349 167.597733 129.251692 163.783394 58.137767 261.369470 115.836091 245.523930 277.872273 159.022011 135.594985 266.270539 90.354856 194.941017 100.463924 276.159374 373.048254 189.214164 246.002033 194.146852 242.668498 261.176186 
193.000000 4.000000 4.000000 a 312.968049 265.858985 323.445513 205.234013 150.920509 217.200368 343.582596 69.354164 304.041116 444.346711 324.649041 269.135654 8.544004 319.339944 420.862210 356.328500 308.779857 308.974109 240.235301 92.021737 88.814413 127.475488 215.002326 151.267974 241.207380 137.644470 314.101894 244.364482 164.778639 166.769302 467.209803 323.760714 256.134730 156.028843 335.304339 211.624668 90.917545 294.187015 382.472221 105.645634 6.403124 225.743217 377.669167 164.596476 147.492373 154.777259 243.296116 423.108733 209.059800 179.201004 313.464512 173.933895 334.977611 233.383804 350.279888 214.671843 112.787411 175.482193 334.646082 83.006024 289.001730 117.200683 259.030886 41.109610 75.000000 126.253713 101.710373 314.803113 318.198052 229.732453 
203.000000 1.000000 4.000000 a 113.846388 122.200655 140.217688 71.028163 358.637700 114.402797 277.007220 317.354691 142.874070 171.452617 104.809351 109.004587 280.280217 70.384657 199.060292 83.198558 210.059515 235.212670 183.142021 233.623629 345.079701 148.060798 141.031911 267.301328 150.894003 182.148291 211.404825 357.505245 361.386220 112.017856 201.357890 124.004032 192.854868 213.103261 162.336071 189.010582 215.448370 24.041631 141.481448 227.501648 270.431137 99.317672 187.301895 112.729765 268.704298 199.529446 77.491935 181.397354 87.965902 126.574089 144.734239 122.674366 91.923882 251.467692 113.278418 233.212350 250.832614 117.923704 123.174673 235.478237 67.067131 160.449369 66.370174 241.002075 334.073345 150.053324 216.566387 203.708125 215.392665 223.617978 
289.000000 2.000000 2.000000 a 182.789496 143.031465 197.797877 77.987178 227.692775 123.016259 263.453981 190.065778 208.849228 310.220889 209.423017 142.270868 144.346805 194.023194 291.084180 221.686716 210.109495 221.350401 147.146186 101.237345 206.322563 9.219544 137.320792 153.013071 164.754363 103.310212 247.315588 257.419890 233.308808 54.083269 338.236604 215.800834 163.981706 109.772492 213.490047 165.215011 81.320354 158.660014 248.072570 99.297533 133.221620 97.082439 254.049208 28.017851 152.712148 97.185390 109.881755 304.699852 75.186435 57.982756 216.529444 48.270074 212.558227 218.579505 215.696546 195.788151 151.855194 46.872167 203.570627 122.967475 153.639188 47.634021 124.169239 110.476242 195.166596 11.180340 113.357840 244.049175 219.100434 162.782063 
233.000000 9.000000 1.000000 a 67.230945 44.384682 51.224994 183.809684 303.815734 252.517326 114.280357 358.933141 304.647337 262.840256 267.016853 55.108983 302.443383 228.632894 142.414887 195.358645 47.265209 74.726167 65.115282 211.624668 329.279517 186.400107 277.742687 198.979898 297.112773 278.217541 369.167983 248.268000 298.718931 205.204776 316.291005 287.210724 58.600341 153.081678 48.270074 320.755358 204.804785 156.540730 134.014925 198.595065 288.444102 89.627005 89.089842 160.527256 202.674616 146.986394 94.921020 327.331636 117.068356 123.004065 307.358097 132.280006 249.256896 382.027486 114.214710 360.284610 332.385319 133.958949 81.344945 302.834939 100.841460 227.378539 98.478424 281.824413 323.607787 185.421142 293.846899 362.353419 52.086467 106.103723 
292.000000 4.000000 4.000000 a 439.683977 409.785310 459.802131 285.047364 358.019553 238.136515 529.801850 161.000000 280.114262 490.486493 332.661991 406.055415 209.461214 353.407697 542.623258 417.771469 480.020833 489.295412 414.981927 295.061011 280.001786 265.505179 214.282524 361.204928 219.494875 173.807365 237.892833 458.446289 373.642878 250.521456 486.261247 316.764897 432.009259 350.274178 478.204977 169.852878 284.445074 372.839107 488.894672 306.414752 219.986363 362.382395 515.830398 289.587638 357.912000 343.547668 367.200218 416.043267 336.108613 328.146309 289.027680 318.201194 357.246414 123.794184 458.350303 129.247824 120.208153 316.096504 457.371840 154.547727 399.100238 222.739758 375.558251 193.424404 268.067156 267.074896 157.492857 244.806046 489.102239 420.480677 
124.000000 1.000000 3.000000 a 368.902426 336.715013 388.027061 217.313138 298.605090 180.005555 455.000000 111.892806 239.493215 436.570727 284.508348 333.640525 146.030819 298.810977 473.667605 358.508019 405.444201 414.493667 340.195532 223.271136 225.942471 190.965966 160.000000 290.413498 172.965314 103.788246 215.448370 390.691694 313.193231 180.294204 439.655547 272.523393 357.224019 276.421779 405.838638 124.197423 211.404825 308.661627 421.892166 233.985042 154.262763 289.430475 444.315203 216.300717 287.360401 269.284236 295.677189 375.666075 263.651285 253.875954 249.146543 244.075808 306.006536 106.103723 390.632820 97.416631 45.486262 242.165233 387.362879 80.498447 330.054541 148.734663 305.131119 122.262014 212.793327 192.462983 82.807005 220.065899 414.560008 345.984104 
135.000000 8.000000 3.000000 a 136.751600 100.662803 119.670381 225.754291 260.155723 294.598031 65.368188 352.695336 358.068429 332.469547 326.840940 114.725760 292.330293 290.644112 199.461776 263.518500 36.400549 25.000000 51.000000 193.494186 300.566132 201.101964 317.505905 159.655880 340.277828 301.293876 417.506886 185.714835 252.071418 236.660094 385.700661 345.220220 34.539832 128.891427 110.421918 355.844067 193.437328 219.494875 201.586210 179.602339 277.908258 130.552671 142.695480 186.461792 163.957312 129.274901 146.167712 393.732142 155.364089 142.762040 362.005525 153.521985 311.849323 413.879209 183.662734 391.315729 344.988406 157.308614 150.572242 311.849323 165.704556 245.283509 155.708060 281.783605 297.598723 199.138143 307.800260 411.578668 43.289722 58.694122 
254.000000 9.000000 1.000000 a 112.147225 144.474911 137.364479 131.061054 411.811850 164.158460 288.882329 377.584428 163.807814 112.924754 108.687626 130.176803 340.266072 67.601775 164.210231 24.698178 222.892351 250.960156 213.908859 288.901367 403.093041 207.002415 189.214164 315.939868 192.481168 239.870799 236.812162 398.610085 413.265048 172.046505 150.628683 132.834483 219.647445 260.969347 158.028478 236.603043 271.621060 39.217343 103.464970 281.575922 330.171168 140.071410 169.546454 170.762994 317.845875 248.032256 115.277925 151.119158 137.905765 177.248413 161.987654 175.513532 82.861330 297.038718 85.440037 280.941275 309.006472 171.353436 110.163515 295.137256 78.294317 220.735135 98.351411 301.280600 392.460189 208.806130 275.726314 228.002193 225.942471 257.978681 
127.000000 8.000000 1.000000 a 151.211772 108.226614 164.210231 82.855296 231.008658 142.506140 229.008733 221.020361 222.335332 295.296461 213.009389 108.784190 170.660482 191.002618 259.563094 207.060378 174.289988 186.432293 112.698713 106.470653 222.252109 41.880783 161.152102 143.450340 187.042776 137.905765 268.745233 242.392244 234.068366 76.419893 328.951364 223.188261 129.294238 92.612094 178.899413 194.517351 89.319651 143.589693 220.111335 99.864909 158.154987 64.031242 220.077259 26.076810 144.201248 78.790862 81.000000 303.784463 47.518417 21.931712 228.980349 12.529964 211.191856 250.710989 188.010638 228.035085 187.864313 13.038405 172.626765 158.372977 127.475488 83.546394 97.329338 141.682744 212.492353 41.182521 149.402142 264.486295 183.221178 133.090195 
223.000000 8.000000 4.000000 a 120.904921 134.357731 94.540996 270.857896 377.064981 337.397392 103.469802 452.133830 376.977453 278.842249 330.393705 140.089257 394.464194 289.290511 106.018866 237.075937 82.389320 98.478424 147.410990 300.101649 413.619390 281.007117 363.633057 275.327078 380.171014 371.237121 446.077348 296.710296 369.086711 296.649625 338.824438 353.140199 133.416641 237.697286 72.498276 408.727293 295.629836 220.492630 140.035710 286.527486 380.265697 181.727818 60.207973 254.206609 279.508497 234.335230 181.207064 370.194543 208.655218 217.623528 377.921950 226.812698 307.429667 471.004246 142.031687 449.845529 426.823148 228.326521 115.918075 397.458174 167.693172 321.628668 178.717654 375.825757 409.414216 280.044639 388.252495 438.426733 74.060786 174.413302 
243.000000 2.000000 4.000000 a 277.483333 223.761033 277.115499 239.576710 73.164199 283.555991 242.538657 193.871091 371.361010 451.388968 371.710909 233.379519 135.384637 352.139177 374.626481 364.716328 228.484135 218.048160 168.240899 64.621978 108.240473 156.773722 292.851498 35.693137 321.080987 231.417372 402.402783 115.316955 73.239334 216.092573 489.004090 379.084423 179.044687 83.168504 280.829130 307.546744 84.581322 302.248242 353.345440 64.070274 123.648696 203.066492 321.972048 181.372545 31.400637 94.021274 227.378539 464.690219 202.272094 162.864975 379.357351 165.701539 372.034945 345.137654 324.499615 323.790055 234.232790 170.417135 298.904667 199.424171 273.250801 182.833257 245.252931 153.941547 108.466585 153.701008 210.116634 400.555864 237.035862 136.780847 
204.000000 3.000000 1.000000 a 110.344914 100.169856 134.014925 47.434165 318.056599 110.675200 254.283307 285.175385 163.076669 209.859477 136.623570 89.537702 244.376758 107.615055 210.261742 121.264174 188.663722 211.149236 151.604749 193.279590 306.066986 110.113578 137.058382 227.114509 153.844077 160.153052 225.088871 319.175500 320.781857 84.433406 241.859463 152.190670 163.370744 173.233946 155.080624 183.095603 175.353928 57.870545 158.240324 186.954540 233.803336 65.764732 187.395304 73.681748 228.422853 159.552499 49.819675 220.204450 48.877398 86.452299 167.047897 82.134037 128.798292 245.904453 126.716218 225.621364 226.433213 77.336925 125.876924 206.903359 66.850580 128.658463 48.020829 207.086938 295.381110 111.825757 189.973682 218.476543 195.256242 189.171880 
244.000000 3.000000 5.000000 a 159.655880 115.550855 172.029067 88.588938 222.607278 145.523194 231.572883 212.924869 227.094694 304.310696 219.718001 116.760439 161.895028 198.698264 267.917898 216.011574 178.549713 189.446562 115.247560 97.616597 213.046943 36.069378 163.012269 136.751600 189.446562 135.118467 271.552941 237.143417 225.966812 78.006410 337.535183 229.224781 132.075736 87.315520 186.214930 194.550765 80.230917 152.502459 229.054579 91.400219 149.271565 72.367120 227.668619 30.083218 137.306227 73.681748 90.022219 311.332620 56.718604 27.784888 233.985042 20.396078 218.689277 249.513527 197.000000 226.761990 182.521232 22.022716 181.176709 152.200526 136.619911 79.404030 106.470653 133.794619 203.273215 34.828150 144.249783 267.570551 187.608635 132.574507 
263.000000 4.000000 1.000000 a 324.616697 271.016605 321.309819 295.949320 38.470768 339.271278 262.427133 222.524156 427.375713 504.223165 428.077096 281.824413 170.950285 408.074748 416.454079 418.417256 261.690657 246.073160 209.093281 119.954158 113.441615 213.009389 347.679450 78.771822 375.898923 283.240181 456.632237 88.729927 26.172505 272.207641 543.485050 435.469861 216.910120 133.454112 322.332127 359.961109 140.160622 356.545930 400.359838 120.432554 162.111073 255.180328 361.835598 237.648901 76.321688 145.907505 279.846386 520.755221 256.602806 217.278623 435.459527 220.839308 428.108631 393.909888 372.839107 373.246567 278.179798 225.701130 345.411349 244.902021 324.649041 237.286746 297.607124 198.728458 120.307938 209.954757 258.275047 455.108778 269.364066 170.557908 
228.000000 1.000000 5.000000 a 293.640937 322.869943 318.341012 247.008097 552.287063 220.907220 470.485919 458.443017 140.730238 150.266430 115.277925 308.638948 442.661270 137.557261 320.413795 165.680415 404.372353 432.200185 389.077113 425.793377 522.034482 332.340187 228.600087 469.802086 208.463426 307.262103 180.277564 564.257034 557.659394 276.383791 102.532922 114.057003 397.120888 417.234946 338.255820 255.493640 405.918711 204.474937 265.753645 422.787181 437.224199 306.789830 343.013119 305.004918 470.635740 403.390630 284.121453 32.140317 293.955779 330.607017 130.919823 324.679842 116.284135 290.991409 260.276776 287.701234 367.680568 319.452657 289.558284 371.647683 257.561643 322.415881 270.386760 398.057785 509.200353 335.171598 348.833771 172.072659 407.541409 430.800418 
165.000000 9.000000 5.000000 a 310.831144 277.852479 329.508725 161.969133 267.761088 135.340312 397.819054 111.251966 208.906678 390.001282 245.246814 274.934538 118.186294 253.505424 416.396446 308.462315 347.047547 356.808072 282.418130 175.251248 204.824315 132.548104 121.115647 243.148103 141.322327 49.365980 202.950733 347.051869 280.643902 123.308556 398.848342 237.170825 299.429457 223.020178 347.116695 100.657836 160.801119 255.219513 365.874295 184.390889 121.457812 230.601388 385.861374 157.432525 240.559764 214.767316 237.356272 340.931078 204.980487 195.166596 218.753286 185.283566 263.471061 115.520561 334.252898 96.772930 20.000000 183.305756 329.655881 35.171011 273.029302 89.872131 247.358040 81.049368 190.960729 134.182711 25.495098 205.182845 356.113746 290.423828 
130.000000 8.000000 1.000000 a 223.134489 185.162091 205.000000 297.006734 232.690782 363.496905 77.129761 371.397361 434.493959 418.561823 408.162958 199.449242 309.995161 373.630834 275.414233 349.731325 115.364639 87.000000 121.494856 211.815958 293.165482 252.768669 383.885400 154.311374 408.892406 353.638233 489.123706 126.015872 220.095434 299.549662 472.140869 425.141153 111.126055 153.847327 193.258894 417.167832 219.863594 303.578655 285.511821 199.160739 296.150300 207.330654 219.271521 248.696602 158.619040 161.771444 226.585525 478.949893 228.560714 205.623442 439.310824 215.928229 395.049364 470.814188 269.462428 448.011161 385.051945 220.735135 236.224470 349.777072 251.077677 296.070937 238.321212 311.852529 294.232901 250.139961 351.005698 484.009297 117.456375 90.094395 
293.000000 1.000000 2.000000 a 268.167858 214.410821 267.151642 236.008474 82.280010 282.306571 230.846269 202.891597 369.529430 444.149750 368.021738 224.368001 143.561833 347.351407 364.329521 357.928764 217.117480 206.421898 157.537297 65.306967 119.854078 154.767568 292.617498 24.186773 320.814588 233.488758 402.558070 109.658561 80.529498 214.245187 482.744239 376.090415 168.000000 74.323617 270.407100 309.079278 84.480767 295.832723 344.061041 62.241465 131.308796 195.358645 311.353497 177.428859 20.024984 85.959293 219.863594 460.108683 195.849432 156.486421 377.344670 159.962496 367.484694 348.414982 315.545559 326.810343 239.570449 164.830216 289.456387 204.413796 265.294176 183.240279 237.697286 159.477271 119.816526 151.647618 214.037380 400.442256 225.621364 125.299641 
215.000000 9.000000 2.000000 a 387.752498 365.034245 410.121933 230.672929 373.363094 173.738309 498.658200 190.276115 204.083316 418.445934 258.909251 359.089125 220.635446 283.063597 485.800371 350.201371 442.928888 456.219246 382.298313 286.099633 303.204551 233.025750 147.732867 353.990113 147.363496 132.003788 159.878079 457.839492 387.284133 202.566039 410.813826 241.549167 399.021303 331.508673 430.034882 100.179838 271.228686 311.006431 429.343685 294.984745 227.068272 318.127333 464.806411 248.783038 351.432782 322.243697 318.399121 339.072264 290.800619 291.207830 212.680512 280.588667 284.782373 46.010868 400.251171 56.080300 110.163515 277.411247 403.491016 144.086779 344.170016 188.788241 323.904307 190.002632 289.830985 235.306184 135.329228 166.721324 451.536267 395.770135 
129.000000 3.000000 5.000000 a 395.698117 363.732044 414.956624 243.402958 315.006349 203.214173 481.245260 121.597697 257.256681 459.186237 305.000000 360.624458 163.990853 321.375170 500.176969 382.562413 432.209440 440.959182 366.721966 246.617112 239.415956 217.793480 181.796590 313.129366 192.210822 130.176803 226.636272 411.643049 330.151480 206.891276 460.053258 291.686476 383.751221 301.405043 432.824445 142.425419 235.681989 333.985030 447.983259 257.800310 173.611636 316.442728 471.221816 243.318721 309.919344 294.679487 322.560072 393.935274 290.630349 280.793518 266.720828 271.029519 327.551523 112.871608 416.864486 109.416635 71.700767 269.150516 414.038646 105.688221 356.530504 175.727061 331.850870 145.031031 226.797266 219.244156 109.603832 232.122812 441.345670 371.651719 
260.000000 1.000000 2.000000 a 341.695771 303.041251 357.798826 202.311641 236.685445 185.064853 407.774447 60.207973 260.756591 436.716155 295.746513 302.319368 84.023806 301.663720 449.321711 353.050988 363.254732 369.112449 295.844554 166.364059 165.520391 153.182897 172.525360 232.122812 193.204555 96.690227 252.794383 330.171168 251.199124 161.644672 448.325774 288.516897 312.745903 223.897298 373.590685 151.604749 157.000000 296.730517 402.218846 178.134780 92.541882 257.147817 414.121963 185.010810 228.816520 218.487986 267.958952 392.135181 233.856794 216.134218 270.601183 207.523493 312.808248 155.913438 370.049997 140.801278 35.383612 206.787330 361.780320 38.327536 307.845741 117.953381 280.189222 65.000000 152.085502 153.834326 57.008771 255.562126 372.592270 295.949320 
221.000000 3.000000 4.000000 a 355.879193 304.105245 361.001385 273.905093 83.677954 295.237193 345.800521 115.156415 383.275358 507.961613 399.664860 310.710476 80.062476 390.216607 460.004348 419.362612 325.969324 318.788331 260.909946 113.159180 8.062258 189.274932 295.108455 138.191896 321.822933 218.826415 395.607128 201.079586 100.284595 238.799079 536.210779 400.769260 274.204303 170.317351 368.657022 293.165482 126.115027 355.928364 429.802280 125.004000 79.812280 271.957717 411.024330 224.510579 133.719856 175.729906 293.393933 497.618328 261.696389 225.574821 392.521337 223.660457 407.358564 312.712328 398.674052 294.877941 190.436341 226.770809 377.895488 163.710110 340.653783 191.637679 310.663805 122.413235 8.000000 187.128298 183.172050 396.214588 334.964177 236.541751 
Type de surveillance de chaque endroit(target):tab[nombre de target]
a a a a a a a a a a a a a a a a a a a a a a a a a a a a a a a a a a a a a a a a a a a a a a a a a a a a a a a a a a a a a a a a a a a a a a 