Nombre des capteurs:
20
Nombre des targets:
100
Nombre de type de surveillance:
1

Caracteristiques:
147.000000 4.000000 3.000000 a 301.400066 307.717403 454.798857 210.924157 261.030650 523.346921 398.503450 417.105502 239.301066 367.869542 512.659731 355.195721 309.724071 456.211574 270.024073 232.432786 228.354987 208.504197 407.835751 361.535614 279.401145 375.532955 200.039996 329.028874 456.694646 199.090432 324.887673 462.550538 113.600176 400.026249 452.823365 157.622968 380.663894 267.217140 339.838197 386.358642 132.230859 378.651555 501.042912 483.712725 425.131744 484.430594 533.251348 376.616516 244.182309 296.710296 428.889263 428.160017 171.732350 136.312142 94.021274 452.382581 228.982532 444.707769 291.907520 382.844616 538.815367 299.252402 354.682957 522.598316 549.753581 225.610283 417.258912 330.552568 568.684447 571.342279 239.827021 528.985822 411.491191 531.896606 108.664622 351.870715 474.236228 209.773688 150.416090 249.040157 273.514168 236.033896 333.588069 498.092361 375.708664 248.453215 405.838638 274.116763 496.847059 390.417725 116.077560 297.605443 501.662237 473.972573 349.692722 355.844067 227.793766 286.174772 484.235480 354.498237 176.255496 339.754323 351.461235 488.439351 
173.000000 4.000000 2.000000 a 160.377679 185.270073 331.639865 105.004762 187.627290 382.341470 265.650146 296.421996 178.997207 224.474943 369.855377 211.766381 199.449242 313.292196 151.082759 123.693169 137.742513 164.015243 266.257394 246.018292 172.191754 286.006993 143.627992 191.313878 342.118401 145.835524 236.247751 322.074526 134.238594 285.015789 311.852529 128.809938 273.239821 152.839785 212.077816 247.309523 89.196412 238.549785 360.661892 340.177895 330.711355 340.898812 391.931116 250.545405 160.654910 186.424247 297.026935 310.522141 85.702975 130.000000 59.135438 328.306259 130.545011 301.728355 149.013422 258.984556 395.273323 243.600082 281.753438 382.099463 406.361908 105.475116 284.622557 196.061215 425.747578 427.800187 100.319490 386.068647 278.280434 388.387693 114.214710 209.480309 342.614944 161.443489 76.026311 106.508216 219.592805 170.238069 191.384430 354.701283 252.039679 170.815690 265.137700 134.658828 358.675341 258.520792 147.122398 156.780101 358.898314 330.492057 207.002415 217.375252 149.495819 143.055933 341.621135 235.172277 109.713263 203.769478 208.806130 346.459233 
190.000000 3.000000 2.000000 a 144.996552 202.484567 189.620674 259.855729 301.517827 125.323581 124.919974 189.179809 321.628668 66.528190 94.201911 81.987804 236.002119 50.328918 212.924869 246.789384 284.344861 350.827593 52.952809 220.077259 246.829901 287.758579 332.701067 138.917242 230.217289 327.482824 277.218326 72.006944 390.518886 209.153054 61.587336 351.512446 232.862620 223.215143 176.283862 103.368274 336.471396 97.514102 97.867257 51.884487 291.926361 52.773099 130.003846 160.853971 294.762616 223.635865 133.146536 205.827598 300.975082 377.005305 344.072667 184.010869 272.405947 44.102154 143.178211 189.113722 104.995238 345.418587 325.591769 129.988461 115.745410 234.797785 126.589889 139.445330 137.200583 137.440896 202.566039 98.386991 122.576507 99.859902 374.157721 95.210294 171.493440 335.524962 310.394910 188.215302 340.599472 323.595426 111.789982 64.202804 171.268795 293.293368 63.788714 173.072239 134.331679 131.041978 402.681015 142.888068 73.681748 45.607017 87.664132 106.212052 303.169919 150.658554 59.682493 206.167408 312.160215 141.226768 93.300589 87.298339 
156.000000 5.000000 4.000000 a 248.654379 265.633206 309.633655 396.550123 443.785984 27.802878 261.503346 319.756157 463.242917 199.612124 49.040799 201.357890 287.141080 99.929975 353.824815 385.572302 360.406715 422.962173 194.023194 247.000000 310.077410 425.828604 409.815812 222.991031 352.012784 466.615473 419.004773 182.280004 522.220260 343.284139 179.293056 487.247370 369.997297 364.387157 230.531993 165.517371 467.600257 171.825493 176.298043 96.628153 423.494982 95.634722 16.970563 299.808272 362.220927 366.191207 260.762344 333.997006 395.288502 467.634473 465.988197 304.540638 351.391520 111.328343 271.935654 210.487529 82.879430 487.923150 465.842248 31.780497 101.980390 370.946088 258.131749 281.712620 127.314571 87.206651 310.203159 123.405835 255.988281 71.028163 504.528493 199.288735 126.668860 475.615391 441.780488 302.049665 483.140766 389.549740 217.204972 109.786156 310.009677 435.049422 204.009804 276.016304 69.641941 268.985130 534.887839 277.650860 131.946959 98.005102 224.178500 248.696602 375.373148 266.340008 140.730238 240.607564 448.201963 214.979069 200.324736 62.609903 
186.000000 6.000000 3.000000 a 282.294173 359.802724 181.664526 144.474911 67.119297 426.675521 184.837767 147.597425 89.805345 259.044398 394.000000 273.853976 391.153423 349.561153 123.227432 128.968989 366.259471 409.216324 249.050196 417.137867 375.554257 51.078371 387.587409 316.840654 159.831161 129.139460 24.331050 272.442655 221.325552 119.954158 270.542048 171.572142 88.323270 114.109596 364.968492 343.198193 197.820626 330.552568 299.446155 347.116695 100.881118 348.116360 431.227318 145.382255 389.185046 89.470666 197.408207 145.907505 328.955924 377.577807 250.263861 182.849665 354.830946 340.242561 221.652882 408.541308 384.668689 54.405882 34.058773 431.115994 382.231605 152.800524 194.054116 169.047331 385.032466 411.086366 269.453150 352.638625 193.569109 386.970283 220.327030 292.856620 448.646854 120.353646 187.320581 252.960471 67.955868 407.332788 285.938805 341.900570 135.959553 81.394103 239.000000 281.204552 429.577700 176.255496 225.534920 201.695315 328.635056 345.013043 235.314683 198.436388 383.418831 254.636997 313.107010 401.363925 154.434452 331.941260 288.979238 388.161049 
144.000000 8.000000 1.000000 a 68.447060 115.520561 278.411566 121.852370 206.169833 290.022413 202.039600 248.676497 209.880919 137.058382 277.850679 121.082616 142.358702 221.382023 129.321305 127.318498 122.004098 179.201004 184.772834 177.417587 124.579292 273.879536 157.407115 101.867561 298.839422 190.876924 231.536174 241.962807 215.336945 245.422085 230.846269 193.064756 243.823707 137.295302 132.849539 156.000000 162.363789 146.696967 280.080346 249.897979 309.657876 250.571347 299.579706 199.100477 143.108351 167.200478 233.214494 265.635088 108.779594 182.630775 150.296374 274.052915 109.252002 209.880919 68.447060 181.000000 305.360443 265.452444 284.964910 289.872386 317.672788 102.396289 220.227155 135.830777 338.681266 337.829839 18.601075 299.260756 213.283848 297.759970 196.002551 117.200683 255.548430 205.080472 139.176147 14.212670 246.611030 166.087326 99.045444 266.204808 204.024508 190.031576 185.946229 45.398238 267.346217 197.040605 228.475382 85.005882 272.737969 239.760297 123.693169 145.993151 141.396605 51.662365 256.048823 163.487003 159.665275 115.741090 116.661905 254.125953 
247.000000 4.000000 3.000000 a 345.775939 428.164688 154.029218 236.592477 165.148418 446.010090 199.449242 137.317151 187.216452 299.981666 408.916862 320.975077 462.179619 374.649169 200.688814 218.288800 449.169233 497.494724 272.237029 480.400874 450.821472 55.946403 475.509201 376.113015 115.260574 227.019823 105.513032 275.394263 318.323735 115.169440 277.780489 269.224813 95.131488 194.550765 426.751684 389.964101 295.746513 377.751241 291.439531 361.138478 34.058773 362.107719 448.218697 166.412139 471.296085 162.246726 196.328806 123.911259 417.714017 471.349128 347.472301 158.003165 436.980549 367.491497 285.070167 465.717726 386.627728 136.312142 74.464757 451.807481 378.761138 239.635139 199.449242 217.278623 374.033421 407.594161 346.459233 348.896833 202.410474 392.460189 318.127333 343.208392 488.431162 217.517815 284.270997 327.832274 158.685223 491.956299 340.966274 348.558460 156.185787 178.907797 261.090023 351.216457 458.495365 193.940713 321.753011 263.077935 329.815100 362.360318 280.178515 237.153958 467.492246 320.600998 317.623992 464.172382 252.144800 390.041023 339.013274 410.468026 
197.000000 6.000000 5.000000 a 176.504957 125.642350 428.273277 245.839378 332.897882 363.411612 349.755629 399.586036 327.397312 264.196896 366.960488 239.708156 108.466585 316.892726 274.147770 259.886514 33.734256 32.893768 318.512166 159.260792 81.565924 418.766044 20.591260 180.277564 449.908880 295.677189 372.505034 374.354110 270.386760 396.445457 362.465171 276.812211 393.513659 280.058922 160.654910 231.216349 235.849528 229.671505 410.019512 355.249208 457.922483 355.613554 374.476969 349.914275 30.805844 312.603583 380.107879 416.688133 64.404969 89.537702 188.042548 423.709806 46.270941 307.390631 214.462118 189.763010 408.893629 390.824769 422.733959 360.034721 425.987089 236.381048 367.147109 286.141573 451.701229 439.317653 137.116739 414.914449 360.090266 397.756207 251.602862 222.892351 287.367361 311.295679 225.842866 157.508730 367.763511 20.591260 207.299301 378.216869 355.078864 315.868644 322.684056 152.118375 326.259099 345.684828 281.726818 234.104677 391.618437 343.351132 260.155723 291.830430 15.811388 184.043473 377.385744 158.041134 259.557315 182.156526 225.088871 337.379608 
242.000000 2.000000 4.000000 a 374.982666 457.755393 168.023808 267.860038 194.928192 466.135174 222.272355 157.470632 216.020832 325.972391 428.263937 347.841918 492.045730 396.697618 231.846932 249.649755 480.266593 528.851586 295.160973 509.134560 481.212011 87.321246 506.858955 404.586208 126.570139 256.158154 136.682113 293.552380 346.417378 138.423264 296.966328 298.001678 122.494898 225.842866 455.411901 416.284758 325.676220 404.223948 306.323359 380.746635 55.470713 381.697524 467.757416 191.650724 502.319619 193.383040 215.675682 141.989436 449.090191 502.594270 377.955024 172.626765 468.030982 390.083324 314.579084 493.517983 402.854813 161.623018 101.242284 472.217111 393.584807 271.016605 220.238507 245.489307 386.745394 422.092407 377.196235 364.027471 223.886132 409.565624 347.012968 370.449727 512.884002 246.018292 314.841230 358.414564 185.310550 523.146251 368.972899 366.477830 181.705806 209.162616 283.980633 381.221720 480.767095 217.568380 349.290710 292.487607 346.561683 382.753184 307.058626 263.600076 498.658200 350.237063 335.431066 492.878281 282.304800 418.273834 366.230802 431.570388 
178.000000 5.000000 2.000000 a 92.655275 113.159180 312.846608 135.417872 222.791382 313.804079 237.170825 282.294173 222.441003 169.955877 304.829461 151.726728 132.196823 248.917657 155.415572 145.670862 93.193347 145.784087 219.228192 175.034282 108.673824 300.466304 123.761868 119.570063 332.031625 197.797877 255.634505 276.470613 206.155281 277.708480 265.216892 192.208220 274.116763 161.987654 138.452158 176.708800 156.626945 169.026625 314.396247 279.873186 338.670932 280.492424 323.817850 232.939906 115.801554 193.871091 268.419448 298.918049 73.437048 147.526269 132.698907 308.585482 81.400246 237.655212 103.754518 185.690603 335.477272 282.072686 307.546744 312.947280 348.749194 121.016528 255.440795 170.293864 370.681804 367.789342 31.240999 331.507164 248.515593 327.140643 186.217615 144.312162 269.118933 212.903734 136.894120 46.818800 261.222128 135.959553 125.936492 297.598723 237.394187 206.014563 220.784963 64.660653 287.513478 232.002155 219.228192 120.149906 305.378454 269.267525 158.145503 181.339461 111.413644 83.240615 289.000000 163.150238 163.624570 131.095385 144.499135 279.517441 
294.000000 5.000000 3.000000 a 290.263673 292.426059 454.586625 211.518321 267.421016 511.614112 395.595753 417.310436 246.953437 359.673463 502.176264 345.810642 293.001706 445.917033 269.532929 233.105126 210.857772 188.957667 401.423716 345.046374 262.640439 381.001312 181.011049 316.551734 458.328485 206.518764 330.037877 456.826006 125.801431 401.322813 446.813160 166.306945 383.262312 267.525700 325.135356 374.085552 137.003650 366.807852 495.395801 474.587189 430.167409 475.278866 521.674228 375.421097 226.000000 298.100654 426.357831 429.057106 155.270731 116.558998 92.048900 451.948006 212.084889 434.495109 284.431011 367.315940 529.917918 308.501216 362.327200 510.617274 541.479455 224.216413 414.468334 326.915891 561.135456 562.427773 228.547588 521.464284 408.511934 522.575353 118.139748 341.320963 459.735794 218.160491 152.453272 239.018828 282.603963 217.009216 322.964394 489.837728 375.065328 254.031494 399.944996 262.528094 483.993802 387.764104 129.865315 291.496141 494.313666 464.582608 342.414953 350.910245 209.497017 276.479656 477.037734 338.496676 181.011049 326.741488 341.118748 477.325884 
261.000000 8.000000 4.000000 a 269.675731 348.483859 43.462628 275.485027 263.047524 274.570574 92.347171 78.102497 289.927577 188.162164 234.804174 215.353198 384.762264 217.830209 215.573653 254.530941 408.417678 471.271684 135.988970 381.776112 386.372877 185.153990 450.089991 283.670584 80.056230 315.939868 206.816344 103.392456 404.101472 104.861814 111.758669 354.324710 136.213068 219.713450 331.483031 268.663358 359.380022 259.422435 103.464970 190.307646 161.505418 191.128229 273.905093 108.687626 425.191721 195.304890 61.032778 79.158070 402.776613 474.436508 391.817560 41.677332 395.297356 215.076730 227.008810 355.236541 200.810856 278.792037 232.019396 281.641616 189.187737 259.617026 74.027022 161.276161 180.623919 217.101359 305.014754 160.440020 81.006173 209.468375 394.275285 238.537209 342.982507 315.990506 336.752134 285.001754 287.417814 452.244403 246.840029 170.073514 110.788086 264.915081 127.389168 289.884460 298.760774 98.310732 413.058107 209.289273 147.166572 195.849432 183.564702 149.083869 428.514877 257.031127 140.132081 366.349560 319.907799 292.369629 234.695547 245.601303 
200.000000 5.000000 4.000000 a 143.087386 226.296266 141.088625 118.258192 144.544111 280.456770 75.663730 109.036691 165.423698 107.870292 251.205095 122.930875 261.222128 202.121251 60.802960 99.824847 261.231698 318.888695 108.784190 277.315705 253.031619 153.117602 296.951174 173.112680 158.902486 176.139150 127.200629 151.013244 252.438111 106.230881 144.267113 206.787330 110.113578 69.462220 223.664928 192.626582 202.566039 180.024998 187.211111 206.886442 178.103902 207.858125 286.183508 60.033324 281.256111 67.029844 106.103723 125.717938 244.818300 313.229947 228.989083 137.295302 248.243832 192.002604 83.486526 263.427409 252.733061 190.168346 180.499307 284.142570 255.806568 98.183502 94.366308 18.027756 266.597074 282.878066 154.638288 228.844926 88.684835 251.718096 239.507829 143.125819 297.321375 182.035711 178.002809 134.406101 183.787921 305.555232 138.697513 208.355465 64.132675 136.970800 101.237345 151.604749 279.508497 67.542579 263.138747 61.294372 201.764714 202.410474 83.934498 50.803543 280.930596 119.281180 184.260685 261.084278 168.505193 187.256509 139.086304 241.207380 
182.000000 3.000000 1.000000 a 152.121662 171.046777 277.418456 309.864487 367.001362 70.434367 210.190390 275.855034 383.575286 119.268604 71.784399 112.449989 196.290601 41.880783 274.116763 301.532751 264.871667 328.817579 137.306227 163.624570 216.480946 369.358904 314.542525 125.319591 317.944964 381.903129 352.852660 155.878158 430.360314 294.333145 147.085009 398.539835 315.901884 285.085952 136.853937 67.882251 375.832409 74.404301 171.432202 80.653580 377.486424 80.361682 80.721744 243.460469 268.477187 293.155249 220.791757 292.919784 297.793553 370.666966 370.552291 271.810596 255.280238 43.931765 182.660888 127.565669 121.412520 416.558519 404.085387 69.641941 142.056327 284.177761 213.700725 208.753443 171.000000 147.732867 213.283848 143.377125 209.251045 107.912001 412.059462 105.109467 84.148678 392.328944 350.408333 206.305599 408.148257 296.514755 122.155638 108.521887 253.870045 356.202190 148.485690 178.921771 53.009433 215.260308 443.243725 192.379833 131.673839 70.007142 144.124946 178.868667 280.743655 171.898226 127.534309 153.805071 360.173569 117.592517 106.892469 41.231056 
229.000000 1.000000 1.000000 a 172.930622 215.956014 299.340943 60.299254 139.291062 389.236432 240.615876 262.488095 130.483715 220.056811 372.001344 213.009389 235.580135 315.673882 114.542569 81.006173 182.496575 212.558227 253.899586 278.188785 210.684598 240.902470 192.002604 208.136974 305.373542 98.600203 190.412710 306.910410 109.480592 248.072570 297.741499 88.645361 233.019313 113.745330 238.018907 260.161488 55.731499 249.839949 345.144897 337.468517 287.088836 338.280948 398.045224 219.783985 205.805734 146.123236 271.073791 275.045451 133.660016 175.914752 63.976558 296.561967 173.908022 304.016447 143.669760 286.085652 391.081833 195.000000 234.138848 389.997436 399.809955 68.680419 259.383885 172.887246 416.515306 423.387529 121.004132 376.968168 253.602050 385.840641 90.824006 216.157350 362.006906 114.201576 33.376639 118.869677 171.058470 217.497126 199.323857 348.518292 219.640616 122.588743 250.798724 152.069063 370.623798 232.561820 122.527548 144.422990 349.356551 328.951364 198.977386 199.444228 195.849432 149.602807 331.651926 265.699078 62.681736 222.315092 214.555354 351.511024 
250.000000 1.000000 1.000000 a 35.735137 81.884064 267.478971 208.153789 279.646205 188.002660 186.300832 249.703825 290.822970 79.404030 180.712479 52.201533 117.686023 126.245792 187.840358 205.060967 160.962729 227.404925 133.555232 119.016806 124.064499 313.869400 209.859477 16.278821 299.828284 281.087175 283.593018 185.132385 318.022012 257.945731 173.141561 291.111662 269.001859 198.600101 65.734314 52.000000 264.140114 43.266615 218.387271 161.891939 336.689768 162.339151 198.040400 203.708125 171.020467 217.375252 211.293635 268.302069 183.806964 258.785626 254.049208 262.085864 149.345238 115.663304 86.330759 102.649890 216.695639 335.524962 338.309030 187.216452 232.594067 183.534738 199.489348 146.102704 257.559702 248.163253 95.718337 220.410980 192.753729 206.700266 299.040131 30.066593 155.206314 293.492760 239.653917 90.476516 321.846237 199.842438 22.671568 183.872238 212.513529 265.962403 140.684043 61.294372 163.370744 186.142419 331.096663 105.118980 197.185192 150.296374 88.204308 131.400152 179.535512 61.032778 183.371208 102.800778 254.568262 26.907248 33.376639 154.207652 
108.000000 1.000000 3.000000 a 207.870152 188.345427 425.424494 206.496973 287.111477 420.042855 353.696197 392.001276 275.610232 289.993103 416.677333 270.236933 183.174780 362.404470 250.457581 225.142177 99.368003 80.411442 339.779340 235.567400 153.026142 387.537095 68.468971 225.610283 439.501991 238.891189 337.733623 397.020151 194.733151 382.953000 385.768065 211.482860 373.225133 253.213349 223.002242 282.391572 170.660482 277.461709 434.939076 396.376084 431.973379 396.919387 430.698270 344.209239 112.787411 286.937275 385.240185 407.176866 52.497619 29.068884 116.103402 421.627798 102.883429 351.654660 223.486017 261.093853 451.807481 340.939877 382.382008 417.915063 466.318561 205.922315 372.388238 284.803441 489.336285 483.718927 150.376195 450.530798 365.629594 442.468078 177.628826 259.624729 356.679128 254.017716 168.359734 167.370846 315.990506 104.307238 241.679540 415.769167 347.005764 270.601183 341.211078 179.387848 387.671252 347.669383 204.787695 237.892833 424.858800 385.240185 278.691586 299.908319 96.176920 203.273215 408.788454 230.783448 203.867604 232.690782 260.547500 389.179907 
112.000000 8.000000 4.000000 a 289.772324 336.154726 342.934396 124.887950 123.065023 497.748933 308.099010 304.455251 96.566040 321.810503 475.943274 320.777181 354.391027 421.118748 177.045192 139.086304 293.400750 307.883095 343.354045 398.278797 328.153927 235.722294 290.547759 326.119610 333.766385 64.660653 188.854441 388.856014 42.720019 281.554613 381.943713 33.955854 255.548430 168.834238 358.201061 375.325192 67.446275 364.215595 424.671638 436.554693 285.847862 437.457426 505.676774 275.829658 315.792653 186.131674 333.754401 310.697602 237.474209 251.071703 114.621115 342.023391 286.895451 409.664497 250.000000 406.315149 486.834674 147.030609 206.518764 499.432678 492.029471 150.233152 324.692162 252.121003 504.230106 518.098446 241.132744 466.012875 320.663375 483.888417 53.907328 328.220962 479.718668 66.640828 87.091905 237.303603 122.409150 321.711050 312.808248 442.712096 271.228686 116.811814 337.397392 271.149405 483.674477 298.804284 42.047592 243.460469 438.630824 429.697568 297.934557 284.522407 303.275452 264.200681 420.925171 385.975388 72.801099 340.777053 325.983128 458.864904 
286.000000 8.000000 5.000000 a 34.000000 56.320511 289.993103 206.980675 283.734030 208.197022 208.482613 270.112939 292.514957 104.737768 204.200881 77.781746 92.655275 151.092687 194.537914 206.729292 134.134261 200.489401 159.524293 102.068604 97.000000 327.262891 183.308483 13.038405 320.755358 279.078842 293.751596 212.021225 308.131465 276.400072 200.022499 285.112259 285.112259 204.863369 48.826222 70.092796 255.274362 64.815122 245.589088 188.042548 353.101968 188.448932 218.634398 222.750982 143.753261 226.947130 234.785008 288.646843 160.206117 234.241329 239.820766 284.703354 122.772147 140.943251 94.868330 93.637599 242.396370 341.153924 348.668897 206.651881 258.814605 183.635509 222.649949 162.274459 284.176002 273.514168 80.653580 247.329739 215.779981 231.948270 288.683217 57.035077 162.806634 292.330293 231.864184 81.098705 325.729949 172.586210 45.354162 210.622886 231.008658 269.118933 166.111408 47.518417 179.568928 207.537948 321.278695 116.038787 224.350173 176.283862 110.168053 151.818971 152.486065 62.241465 210.641876 85.912746 250.199920 23.086793 60.008333 176.479461 
101.000000 5.000000 1.000000 a 94.831429 166.412139 225.008889 82.097503 155.801155 294.497878 153.805071 192.841904 164.760432 121.264174 274.592425 117.324337 197.306868 218.819560 70.767224 78.854296 181.661774 236.230819 155.438091 225.470619 182.701943 214.200840 214.161154 132.003788 242.002066 155.080624 173.277235 209.976189 204.416242 187.243157 200.204895 169.640797 184.092368 79.812280 175.308300 174.183811 149.966663 162.443836 248.509557 238.522536 249.647752 239.353295 302.694566 144.086779 203.066492 107.814656 185.367203 209.021530 160.900590 229.490741 159.665275 221.081433 169.056204 207.234167 46.486557 221.677694 291.809870 213.805987 227.466481 295.989865 300.466304 57.035077 172.696265 84.344532 317.510630 324.075608 77.420927 277.893865 166.138496 286.818758 187.448660 125.299641 281.028468 167.074834 123.943536 59.413803 197.699267 225.461748 111.112556 249.160591 147.763324 141.039002 153.218798 87.982953 280.446073 147.312593 216.898594 45.276926 250.331780 230.341051 99.639350 104.201727 200.771014 66.490601 232.690782 210.190390 131.244047 147.512711 122.808794 255.890602 
Type de surveillance de chaque endroit(target):tab[nombre de target]
a a a a a a a a a a a a a a a a a a a a a a a a a a a a a a a a a a a a a a a a a a a a a a a a a a a a a a a a a a a a a a a a a a a a a a a a a a a a a a a a a a a a a a a a a a a a a a a a a a a a 