Nombre des capteurs:
50
Nombre des targets:
30
Nombre de type de surveillance:
1

Caracteristiques:
186.000000 3.000000 4.000000 a 399.440859 399.752423 299.252402 354.682957 522.598316 225.610283 417.258912 330.552568 239.827021 528.985822 411.491191 531.896606 108.664622 351.870715 474.236228 209.773688 150.416090 249.040157 273.514168 384.398231 322.099364 236.033896 333.588069 498.092361 375.708664 248.453215 405.838638 274.116763 29.154759 496.847059 
183.000000 2.000000 2.000000 a 276.741757 279.715927 243.600082 281.753438 382.099463 105.475116 284.622557 196.061215 100.319490 386.068647 278.280434 388.387693 114.214710 209.480309 342.614944 161.443489 76.026311 106.508216 219.592805 283.444880 238.849325 170.238069 191.384430 354.701283 252.039679 170.815690 265.137700 134.658828 127.314571 358.675341 
158.000000 2.000000 4.000000 a 196.308431 208.000000 345.418587 325.591769 129.988461 234.797785 126.589889 139.445330 202.566039 98.386991 122.576507 99.859902 374.157721 95.210294 171.493440 335.524962 310.394910 188.215302 340.599472 273.941600 305.722096 323.595426 111.789982 64.202804 171.268795 293.293368 63.788714 173.072239 416.019230 134.331679 
164.000000 4.000000 1.000000 a 204.919496 214.170493 487.923150 465.842248 31.780497 370.946088 258.131749 281.712620 310.203159 123.405835 255.988281 71.028163 504.528493 199.288735 126.668860 475.615391 441.780488 302.049665 483.140766 281.902465 340.242561 389.549740 217.204972 109.786156 310.009677 435.049422 204.009804 276.016304 535.840461 69.641941 
285.000000 3.000000 4.000000 a 424.905872 433.601199 54.405882 34.058773 431.115994 152.800524 194.054116 169.047331 269.453150 352.638625 193.569109 386.970283 220.327030 292.856620 448.646854 120.353646 187.320581 252.960471 67.955868 471.052014 453.964756 407.332788 285.938805 341.900570 135.959553 81.394103 239.000000 281.204552 299.015050 429.577700 
219.000000 2.000000 4.000000 a 199.007538 204.364870 265.452444 284.964910 289.872386 102.396289 220.227155 135.830777 18.601075 299.260756 213.283848 297.759970 196.002551 117.200683 255.548430 205.080472 139.176147 14.212670 246.611030 225.842866 202.940878 166.087326 99.045444 266.204808 204.024508 190.031576 185.946229 45.398238 219.665655 267.346217 
194.000000 8.000000 2.000000 a 480.453952 490.388621 136.312142 74.464757 451.807481 239.635139 199.449242 217.278623 346.459233 348.896833 202.410474 392.460189 318.127333 343.208392 488.431162 217.517815 284.270997 327.832274 158.685223 536.731777 529.479934 491.956299 340.966274 348.558460 156.185787 178.907797 261.090023 351.216457 397.000000 458.495365 
252.000000 8.000000 1.000000 a 202.871881 199.484335 390.824769 422.733959 360.034721 236.381048 367.147109 286.141573 137.116739 414.914449 360.090266 397.756207 251.602862 222.892351 287.367361 311.295679 225.842866 157.508730 367.763511 169.097605 104.019229 20.591260 207.299301 378.216869 355.078864 315.868644 322.684056 152.118375 222.193609 326.259099 
218.000000 1.000000 1.000000 a 507.930113 518.046330 161.623018 101.242284 472.217111 271.016605 220.238507 245.489307 377.196235 364.027471 223.886132 409.565624 347.012968 370.449727 512.884002 246.018292 314.841230 358.414564 185.310550 565.713709 559.801751 523.146251 368.972899 366.477830 181.705806 209.162616 283.980633 381.221720 426.168981 480.767095 
278.000000 5.000000 3.000000 a 203.553433 207.038644 282.072686 307.546744 312.947280 121.016528 255.440795 170.293864 31.240999 331.507164 248.515593 327.140643 186.217615 144.312162 269.118933 212.903734 136.894120 46.818800 261.222128 217.267117 183.806964 135.959553 125.936492 297.598723 237.394187 206.014563 220.784963 64.660653 197.668915 287.513478 
235.000000 4.000000 4.000000 a 383.676947 383.631333 308.501216 362.327200 510.617274 224.216413 414.468334 326.915891 228.547588 521.464284 408.511934 522.575353 118.139748 341.320963 459.735794 218.160491 152.453272 239.018828 282.603963 366.460093 303.323260 217.009216 322.964394 489.837728 375.065328 254.031494 399.944996 262.528094 41.340053 483.993802 
109.000000 4.000000 4.000000 a 364.954792 376.463810 278.792037 232.019396 281.641616 259.617026 74.027022 161.276161 305.014754 160.440020 81.006173 209.468375 394.275285 238.537209 342.982507 315.990506 336.752134 285.001754 287.417814 438.320659 457.170646 452.244403 246.840029 170.073514 110.788086 264.915081 127.389168 289.884460 459.918471 298.760774 
255.000000 9.000000 5.000000 a 278.741816 288.294988 190.168346 180.499307 284.142570 98.183502 94.366308 18.027756 154.638288 228.844926 88.684835 251.718096 239.507829 143.125819 297.321375 182.035711 178.002809 134.406101 183.787921 333.757397 330.720426 305.555232 138.697513 208.355465 64.132675 136.970800 101.237345 151.604749 298.800937 279.508497 
206.000000 7.000000 3.000000 a 128.140548 139.359248 416.558519 404.085387 69.641941 284.177761 213.700725 208.753443 213.283848 143.377125 209.251045 107.912001 412.059462 105.109467 84.148678 392.328944 350.408333 206.305599 408.148257 209.239098 256.719691 296.514755 122.155638 108.521887 253.870045 356.202190 148.485690 178.921771 439.587306 53.009433 
272.000000 5.000000 5.000000 a 304.105245 308.585482 195.000000 234.138848 389.997436 68.680419 259.383885 172.887246 121.004132 376.968168 253.602050 385.840641 90.824006 216.157350 362.006906 114.201576 33.376639 118.869677 171.058470 320.600998 281.824413 217.497126 199.323857 348.518292 219.640616 122.588743 250.798724 152.069063 134.525091 370.623798 
227.000000 9.000000 4.000000 a 118.338498 127.581347 335.524962 338.309030 187.216452 183.534738 199.489348 146.102704 95.718337 220.410980 192.753729 206.700266 299.040131 30.066593 155.206314 293.492760 239.653917 90.476516 321.846237 176.400113 189.907872 199.842438 22.671568 183.872238 212.513529 265.962403 140.684043 61.294372 322.262316 163.370744 
209.000000 7.000000 1.000000 a 276.421779 275.118156 340.939877 382.382008 417.915063 205.922315 372.388238 284.803441 150.376195 450.530798 365.629594 442.468078 177.628826 259.624729 356.679128 254.017716 168.359734 167.370846 315.990506 253.396922 190.042101 104.307238 241.679540 415.769167 347.005764 270.601183 341.211078 179.387848 137.295302 387.671252 
284.000000 8.000000 1.000000 a 424.340665 428.914910 147.030609 206.518764 499.432678 150.233152 324.692162 252.121003 241.132744 466.012875 320.663375 483.888417 53.907328 328.220962 479.718668 66.640828 87.091905 237.303603 122.409150 439.076303 395.021518 321.711050 312.808248 442.712096 271.228686 116.811814 337.397392 271.149405 127.812362 483.674477 
154.000000 8.000000 1.000000 a 111.018017 118.473626 341.153924 348.668897 206.651881 183.635509 222.649949 162.274459 80.653580 247.329739 215.779981 231.948270 288.683217 57.035077 162.806634 292.330293 231.864184 81.098705 325.729949 158.417171 165.075740 172.586210 45.354162 210.622886 231.008658 269.118933 166.111408 47.518417 305.895407 179.568928 
120.000000 4.000000 3.000000 a 239.098306 246.400081 213.805987 227.466481 295.989865 57.035077 172.696265 84.344532 77.420927 277.893865 166.138496 286.818758 187.448660 125.299641 281.028468 167.074834 123.943536 59.413803 197.699267 277.908258 261.428767 225.461748 111.112556 249.160591 147.763324 141.039002 153.218798 87.982953 231.795168 280.446073 
221.000000 3.000000 1.000000 a 120.016666 119.854078 376.384112 395.500948 268.212602 213.328385 298.375602 227.635674 92.617493 326.455204 291.358885 306.615394 280.030355 138.130373 200.062490 311.207326 235.053185 108.894444 356.910353 118.680243 93.813645 93.300589 125.195847 289.359638 298.291803 300.665928 245.601303 85.586214 275.544915 235.104232 
179.000000 9.000000 2.000000 a 90.785461 101.138519 367.326830 368.061136 161.616831 216.520207 216.614866 173.066461 124.482931 213.234613 210.237960 192.106741 330.588869 46.754679 122.331517 326.496554 271.919106 121.753850 354.153921 157.889202 183.534738 207.867746 51.264022 175.934647 236.381048 298.492881 153.394915 90.249654 350.663657 134.461891 
245.000000 8.000000 1.000000 a 62.625873 73.817342 398.934832 399.410816 148.054044 247.267062 242.243679 203.744939 149.452334 220.111335 236.135554 191.846293 357.531817 76.850504 93.941471 357.099426 300.166620 149.345238 385.648804 136.926988 173.738309 211.255769 82.873397 183.010929 265.548489 329.875734 177.228666 116.297033 373.343006 116.103402 
122.000000 7.000000 4.000000 a 264.660159 275.670093 252.871509 228.875512 227.035240 171.405951 41.629317 63.031738 193.372697 154.304893 34.885527 182.016483 314.006369 130.510536 261.021072 256.517056 251.549200 173.738309 251.033862 332.737133 346.023121 339.328749 136.165341 137.317151 73.979727 209.468375 33.541020 176.918060 369.737745 230.540669 
278.000000 8.000000 1.000000 a 226.338242 237.760384 299.132078 277.848880 177.766701 199.248588 82.006097 96.566040 190.685605 120.507261 77.103826 138.513537 341.397129 101.788997 214.149481 294.538622 277.713882 173.254149 295.435272 299.282475 321.278695 326.496554 113.159180 95.707889 123.454445 250.193925 16.155494 166.721324 389.740940 181.298097 
297.000000 4.000000 2.000000 a 458.978213 469.527422 179.738699 119.037809 412.801405 249.098374 162.496154 201.457191 343.087452 302.165518 166.868211 348.281495 348.037354 321.740579 457.919207 250.577333 306.080055 323.340378 198.635344 521.110353 521.415381 492.692602 322.386414 305.643583 132.548104 205.506691 228.019736 342.312723 424.951762 423.075643 
211.000000 4.000000 2.000000 a 158.685223 168.107109 297.674319 298.318622 203.393707 151.400132 164.137138 105.550936 90.426766 210.380607 157.203690 206.552657 277.319311 30.413813 187.771137 261.122577 215.390343 77.103826 285.159604 215.870331 223.432316 221.110832 18.788294 176.119278 172.733899 230.097805 111.072049 61.983869 309.612661 185.809042 
175.000000 9.000000 5.000000 a 340.800528 349.482475 118.270876 116.498927 356.113746 83.952367 142.411376 90.005555 189.760375 293.615395 139.230025 320.876923 199.489348 209.659247 366.715148 121.264174 146.986394 172.002907 112.294256 387.837595 374.037431 333.928136 202.081667 276.644176 87.000000 71.281134 169.779268 198.494332 270.203627 351.199374 
144.000000 8.000000 5.000000 a 150.416090 138.751577 554.979279 572.197518 310.272461 391.900498 447.447204 392.439804 271.007380 420.214231 440.922896 381.344988 445.737591 275.610232 213.396345 488.373832 408.770107 286.015734 535.510971 73.430239 97.293371 181.223619 271.906234 384.783056 461.069409 479.296359 384.662189 257.856549 422.094776 272.090059 
159.000000 7.000000 3.000000 a 307.610143 317.516929 507.559849 473.469112 135.830777 419.147945 262.937255 316.205629 384.294158 104.694795 263.655078 88.459030 560.200857 271.447969 232.484408 513.904660 496.380902 372.110199 508.178118 386.337935 441.480464 483.504912 289.748167 125.095963 321.375170 467.713588 230.763949 352.018465 602.588583 174.269906 
232.000000 2.000000 5.000000 a 148.627050 156.169779 303.461694 311.751504 227.068272 146.509385 198.640379 129.799846 56.639209 247.315588 191.603758 239.885389 257.963176 56.727418 195.133288 255.765518 198.927122 49.396356 288.085057 193.414064 191.407941 183.000000 38.418745 212.228650 199.969998 231.521057 149.030198 24.186773 282.171933 204.313485 
140.000000 9.000000 2.000000 a 177.282261 181.002762 299.686503 321.104344 289.006920 136.821051 250.241883 168.881615 19.924859 314.429642 243.205674 307.001629 212.461761 123.810339 242.866218 234.718981 161.644672 40.261644 279.946423 194.427364 166.973052 131.041978 105.683490 279.578254 238.321212 223.832527 209.659247 43.266615 223.289050 262.573799 
177.000000 6.000000 1.000000 a 365.164347 373.250586 87.555697 101.044545 389.621611 85.802098 176.954796 123.583980 203.383874 329.077498 174.071824 356.089876 175.208447 237.976890 396.164107 88.526832 130.003846 187.608635 78.102497 407.155990 387.620949 340.390952 228.729097 311.964742 120.104121 37.483330 204.970730 217.204972 249.903982 383.334058 
131.000000 7.000000 3.000000 a 212.708721 219.535874 241.962807 256.534598 282.179021 81.743501 187.864313 102.239914 49.648766 277.366184 181.000000 280.927037 198.539669 108.503456 259.433999 190.517716 136.970800 30.610456 225.077764 249.110417 232.658548 199.864954 92.179173 246.174735 170.073514 168.240899 158.344561 59.481089 233.692105 263.600076 
214.000000 4.000000 1.000000 a 206.344372 206.526027 328.866234 359.806893 342.286430 173.415686 313.039934 228.875512 82.607506 378.001323 306.058818 367.783904 202.032176 185.714835 283.543647 251.602862 167.725967 102.176318 306.243367 197.162370 147.122398 81.688432 168.154691 342.579918 296.249895 253.538952 274.565111 106.775465 189.391130 312.409987 
241.000000 3.000000 1.000000 a 351.710108 358.520571 109.713263 144.585615 400.092489 57.280014 213.550931 142.667445 176.663522 356.237280 209.423017 377.000000 124.084649 236.000000 393.615294 56.515485 77.058419 164.711870 88.752465 384.157520 356.400056 301.126219 223.378602 334.623669 161.400124 34.058773 228.122774 197.648678 197.101497 388.764710 
202.000000 5.000000 4.000000 a 82.758685 93.380940 376.523572 377.022546 156.310588 225.641308 223.322637 181.694799 132.034087 213.841062 217.036863 190.546582 338.824438 55.000000 113.534136 335.596484 280.472815 130.049990 363.373087 152.118375 181.069048 209.308385 60.406953 176.504957 244.403355 307.709278 159.389460 98.030607 357.770876 127.863208 
251.000000 3.000000 2.000000 a 148.141824 136.473441 567.208075 582.279143 300.106648 404.223948 450.139978 398.968670 283.323137 414.566038 443.765704 373.776671 463.487864 279.016129 203.157574 502.871753 424.626895 297.321375 548.362107 78.517514 116.520384 202.002475 276.817629 379.859184 466.617616 491.863802 386.214966 267.800299 442.159473 262.373779 
162.000000 3.000000 3.000000 a 390.000000 389.637011 319.870286 374.038768 519.416981 236.222353 426.244062 338.576432 237.928561 532.113710 420.259444 532.587082 129.294238 350.907395 467.004283 229.682389 164.614702 248.937743 294.001701 370.482118 306.106191 219.447032 332.532705 500.252936 387.104637 266.007519 411.096096 271.707563 51.078371 492.319002 
134.000000 8.000000 3.000000 a 322.125752 333.430652 255.001961 216.910120 258.311827 213.358853 23.086793 111.323852 254.017716 154.116839 30.016662 196.010204 351.536627 191.449732 308.457452 279.780271 292.063349 234.002137 259.538051 392.983460 408.570679 401.529575 198.385987 152.190670 72.006944 229.314195 82.419658 239.286439 414.236647 269.786953 
129.000000 5.000000 1.000000 a 111.830228 121.659361 344.530115 345.706523 175.316856 194.208651 200.084982 151.604749 107.703296 212.360542 193.494186 196.725697 311.006431 28.178006 144.031247 304.236750 251.435877 102.528045 331.368375 174.186681 192.398025 207.125566 28.635642 175.513532 216.379297 275.757140 139.176147 73.246160 334.282814 151.287805 
189.000000 3.000000 2.000000 a 313.636733 318.912214 171.187032 208.971290 388.476512 49.929951 242.156974 157.892368 131.034347 366.836476 236.698120 378.957781 95.210294 215.935175 366.771046 94.413982 31.400637 125.035995 147.827602 335.596484 300.640982 239.718585 200.124961 340.036763 199.323857 97.754795 239.106671 159.113167 151.158857 371.356971 
151.000000 9.000000 1.000000 a 116.709040 128.319913 399.144084 389.281389 93.193347 263.058929 206.021844 192.418814 189.707670 155.157984 201.009950 125.419297 389.281389 82.565126 90.553851 371.845398 327.940543 182.945347 389.802514 197.144617 239.883305 275.601161 99.161484 118.608600 241.969006 337.005935 139.617334 155.331903 416.069706 73.164199 
101.000000 3.000000 5.000000 a 401.758634 407.152306 119.050409 175.000000 467.148799 117.153745 285.954542 215.081380 219.317122 428.920739 282.028367 448.322429 71.700767 298.117427 452.487569 30.265492 70.710678 212.762779 93.214806 422.839213 384.157520 316.311555 283.591255 406.532901 232.206804 78.294317 300.536188 246.894714 151.198545 453.118086 
144.000000 1.000000 5.000000 a 233.283090 244.806046 387.659645 360.088878 112.645462 291.293666 149.335193 189.475592 263.774525 39.623226 148.030402 47.265209 432.453466 154.353490 186.300832 387.485484 368.636678 249.609695 385.883402 313.958596 354.361397 379.947365 171.735261 2.828427 204.296353 342.527371 104.675690 233.692105 476.623541 134.182711 
151.000000 9.000000 2.000000 a 320.031248 325.412046 164.295466 202.871881 392.787474 50.328918 241.900806 158.700977 137.673527 368.897005 236.579796 381.938477 92.956979 220.707952 372.377497 87.235314 29.832868 131.186890 140.801278 342.597431 307.845741 246.805592 205.138977 342.603269 197.772597 91.301698 240.831892 165.302753 152.200526 376.172833 
104.000000 7.000000 2.000000 a 226.920691 237.065392 466.744041 441.001134 59.033889 359.346629 230.627405 263.910970 310.517310 87.132084 229.218237 36.055513 496.759499 197.496835 155.389832 460.743964 433.290895 300.128306 463.672298 306.365794 360.302651 402.951610 215.863383 79.511006 285.028069 417.929420 182.013736 277.189466 533.254161 96.130120 
196.000000 2.000000 1.000000 a 104.048066 94.556861 476.488195 494.171023 277.200289 313.408679 377.955024 317.616120 192.520129 370.066210 371.214224 337.616647 372.055103 206.693009 186.131674 410.589820 332.174653 207.711338 457.078768 35.227830 37.802116 121.165177 200.369658 333.216146 387.200207 400.821656 317.770357 180.313616 355.005634 239.098306 
243.000000 9.000000 5.000000 a 325.000000 331.725790 135.247921 164.984848 377.689026 30.594117 204.276773 126.605687 149.883288 340.308683 199.481829 358.265265 127.640119 211.236834 368.195600 80.056230 70.519501 137.786066 115.247560 357.326182 330.478441 277.366184 198.022726 316.840654 156.540730 59.203040 211.624668 170.762994 194.200927 365.038354 
180.000000 8.000000 1.000000 a 300.281535 311.464284 430.069762 393.801981 150.269757 353.638233 185.000000 247.032387 337.017804 36.359318 186.453748 68.308125 496.338594 228.868958 241.205307 442.326802 432.833686 322.051238 432.113411 381.379077 426.075111 454.400704 246.058936 72.111026 243.846263 394.533902 162.606888 307.694654 545.066968 183.109257 
Type de surveillance de chaque endroit(target):tab[nombre de target]
a a a a a a a a a a a a a a a a a a a a a a a a a a a a a a 