Nombre des capteurs:
30
Nombre des targets:
120
Nombre de type de surveillance:
1

Caracteristiques:
197.000000 7.000000 1.000000 a 269.066906 449.227114 337.083076 320.057807 373.535808 147.851277 284.838551 396.729127 164.906034 476.765141 49.010203 44.911023 346.394284 175.570499 192.626582 492.001016 76.694198 142.688472 398.548617 427.852778 36.359318 218.009174 299.292499 330.928995 306.184585 304.041116 374.040105 410.581295 484.232382 351.511024 289.560011 17.088007 307.379245 359.802724 147.139390 341.228662 240.201998 207.696895 327.739226 540.880763 33.136083 358.022346 300.980066 276.421779 302.497934 301.802916 220.619582 193.132079 452.447787 430.750508 113.600176 151.208465 88.526832 288.392094 414.918064 114.236597 311.661676 151.267974 385.861374 413.217860 367.288715 466.210253 399.169137 494.485591 305.551960 200.942778 444.299449 181.198786 279.517441 539.935181 249.158584 112.680966 86.284413 376.017287 392.184905 322.349190 228.711609 379.222890 183.657290 254.827393 396.440412 409.542428 283.894347 330.106044 278.926514 445.028089 378.312041 261.841555 32.449961 269.833282 305.812034 103.846040 299.541316 92.703829 246.292509 261.961829 340.242561 294.268585 274.065686 343.909872 238.096619 294.869463 248.871453 370.299878 481.614991 308.415304 321.099673 389.494544 408.236451 151.647618 215.473896 450.201066 132.321578 459.436612 8.062258 395.465548 295.918908 373.355059 466.409691 161.400124 
220.000000 7.000000 4.000000 a 203.403540 448.977728 227.528020 211.322029 260.440012 111.758669 292.104433 286.503054 87.658428 373.846225 91.607860 114.354711 219.009132 49.244289 61.131007 441.249363 134.238594 127.003937 273.117191 314.350123 116.824655 296.786118 168.315181 308.292069 284.339586 274.308221 361.773410 286.504799 435.000000 223.181540 180.546393 122.188379 344.836193 315.905049 35.608988 274.052915 119.570063 295.296461 206.341949 482.918213 147.634684 385.157111 323.154762 172.235304 214.441134 193.155378 201.099478 218.013761 346.561683 446.327234 185.809042 39.115214 125.670203 200.529300 412.840163 99.639350 180.601772 52.153619 283.635329 312.648365 285.175385 349.482475 365.472297 478.549893 281.602557 239.365829 392.413048 234.480276 302.026489 472.558991 241.234326 77.103826 147.665162 288.875406 337.415175 210.297408 283.282544 347.936776 115.412304 128.316016 358.336434 403.441446 216.004630 207.634294 246.077224 394.400811 324.607455 191.167466 108.171161 214.755675 254.096438 180.094420 252.295462 97.693398 129.653384 325.960120 371.005391 248.072570 162.117242 361.419424 150.013333 291.042952 173.761331 372.263348 467.607742 283.594781 340.647912 284.935080 330.080293 25.942244 150.416090 451.124151 145.344419 408.019607 127.047235 351.193679 353.058069 347.453594 381.119404 44.407207 
242.000000 1.000000 1.000000 a 267.555602 312.233887 381.567818 366.715148 418.119600 196.084166 173.487752 432.001157 238.346387 487.165270 197.699267 234.691287 428.049063 325.779066 313.461321 415.740304 143.265488 174.977141 468.241391 465.472878 175.616058 30.083218 398.869653 246.148329 228.372503 238.209991 264.077640 475.184175 406.784955 435.349285 344.075573 185.690603 147.868185 297.228868 264.463608 317.405104 327.566787 18.788294 397.290825 469.554044 157.457931 201.526673 162.984662 326.955654 320.814588 352.596086 183.133831 114.004386 471.525185 277.915455 90.785461 310.104821 150.950323 310.858489 284.569851 184.447825 409.890229 255.344865 407.982843 427.855116 359.738794 506.557993 313.383152 371.441785 230.956706 92.265920 376.378799 68.410526 148.246416 482.842624 177.101666 293.972788 129.282636 374.585104 337.926027 374.414209 71.554175 294.205710 233.403085 349.794225 317.370446 285.047364 279.529963 401.662794 227.563178 375.170628 325.498080 270.248034 218.673272 253.450192 270.558681 97.308787 260.203766 179.568928 325.313695 81.123363 182.439031 255.431008 337.557403 201.457191 280.080346 195.563289 268.972118 242.365427 357.561184 234.036322 181.157390 415.207177 386.246036 278.183393 240.303974 311.724237 145.725770 388.537000 189.763010 325.345970 116.846053 282.150669 446.816517 318.454078 
164.000000 8.000000 5.000000 a 92.179173 244.754980 126.321020 127.251719 140.730238 213.321354 188.724667 134.461891 208.038458 154.029218 316.840654 374.076195 208.540164 307.247457 254.064952 157.496032 293.462093 219.695243 209.678325 160.860188 324.918451 331.436268 229.995652 124.739729 125.399362 108.687626 165.855359 206.021844 153.013071 215.837902 140.246212 343.991279 266.510788 75.471849 254.574154 21.095023 197.668915 348.212579 175.000000 193.829822 345.508321 263.229938 226.550215 135.384637 81.859636 133.555232 159.314155 225.268728 145.907505 275.426941 298.263306 320.739770 277.411247 93.295230 216.455538 246.876487 231.354706 239.207023 101.019800 105.475116 32.449961 196.575685 121.564798 238.113418 120.830460 245.837345 111.319360 270.667693 221.846794 183.095603 161.993827 365.820994 292.166049 49.040799 62.008064 138.090550 280.615395 117.200683 182.526710 211.151604 108.171161 202.141040 77.524190 180.011111 111.004504 114.560028 56.089215 101.257099 357.604530 93.145048 67.475922 303.660995 77.929455 268.365423 183.809684 313.805672 263.933704 82.607506 156.262599 230.867928 140.185591 165.124196 117.290238 202.089089 232.647802 118.701306 226.814903 110.453610 49.365980 265.324330 147.339743 248.646335 238.472221 125.936492 353.362420 91.241438 311.708197 128.996124 110.453610 318.910646 
119.000000 2.000000 2.000000 a 203.403540 423.958724 255.313533 238.379949 290.993127 88.814413 261.681104 315.153931 88.102213 398.096722 38.078866 80.777472 261.237440 103.406963 108.853112 437.699669 80.956779 95.854056 313.536282 345.441746 62.433965 246.065032 214.560015 290.175809 265.324330 258.497582 340.332191 325.743764 430.675052 266.360658 207.482529 70.880181 305.368630 307.522357 61.983869 276.602603 155.322246 242.985596 243.131652 483.160429 93.648278 349.594050 288.196114 195.563289 227.844245 219.965906 178.058979 178.907797 372.592270 415.463596 133.540256 85.906926 75.186435 213.527516 388.104367 62.625873 226.920691 67.186308 306.882714 335.047758 296.177312 383.024803 353.208154 460.017391 263.427409 197.002538 388.919015 187.949461 266.492026 477.403393 215.081380 85.726309 94.936821 302.848147 334.629646 239.760297 237.775104 334.332170 112.329871 169.673215 347.955457 380.148655 217.623528 245.344656 230.867928 390.325505 321.104344 193.600103 67.268120 209.423017 248.195487 127.011810 244.124968 51.009803 162.012345 278.890660 334.055385 239.269722 191.049732 328.758270 161.771444 264.801813 178.193715 345.418587 448.188576 265.849582 306.921814 309.725685 339.400943 67.623960 147.800541 425.681806 104.809351 404.467551 77.466122 343.559311 308.110370 331.484540 394.889858 94.413982 
294.000000 9.000000 4.000000 a 112.414412 367.604407 156.259400 139.230025 193.010362 59.464275 220.102249 215.837902 18.384776 297.107725 132.098448 181.892826 177.687929 118.680243 75.106591 350.218503 137.266165 80.622577 225.000000 247.163913 149.003356 267.738679 143.401534 223.378602 200.631503 188.480768 278.485188 235.280683 344.013081 184.271539 109.000000 164.438438 284.763059 225.942471 55.443665 183.207533 72.422372 273.001831 152.345003 392.045916 177.634456 317.351540 256.345470 95.524866 127.534309 121.066098 125.574679 165.529454 272.016544 371.033691 173.738309 125.299641 121.148669 113.251932 331.639865 79.711982 154.625354 39.623226 205.915031 233.925202 197.202941 286.027971 276.586334 392.122430 197.306868 191.400104 301.400066 197.091349 237.002110 382.593779 166.433170 166.243797 144.848196 202.714084 246.400081 142.031687 239.250914 259.788375 31.144823 94.260278 268.776859 321.099673 124.963995 155.647037 160.561515 303.423796 233.657870 100.124922 168.133875 124.779806 163.856645 172.707846 162.815847 96.881371 72.498276 283.668821 305.746627 158.902486 94.762862 290.079300 61.400326 214.009346 82.807005 293.751596 381.797067 198.927122 271.398231 209.059800 241.447717 68.095521 61.098281 370.109443 109.877204 317.001577 172.838075 260.862032 304.138127 260.572447 295.083039 125.801431 
143.000000 4.000000 5.000000 a 290.244724 474.773630 352.423041 335.451934 388.278251 169.118302 310.357858 412.243860 182.167505 494.095133 66.128662 31.112698 356.530504 176.283862 200.084982 515.713099 102.004902 165.653252 409.646189 442.720002 60.141500 240.468293 307.429667 355.759750 330.953169 328.402192 399.340707 422.232164 508.033463 361.221539 304.637489 40.311289 332.434956 383.563554 158.028478 362.891168 252.007936 229.034932 340.000000 564.149803 57.280014 383.307970 326.465925 292.308057 321.288033 317.067816 244.920395 218.680132 469.109795 456.207190 138.513537 150.296374 113.145923 307.065140 440.440688 135.694510 319.765539 164.514437 402.951610 430.743543 387.386112 480.350913 423.689745 519.839398 330.219624 226.364750 467.800171 206.242576 305.026228 562.360205 274.220714 103.247276 111.830228 395.487042 415.270996 337.037090 253.298243 403.808123 202.832443 264.915081 420.708926 435.012643 305.000000 342.036548 302.947190 468.624583 401.423716 282.379178 31.400637 292.063349 328.660919 128.705089 322.704199 114.389685 259.192978 285.567855 365.453143 317.472833 288.362619 369.411694 256.041012 320.220237 268.704298 395.834561 507.000986 333.054050 346.597750 406.158836 429.047783 160.131196 235.868607 475.752036 156.984076 483.016563 31.144823 419.344727 319.870286 398.177096 486.543934 160.589539 
276.000000 8.000000 2.000000 a 20.615528 281.298774 102.552426 92.417531 135.000000 135.977939 173.046237 144.899965 127.200629 203.246156 238.025209 294.212508 173.968388 229.636670 177.552809 233.257369 220.045450 145.526630 196.155551 178.101095 247.951608 287.850656 176.776695 137.767921 123.308556 105.342299 192.353841 198.758648 227.589543 182.016483 86.400231 266.507036 252.301407 118.067777 174.000000 64.660653 127.675370 301.264004 137.742513 273.470291 270.680624 265.559786 214.441134 73.681748 34.828150 86.815897 105.702412 174.751252 184.621234 298.904667 233.137299 241.400083 203.383874 31.304952 247.630774 169.516961 181.804840 158.417171 119.920807 141.283403 83.815273 219.020547 171.470114 291.619615 118.473626 199.619638 184.878338 219.783985 202.356122 264.015151 127.663621 285.035086 220.782699 94.047860 130.249760 103.174609 242.365427 158.455041 102.215459 145.674294 161.074517 234.676373 13.928388 143.108351 86.821656 187.296556 118.532696 21.840330 278.195974 39.597980 60.207973 237.002110 65.734314 191.039263 114.586212 282.081548 260.432333 65.145990 95.425364 233.529441 61.057350 155.080624 36.400549 219.535874 283.289604 118.330047 221.894119 127.137721 125.239770 185.270073 68.154237 284.585664 168.359734 200.339711 275.769832 149.576068 289.084763 164.012195 182.833257 240.208243 
265.000000 6.000000 3.000000 a 252.875463 496.638702 133.454112 142.435951 111.319360 306.882714 407.835751 123.583980 268.061560 187.216452 368.419598 400.209945 72.013888 260.192237 224.877745 382.256458 386.249919 326.840940 42.449971 114.756263 390.385707 506.400039 117.613775 365.126006 355.418064 336.867927 414.382673 50.039984 381.693594 65.551506 157.289542 401.677732 486.819268 325.897223 269.007435 257.623757 179.075403 515.388203 102.449988 393.935274 421.161489 499.252441 449.234905 174.413302 201.121854 151.327460 331.001511 394.366581 161.046577 524.317652 422.670084 287.062711 370.548242 204.120063 467.234417 329.188396 105.385008 267.329385 155.364089 168.011904 220.880058 116.107709 373.503681 487.016427 350.435443 421.113999 348.053157 434.814903 436.606230 362.006906 360.584248 348.143649 394.464194 206.886442 311.194473 132.007576 467.726416 368.680078 266.692707 161.554944 359.961109 453.100430 248.211603 97.800818 321.435841 352.285396 307.761271 243.577503 393.448853 274.089401 287.433471 422.181241 296.057427 344.692617 177.191986 510.236220 494.986869 297.060600 161.718892 466.854367 220.229426 389.549740 237.625756 447.263904 482.893363 349.704161 456.396757 146.659470 246.953437 264.850901 260.664535 500.483766 356.477208 358.810535 408.374828 342.441236 521.310848 379.390300 250.800718 278.217541 
180.000000 9.000000 3.000000 a 154.207652 121.342490 261.174271 255.001961 285.464534 219.692968 66.483081 284.255167 242.785914 300.672579 311.192866 370.871946 338.732933 364.387157 320.031248 176.504957 264.660159 211.123187 353.004249 312.417989 307.058626 222.200360 342.235299 29.068884 46.043458 61.660360 33.541020 352.036930 167.487313 346.705927 252.606413 326.559336 124.663547 80.156098 295.670425 139.628077 285.632631 243.074063 302.552475 230.436542 314.758638 111.521298 87.464278 239.403425 195.724296 252.352927 128.949603 152.751432 296.664794 132.698907 241.760212 366.890992 254.007874 197.040605 85.475143 244.705946 347.804543 278.677233 251.467692 257.421833 183.983695 348.604360 74.545288 153.938299 50.009999 157.648343 141.014184 185.714835 93.770998 247.202346 92.913939 391.624820 256.164010 200.897984 117.388245 266.308092 169.546454 57.035077 216.316897 306.571362 81.055537 74.953319 152.345003 307.936682 87.022985 139.014388 109.658561 167.725967 351.778339 133.090195 107.703296 250.569352 100.578328 261.535848 274.235300 188.002660 114.236597 101.138519 260.654944 79.630396 212.398211 47.801674 182.701943 53.488316 141.661569 49.162994 80.324343 260.823695 186.386695 310.934077 186.868938 123.911259 210.641876 151.330764 335.475782 93.744333 174.771279 43.185646 238.102919 369.384623 
175.000000 7.000000 5.000000 a 196.756194 87.321246 304.573472 298.464403 328.421985 252.067451 78.236820 326.435292 278.883488 338.119801 337.218030 395.804245 382.174044 400.930168 358.503835 190.065778 286.844906 241.018671 396.188087 353.909593 330.315001 217.462640 384.959738 72.498276 87.298339 104.292857 33.526109 394.974683 181.099420 390.151253 295.778633 349.276395 104.479663 118.793939 331.119314 181.958787 326.987767 239.240465 345.984104 243.051435 334.400957 75.643903 76.557168 282.334908 239.175668 295.711008 161.830158 170.205758 336.001488 89.822046 257.108926 401.669018 278.088116 240.333102 51.971146 274.116763 390.749280 314.331036 293.402454 297.934557 225.364150 389.278820 96.135321 134.617978 91.782351 168.297356 163.487003 194.825563 92.086915 265.699078 122.122889 422.309128 276.826661 242.117740 151.726728 309.769269 167.764716 85.088190 253.337719 348.323126 107.018690 47.381431 195.494245 351.368752 127.882759 160.561515 146.348898 210.040472 376.575358 175.328264 151.158857 266.507036 143.892321 289.171230 315.939868 175.846524 83.743656 144.249783 303.423796 48.373546 253.779432 72.124892 224.439301 10.198039 121.016528 91.443972 60.638272 302.800264 223.814655 346.717464 226.002212 88.955045 236.129202 170.657552 357.805813 123.470644 155.261070 69.971423 271.661554 404.820948 
144.000000 4.000000 4.000000 a 220.907220 427.719534 280.071419 263.077935 316.155025 101.533246 263.696796 339.860265 109.767937 421.549523 12.041595 61.400326 288.027776 125.865007 135.558106 451.701229 66.610810 103.232747 340.129387 370.563085 37.483330 231.864184 241.480848 298.645275 273.649411 268.495810 346.602077 352.195968 444.387219 293.204707 232.348876 43.965896 300.807247 320.338883 88.842557 294.054417 181.796590 226.761990 269.417891 498.510782 68.007353 347.414738 286.973866 219.804459 249.303028 244.724335 186.010752 176.570099 396.547601 415.866565 118.878089 105.209315 66.483081 235.034040 392.237173 70.092796 253.842471 93.021503 330.393705 358.231769 316.319459 408.540084 363.902459 467.038542 272.200294 191.637679 403.193502 179.002793 265.135814 494.535135 220.410980 89.005618 80.894994 323.857994 349.548280 264.915081 229.019650 344.553334 131.518060 196.514630 359.546937 385.125953 235.467620 271.737005 241.580214 404.352569 335.840736 212.132034 44.721360 224.804359 262.731802 111.126055 257.775096 51.623638 188.066478 268.262931 331.049845 252.723169 216.390850 328.641142 183.741666 269.252669 197.686621 348.673199 454.814248 274.803566 306.320094 333.594065 358.719946 94.339811 165.710591 429.196924 104.546640 418.632297 50.635956 356.393041 299.167177 340.600940 415.380548 114.634201 
207.000000 9.000000 5.000000 a 159.389460 114.738834 264.425793 258.683204 287.946176 227.160736 73.409809 286.006993 249.815932 300.041664 318.954542 378.651555 342.597431 371.285604 326.583833 170.484603 272.470182 218.764714 355.787858 313.694119 314.865050 228.319951 347.139741 32.984845 52.469038 67.119297 26.000000 354.492595 161.446586 350.545290 257.093368 334.368061 128.265350 79.649231 302.760632 141.481448 291.336575 249.327094 306.471858 224.414795 322.552321 111.830228 92.048900 244.174118 199.582063 256.517056 136.473441 160.430670 296.804650 128.390031 249.425340 374.040105 261.811001 201.375272 79.101201 252.356890 352.512411 285.748141 253.031619 258.118190 185.151289 349.413795 69.065187 146.184815 56.142675 164.984848 136.235091 193.000000 99.639350 242.033056 100.687636 399.155358 263.964013 201.972770 115.381974 270.024073 175.855054 52.611786 223.221863 312.084924 76.531039 68.066144 156.952222 311.852529 93.263069 134.059688 108.452755 173.046237 359.562234 138.520757 111.628849 258.259559 105.019046 269.258240 279.789206 193.126901 115.831775 105.905618 265.559786 80.622577 218.146740 55.443665 188.321534 50.119856 133.958949 55.009090 83.432608 262.419511 185.647515 317.970124 193.372697 117.426573 218.433056 146.054784 343.285595 90.249654 178.756818 38.052595 236.135554 376.446543 
209.000000 9.000000 1.000000 a 277.108282 130.495211 394.462926 385.861374 422.143341 294.064619 123.308556 423.381625 330.121190 441.643521 355.449012 407.957106 467.115617 448.447321 414.479191 287.313418 298.509631 277.218326 487.894456 452.583694 341.502562 171.959298 461.157240 168.344884 173.046237 191.637679 137.753403 488.439351 278.684409 475.177861 377.588400 357.840747 61.188234 221.205787 377.534104 279.329554 396.243612 192.665513 431.027841 338.008876 335.839247 29.832868 83.934498 362.249914 326.718533 379.922360 215.668727 187.216452 438.014840 83.186537 254.568262 443.091413 295.447119 324.819950 118.105885 306.058818 468.684329 362.215406 391.173874 398.493413 324.624398 489.483401 200.124961 196.900990 178.044938 170.317351 266.390691 186.967912 103.247276 364.878062 176.459627 450.014444 285.497811 341.621135 256.095685 396.758113 140.630722 189.789357 309.127805 419.076365 211.539594 127.141653 279.946423 436.357651 206.828431 263.150147 249.947995 288.487435 389.272398 255.264569 241.456000 264.367169 232.200345 315.074594 387.290589 120.507261 34.481879 230.867928 381.567818 62.225397 325.711529 138.571281 299.347624 98.488578 183.806964 179.136819 72.006944 400.424774 327.244557 393.559398 290.614865 128.316016 261.375209 272.029410 364.841061 228.177562 86.313383 174.642492 376.324328 448.361461 
264.000000 1.000000 1.000000 a 311.905434 208.319466 340.577451 347.276547 337.551478 424.414891 307.514227 316.812247 429.634729 260.109592 527.092022 586.908000 417.646980 535.840461 482.958590 74.276510 490.617978 424.099045 397.905768 323.447059 529.273086 461.289497 451.100876 240.303974 263.250831 262.154535 217.168138 387.583539 81.394103 423.494982 366.400055 549.108368 350.008571 205.761998 479.610258 242.167298 426.498535 482.669659 389.965383 44.045431 543.111407 310.522141 321.124586 363.655056 310.716913 357.816992 345.000000 389.307077 280.016071 261.919835 477.310172 548.032846 477.037734 322.418982 215.037206 456.010965 449.992222 463.389685 290.146515 270.822820 244.902021 336.719468 170.000000 145.602198 262.773667 397.756207 123.166554 425.973004 332.701067 82.280010 322.074526 589.186728 484.905145 250.241883 177.991573 356.523492 409.518009 190.184121 402.355564 438.731125 170.038231 207.617437 299.252402 394.149718 286.447203 121.630588 191.175312 324.075608 568.862901 302.803567 263.774525 485.341117 268.069021 476.287728 412.611197 421.715544 324.581269 273.075081 383.713435 292.181450 367.589445 287.346481 341.621135 246.109732 155.540991 259.699827 306.543635 296.920865 202.743681 491.614687 366.318168 211.747491 433.600046 107.563934 558.477394 169.920570 400.224937 199.964997 187.130970 546.840013 
133.000000 1.000000 4.000000 a 101.965681 364.983561 136.297469 119.268604 173.011560 75.471849 222.991031 195.923454 37.656341 277.764289 151.953940 200.810856 159.665275 125.717938 76.687678 338.427245 156.467249 96.020831 205.876176 227.178344 169.002959 281.432052 128.701204 219.494875 197.820626 184.295958 275.234446 215.863383 332.543230 166.481230 89.000000 184.390889 291.084180 217.186556 69.814039 170.073514 57.314920 287.767267 133.150291 378.761138 197.570241 320.861341 260.754674 75.663730 110.385687 101.079177 129.031004 175.840837 252.414342 371.303111 191.062817 136.014705 140.132081 96.260064 329.279517 98.762341 139.387948 55.946403 186.550261 214.758003 180.800996 266.030073 268.960964 386.264158 194.139125 202.272094 289.830985 210.154705 242.260191 367.828765 169.056204 181.320159 163.526756 185.399569 234.931905 122.036880 250.281841 253.001976 38.600518 80.280757 260.386252 318.158765 113.207774 136.623570 157.035028 292.071909 222.611770 88.684835 187.480666 117.004273 155.077400 190.546582 155.270731 116.558998 54.918121 294.598031 310.227336 151.822265 74.966659 292.482478 45.276926 214.755675 70.830784 293.001706 376.415993 195.478899 274.767174 189.488786 225.514966 79.981248 57.035077 367.669689 125.670203 305.368630 192.751135 251.334439 313.336879 254.907826 277.838082 135.151767 
251.000000 5.000000 1.000000 a 191.971352 411.734138 75.000000 91.219515 37.696154 276.925983 340.383607 33.615473 245.735630 104.043260 359.034817 402.120629 89.872131 280.223125 232.690782 290.387672 362.891168 293.972788 52.392748 28.319605 377.224071 458.017467 142.562267 288.211728 282.455306 263.964013 333.397660 42.011903 289.994828 92.021737 119.603512 392.000000 420.364128 243.232399 264.820694 177.282261 171.642069 470.134023 85.702975 302.397090 405.899002 425.854435 381.209916 134.807270 137.058382 108.189648 276.349417 344.383507 74.946648 443.190704 389.852536 304.217028 346.082360 145.361618 384.240810 305.499591 134.629120 257.437371 67.119297 76.059187 135.532284 58.549125 287.562167 397.834136 277.477927 370.072966 257.328584 388.274388 371.496972 271.488490 298.804284 363.600055 368.148068 119.920807 223.787846 86.469648 413.841757 284.903492 234.968083 164.769536 273.775455 369.898635 183.215720 85.615419 253.621766 261.629509 221.963961 186.593140 391.393664 210.641876 214.310522 391.453701 224.153965 324.484206 162.996932 453.753237 423.925701 226.313941 134.000000 393.204781 180.205438 319.612265 186.850207 368.610906 394.442645 276.210065 385.560631 57.775427 156.310588 266.182268 217.248705 415.707830 322.144378 267.570551 400.031249 255.704908 459.778207 296.826549 159.655880 297.405447 
256.000000 8.000000 4.000000 a 76.655072 348.465206 80.224684 63.387696 117.720007 122.576507 226.318360 139.057542 93.343452 219.790810 209.458827 258.723791 123.044707 168.884576 115.256236 296.543420 208.626460 140.132081 160.262285 171.105231 225.435135 314.230807 112.271991 203.305189 185.924716 169.168555 258.853240 167.839209 291.595610 130.862523 36.249138 241.513975 302.014900 186.593140 125.239770 128.156155 59.481089 323.736004 89.810912 332.609381 253.000000 322.931881 267.016853 19.646883 58.412327 46.324939 140.868733 202.180612 194.550765 363.011019 236.541751 184.718705 191.770696 46.141088 314.162378 151.476071 119.230868 113.088461 128.576825 156.850247 128.724512 210.857772 240.027082 360.212437 181.408379 228.973798 249.200722 242.738542 251.588950 318.064459 174.771279 235.478237 213.775583 130.873985 195.724296 68.410526 275.902157 226.973567 80.603970 77.162167 229.455878 301.599072 81.098705 94.493386 146.030819 252.009920 185.000000 63.150614 245.446532 97.862148 128.062485 237.640485 132.136293 171.046777 46.097722 318.912214 315.356941 130.464555 32.449961 292.022259 28.017851 212.313448 50.159745 283.388426 351.846557 181.837840 277.596830 131.594073 174.000000 132.574507 68.410526 351.627644 168.908259 264.327448 250.055994 217.338446 332.182179 232.105579 222.847481 181.738824 
187.000000 4.000000 4.000000 a 266.986891 131.217377 322.307307 325.269119 328.097546 369.514546 234.882950 312.443595 380.963253 276.871811 469.323982 529.528092 403.655794 494.631176 443.605681 59.059292 428.225408 366.230802 394.220750 326.932715 468.825127 385.576192 428.612879 173.761331 198.237232 200.997512 141.947173 386.512613 56.302753 410.440008 338.638450 488.635856 272.038600 152.463110 433.046187 205.645326 392.759468 407.191601 371.946233 91.241438 479.863522 231.553450 244.761108 332.415403 278.729259 332.222817 284.313208 320.975077 289.841336 184.610401 409.890229 503.611954 415.838911 288.133650 136.014705 399.260567 429.644039 416.227101 281.400071 268.990706 222.899080 348.936957 105.475116 74.060786 198.758648 326.724655 89.089842 354.739341 257.769277 127.800626 256.329866 539.232788 421.172174 233.105126 138.050715 335.764799 334.628152 125.159898 353.192582 408.240125 110.435502 128.763349 256.478069 376.724037 227.782791 85.211502 148.327341 280.446073 510.914866 253.663162 214.462118 418.417256 216.134218 418.474611 379.158278 344.431416 245.837345 220.510771 353.899703 213.964950 326.840940 216.667949 298.332030 168.121980 80.956779 195.900485 229.264040 289.691215 189.319835 446.410125 317.959117 134.892550 372.005376 77.233412 497.853392 117.618026 321.908372 131.502852 198.517002 503.707256 
180.000000 6.000000 3.000000 a 318.692642 166.075284 437.603702 428.379505 466.194166 324.376325 163.453357 468.241391 362.604468 487.894456 375.704671 424.698717 508.587259 477.921542 447.250489 330.818681 317.833290 306.111091 531.241000 497.821253 359.346629 172.812037 500.023999 214.014018 217.340746 235.849528 183.831445 532.271547 322.342985 516.643010 418.632297 374.213843 89.185201 267.406058 407.590481 324.624398 433.461648 191.002618 472.682769 380.494415 349.871405 76.026311 122.298814 402.880876 369.606548 421.612381 252.001984 214.112120 484.005165 113.745330 269.979629 470.455099 317.056777 366.957763 159.840546 332.640948 508.044289 393.021628 436.285457 444.212787 370.174283 535.051399 246.008130 232.422030 222.319590 193.313217 311.785182 204.550727 138.397977 408.717506 214.662526 472.178991 304.113466 387.191167 302.418584 439.113880 154.935470 236.038133 343.444319 456.553392 257.614052 170.261563 322.471704 477.972803 249.238841 308.444484 296.243143 329.461682 406.601771 297.042085 285.602871 279.485241 276.052531 339.249171 425.229350 122.702893 75.927597 274.404810 421.549523 107.935166 364.485939 181.207064 339.271278 144.450684 220.111335 223.606798 114.477072 445.486251 373.503681 423.515053 327.873451 163.196201 287.090578 316.900615 380.422134 274.388411 87.361319 220.911747 422.603833 476.422082 
208.000000 4.000000 4.000000 a 350.018571 241.298570 471.683156 460.370503 503.508689 328.402192 199.401605 509.283811 369.845914 539.560006 358.644671 400.151221 535.963618 475.925414 452.951432 399.530975 301.346976 308.058436 564.982301 540.631113 338.611872 138.057959 519.773027 264.321774 261.306334 278.741816 245.751907 567.965668 390.790225 543.900726 446.010090 350.462551 120.108284 320.689881 408.374828 369.985135 449.978888 149.753130 501.123737 450.781544 323.038697 138.101412 160.065612 429.316899 403.936876 450.960087 272.523393 218.357505 532.350448 189.889442 249.329100 464.314549 304.685083 398.810732 231.216349 328.892080 529.060488 395.770135 479.004175 490.637341 416.303975 579.644719 308.240166 307.883095 265.996241 192.753729 375.736610 193.227845 167.600716 476.640326 241.834654 456.097577 287.041809 433.221652 358.860697 470.379634 145.619367 295.381110 355.373043 473.295891 318.454078 240.010416 356.662305 506.211418 285.524080 372.786802 350.753475 358.660006 383.521838 329.620994 326.602205 257.751819 316.204048 330.650873 443.765704 101.843016 128.736164 313.461321 445.730860 164.468842 386.618675 221.882852 365.202683 207.927872 295.237193 267.977611 161.483745 487.829888 426.254619 423.689745 347.241991 238.648277 283.825651 382.562413 355.140817 333.713949 81.215762 280.189222 479.551874 471.561237 
213.000000 4.000000 5.000000 a 109.238272 275.181758 105.380264 110.367568 112.787411 228.949776 221.948192 102.956301 217.568380 121.757957 330.629702 385.954661 186.324985 306.537110 252.794383 169.779268 312.409987 237.928561 181.176709 127.640119 340.922279 361.621349 214.462118 158.795466 159.000000 141.904898 198.806439 176.139150 166.904164 193.126901 129.865315 359.435669 300.193271 108.406642 260.000000 51.078371 192.408420 377.724768 155.193428 198.176689 363.461140 297.257464 260.232588 129.201393 80.156098 120.768373 185.388781 253.160028 112.058021 307.876599 321.753011 322.518217 295.893562 94.021274 248.195487 262.488095 214.161154 245.772252 69.462220 71.449283 9.433981 162.659153 151.003311 263.594385 154.350251 274.961816 128.249756 298.826036 254.950976 180.543624 192.442199 371.436401 312.430792 16.763055 87.641314 120.070812 311.584659 148.862353 194.164878 202.556165 137.233378 233.805475 94.540996 159.812390 141.682744 132.136293 85.428333 114.791115 370.390335 116.017240 97.718985 326.475114 108.466585 284.007042 178.600112 345.950864 297.981543 112.641023 147.871566 264.915081 145.340978 198.600101 128.035151 235.592869 259.277843 152.322027 260.800690 78.790862 36.235342 269.133796 161.049682 279.164826 259.262415 141.152400 368.680078 119.268604 344.885488 161.418710 89.888820 319.624780 
269.000000 1.000000 4.000000 a 93.005376 186.316934 182.236111 178.044938 204.166599 195.880065 121.433109 202.002475 205.009756 222.427516 298.303537 358.134053 262.240348 319.862470 270.085172 154.932243 263.622837 195.389355 272.356384 230.123880 301.006644 271.737005 272.530732 54.488531 57.567352 44.045431 100.463924 270.651067 147.410990 270.053698 180.709712 320.800561 197.294197 23.600847 257.124483 57.428216 224.588513 290.139622 226.530351 203.943620 316.425347 193.072525 157.429349 170.011764 120.507261 178.213355 118.532696 174.347354 216.009259 210.297408 256.908544 327.885651 249.339126 125.143917 154.402073 227.228959 276.524863 240.276924 169.144908 175.727061 101.823376 266.655208 75.000000 194.486503 53.600373 190.591186 107.074740 217.559187 154.651220 207.280004 105.929222 363.637182 259.140888 118.802357 57.567352 189.446562 219.317122 61.131007 177.248413 242.997942 66.211781 140.684043 85.000000 231.864184 60.008333 107.800742 44.147480 107.004673 340.073521 77.826731 39.217343 263.873076 40.224371 247.517676 211.728600 248.847343 193.659495 44.821870 192.002604 160.639348 154.275727 97.144223 124.619421 133.988806 185.973116 50.960769 156.722685 178.507703 110.136279 270.647372 142.021125 189.842040 206.494552 122.200655 330.202968 59.548300 243.846263 67.742158 167.693172 328.269706 
270.000000 8.000000 2.000000 a 270.473659 366.305883 373.100523 357.001401 410.650703 173.461811 213.700725 428.141332 212.058954 493.173397 143.892321 172.191754 407.867626 279.431566 276.383791 450.699456 98.412398 154.651220 453.100430 461.524647 119.419429 96.566040 371.748571 279.551426 258.193726 263.882550 307.631273 461.963202 442.000000 414.570862 330.783917 125.542821 206.603485 324.322370 225.966812 331.022658 302.274709 82.298238 380.539091 503.647694 95.880134 260.409293 213.714763 314.340580 319.330550 340.931078 192.841904 131.897688 474.200380 336.715013 58.240879 260.432333 111.606451 307.429667 335.931541 151.792622 383.510104 220.410980 408.142132 431.149626 369.001355 502.415167 349.498212 421.674045 259.655541 121.708669 407.653039 93.648278 195.389355 512.247011 200.860648 236.072023 87.200917 382.130868 363.323547 363.064733 125.099960 329.479893 214.888343 322.778562 351.160932 334.368061 284.212948 384.334490 246.910915 407.103181 349.984285 269.673877 157.695910 261.030650 286.272597 57.697487 276.904316 140.089257 302.768889 146.154028 241.400083 271.670757 320.881598 255.274362 268.001866 232.131428 264.037876 291.926361 407.946075 262.817427 233.383804 414.290961 401.442399 237.604714 231.464900 366.281313 125.960311 421.118748 128.062485 356.117958 181.859836 319.325852 462.563509 269.616394 
104.000000 6.000000 1.000000 a 253.402841 426.357831 328.038108 311.025722 365.005479 132.966161 262.154535 387.290589 155.029030 465.146214 46.065171 66.007575 342.760850 182.332115 192.917081 472.547352 55.226805 125.299641 393.742302 419.029832 23.194827 196.091815 297.892598 309.828985 285.217461 283.769272 351.980113 405.172803 464.655787 348.281495 281.028468 17.888544 283.975351 340.390952 144.837840 324.722959 235.535560 186.681547 322.020186 522.015325 12.083046 334.628152 277.721083 267.067407 289.663598 293.000000 200.601595 170.293864 441.616349 407.453065 90.249654 159.812390 68.796802 275.757140 392.195105 99.689518 310.220889 146.321564 374.711889 401.508406 352.682577 458.069864 378.549865 472.271109 284.763059 177.611937 425.179962 157.800507 256.300605 522.189621 227.692775 128.549601 63.600314 362.144999 373.696401 314.078016 205.448290 358.510809 171.143215 251.803495 376.224667 387.020671 268.268522 324.718339 259.237343 425.772240 359.805503 247.032387 50.009999 252.764713 287.793329 80.523289 281.092511 78.447435 240.416306 239.207023 316.835920 275.771645 266.480769 320.677408 226.614210 272.719636 235.017021 347.519784 459.322327 287.673426 297.860706 378.811299 392.674165 151.700363 201.109423 427.285619 112.004464 440.193139 21.000000 375.841722 272.946881 352.241395 451.577236 169.711520 
129.000000 7.000000 5.000000 a 149.896631 419.529498 81.688432 71.196910 105.152271 175.328264 300.674242 132.853303 135.506457 223.573254 237.894935 275.116339 61.032778 149.562696 102.181212 349.435259 253.475837 195.816240 112.361025 156.262599 258.909251 379.526020 38.470768 275.757140 259.532272 242.324163 330.650873 125.000000 345.775939 67.230945 54.230987 271.271082 375.704671 253.017786 139.434572 188.289670 46.572524 386.846223 45.221676 378.428329 289.347542 397.396527 341.228662 64.629715 115.277925 60.440053 213.300258 270.414497 194.435079 436.378276 290.738714 173.297432 237.800336 109.114619 385.939114 196.473917 44.777226 135.712932 140.801278 169.011834 173.104015 188.743212 306.163355 426.469225 254.907826 297.257464 304.883584 307.884719 325.382851 357.404533 248.708665 232.862620 261.772802 168.157664 254.827393 63.600314 344.971013 295.083039 136.652845 33.955854 294.491086 372.973189 151.907867 45.891176 220.127236 308.262875 246.089415 136.970800 266.152212 171.563399 198.456544 289.882735 203.855341 211.966979 44.944410 388.741559 389.724261 202.785601 43.174066 366.456000 99.126182 286.754250 124.615408 356.788453 419.076365 255.154855 352.035510 138.657852 215.613079 138.090550 138.003623 422.848673 225.488359 319.089329 278.469029 280.401498 404.079200 301.731669 251.017928 166.571306 
158.000000 3.000000 3.000000 a 234.522920 218.048160 252.121003 259.331834 248.871453 352.465601 265.377090 228.600087 352.423041 179.011173 456.396757 515.201902 328.878397 453.017660 399.606056 43.185646 425.621898 355.105618 310.091922 237.052737 461.417382 422.511538 362.860855 191.211924 209.802288 203.334699 188.939144 300.281535 49.040799 334.741691 279.651569 481.040539 324.126519 142.947543 400.312378 161.941347 341.222801 442.684990 301.365227 48.373546 478.457940 295.918908 289.062277 278.037767 226.108381 270.564225 281.348538 335.261092 195.604192 267.944024 419.672491 466.840444 410.805307 238.600084 209.697401 385.292097 361.498271 384.668689 201.427406 182.792232 158.028478 253.842471 128.140548 172.626765 207.870152 348.542680 61.204575 376.415993 295.381110 45.541190 266.300582 511.242604 421.730957 162.163498 106.004717 268.330021 369.395452 145.086181 325.960120 352.285396 121.148669 197.800404 220.780434 305.499591 222.970850 63.007936 119.883277 245.448569 497.892559 229.019650 191.971352 426.769258 198.456544 406.322532 327.340801 390.020512 305.805494 203.789107 297.435707 270.440382 286.262118 242.123935 262.337569 225.942471 176.241312 204.714435 278.949816 208.312266 114.634201 411.340492 290.036205 222.191359 368.647528 51.478151 490.474260 111.986606 375.046664 159.003145 102.107786 464.940856 
258.000000 5.000000 1.000000 a 123.422040 353.022662 193.507106 176.638048 230.956706 18.384776 196.573142 252.031744 25.612497 328.823661 102.156742 158.685223 220.945695 137.058382 106.230881 357.106427 95.707889 39.115214 267.217140 284.344861 114.140265 226.296266 186.638688 213.859767 189.475592 180.767807 266.390691 276.920566 350.138544 227.635674 147.800541 131.734582 253.842471 227.402726 66.030296 196.644349 115.935327 230.555850 194.486503 402.534471 140.228385 291.139142 229.218237 132.638607 153.769308 159.138305 105.019046 129.653384 305.380091 350.525320 130.172962 134.974072 79.075913 139.713994 316.892726 38.209946 198.002525 50.635956 238.421895 265.188612 219.155196 324.126519 274.302752 384.346198 187.040103 154.155765 308.298557 156.706732 208.614477 397.336130 145.168867 160.701587 102.142058 227.378539 253.970471 180.878412 201.258540 255.890602 34.928498 137.437258 268.426899 307.709278 137.905765 198.040400 152.689227 309.741828 240.453738 114.529472 142.298981 128.763349 167.597733 129.251692 163.783394 58.137767 115.836091 245.523930 277.872273 159.022011 135.594985 266.270539 90.354856 194.941017 100.463924 276.159374 373.048254 189.214164 246.002033 242.668498 261.176186 82.054860 68.095521 355.123922 67.208630 323.857994 140.801278 263.372360 268.376601 254.118083 318.308027 138.708327 
295.000000 4.000000 5.000000 a 229.427548 43.416587 327.928346 323.902763 347.857730 296.000000 125.207827 342.301037 320.515210 341.621135 383.481421 442.326802 408.104153 442.245407 397.905768 166.388101 333.661505 286.000000 416.635332 367.077648 377.043764 259.422435 416.062495 103.004854 123.794184 138.032605 47.095647 413.769259 157.965186 415.927878 325.036921 396.080800 141.060271 132.913506 373.280056 201.109423 362.067673 281.357424 372.323784 216.379297 381.400052 98.183502 120.104121 312.968049 265.858985 323.445513 205.234013 217.200368 343.582596 69.354164 304.041116 444.346711 324.649041 269.135654 8.544004 319.339944 420.862210 356.328500 308.779857 308.974109 240.235301 399.664860 92.021737 88.814413 127.475488 215.002326 151.267974 241.207380 137.644470 244.364482 166.769302 467.209803 323.760714 256.134730 156.028843 335.304339 211.624668 90.917545 294.187015 382.472221 105.645634 6.403124 225.743217 377.669167 164.596476 147.492373 154.777259 243.296116 423.108733 209.059800 179.201004 313.464512 173.933895 334.977611 350.279888 214.671843 112.787411 175.482193 334.646082 83.006024 289.001730 117.200683 259.030886 41.109610 75.000000 126.253713 101.710373 318.198052 229.732453 388.634790 264.705497 46.097722 282.363241 154.304893 404.654173 124.197423 189.662859 79.309520 269.536639 447.027963 
197.000000 8.000000 4.000000 a 84.528102 316.393742 171.991279 155.939091 209.554289 36.769553 165.435788 227.705951 47.518417 298.605090 140.292551 198.436388 213.805987 169.567096 129.757466 316.077522 121.696343 48.041649 254.489685 260.909946 148.761554 222.575830 188.986772 174.751252 150.840976 140.943251 228.442553 262.268946 309.071189 221.205787 130.678996 167.547008 230.221632 186.316934 100.169856 157.280005 118.224363 230.638245 182.989071 361.845271 171.493440 262.480475 201.427406 113.846388 122.200655 140.217688 71.028163 114.402797 277.007220 317.354691 142.874070 171.452617 104.809351 109.004587 280.280217 70.384657 199.060292 83.198558 210.059515 235.212670 183.142021 301.628911 233.623629 345.079701 148.060798 141.031911 267.301328 150.894003 182.148291 357.505245 112.017856 201.357890 124.004032 192.854868 213.103261 162.336071 189.010582 215.448370 24.041631 141.481448 227.501648 270.431137 99.317672 187.301895 112.729765 268.704298 199.529446 77.491935 181.397354 87.965902 126.574089 144.734239 122.674366 91.923882 113.278418 233.212350 250.832614 117.923704 123.174673 235.478237 67.067131 160.449369 66.370174 241.002075 334.073345 150.053324 216.566387 215.392665 223.617978 115.520561 32.140317 318.698917 75.186435 282.846248 176.875663 222.272355 251.563113 214.238185 282.081548 173.902271 
Type de surveillance de chaque endroit(target):tab[nombre de target]
a a a a a a a a a a a a a a a a a a a a a a a a a a a a a a a a a a a a a a a a a a a a a a a a a a a a a a a a a a a a a a a a a a a a a a a a a a a a a a a a a a a a a a a a a a a a a a a a a a a a a a a a a a a a a a a a a a a a a a a a 