Nombre des capteurs:
50
Nombre des targets:
50
Nombre de type de surveillance:
1

Caracteristiques:
280.000000 3.000000 2.000000 a 282.816195 327.360657 147.299016 173.979884 202.940878 292.099298 438.826845 351.262010 173.011560 229.054579 367.491497 376.430604 312.846608 290.423828 173.692257 362.398951 194.139125 298.001678 194.537914 201.717624 404.223948 114.214710 294.552203 115.017390 90.138782 445.004494 234.642281 194.833262 110.981981 96.046864 248.310290 214.009346 96.046864 257.108926 386.803568 117.239072 272.640789 179.293056 316.652807 220.737401 180.049993 205.769288 195.673197 296.447297 348.304465 40.162171 138.191896 241.033193 374.213843 384.688185 
163.000000 2.000000 4.000000 a 302.233354 350.035712 70.349129 179.902752 251.668433 210.618138 311.314953 453.485391 77.129761 406.004926 456.946386 413.146463 288.875406 185.440017 265.324330 388.207419 241.660919 162.520768 172.733899 44.721360 269.601558 201.427406 365.492818 106.775465 161.198635 413.696749 134.182711 59.076222 95.189285 140.730238 67.082039 364.869840 251.007968 379.827592 285.889839 211.624668 126.321020 250.008000 214.646221 161.335055 186.986631 82.927679 326.805753 232.561820 354.572983 207.694487 256.345470 213.178329 243.018518 349.961426 
263.000000 8.000000 3.000000 a 53.160135 92.779308 222.575830 103.227903 34.669872 161.297861 297.435707 175.413796 316.834342 225.887140 174.897113 144.461067 107.814656 187.672587 68.249542 127.882759 45.221676 225.179928 112.924754 315.158690 281.055155 122.702893 82.764727 279.692688 164.176734 220.513038 179.254010 320.975077 236.135554 290.027585 264.705497 158.521292 155.544206 129.691943 230.482103 117.881296 230.586209 55.578773 193.002591 138.852440 95.963535 209.570990 115.260574 142.618372 116.211015 194.987179 106.920531 96.187317 257.256681 169.162644 
151.000000 6.000000 4.000000 a 280.964411 303.817379 309.342852 255.156815 221.334588 371.012129 519.466072 232.939906 361.686328 43.931765 259.695976 323.066557 338.285382 386.401346 171.944759 324.137317 220.984162 412.001214 280.444290 385.219418 496.009072 191.481070 232.561820 304.198948 219.492597 441.072556 348.891100 381.030183 287.000000 287.647354 400.911462 85.510233 129.294238 146.768525 454.828539 182.923481 400.091240 195.576072 402.612717 316.166096 255.190125 345.775939 117.337121 360.672982 333.640525 173.184872 147.339743 302.200265 468.482657 397.397786 
188.000000 3.000000 2.000000 a 88.005682 98.615415 262.154535 163.012269 148.030402 93.509358 174.874241 261.076617 357.095225 359.210245 245.601303 151.426550 26.400758 126.822711 196.725697 122.641755 152.315462 167.800477 148.097941 340.000000 170.496334 223.778909 171.397200 339.613015 248.163253 117.953381 163.917662 351.069794 293.620503 361.060937 250.990040 291.358885 276.342179 252.944658 108.171161 224.109348 193.258894 176.204427 110.022725 140.217688 156.115342 214.953483 249.226804 67.208630 80.062476 299.547993 231.691605 97.514102 155.544206 53.450912 
190.000000 4.000000 4.000000 a 105.475116 87.206651 316.260968 211.142132 181.408379 148.553021 198.204440 245.220309 411.928392 373.207717 224.543982 118.532696 68.883960 181.107703 226.152603 92.720009 188.095720 221.000000 199.371513 395.701908 204.677796 265.369554 168.014880 392.164506 294.898288 66.189123 219.938628 406.558729 346.013006 412.074022 306.776792 305.499591 311.295679 258.172423 138.452158 264.092787 248.195487 209.121974 161.235852 195.071782 203.666394 270.800665 267.555602 122.918672 57.428216 341.586007 263.910970 149.040263 196.086716 16.763055 
227.000000 3.000000 2.000000 a 329.771133 355.613554 323.649502 288.300191 264.614814 408.905857 559.325487 287.271648 362.167089 91.760558 314.407379 377.361895 384.688185 421.046316 215.000000 377.482450 262.731802 442.936790 313.912408 390.266576 533.318854 219.665655 286.434984 304.198948 238.321212 492.541369 378.350367 383.950518 295.169443 282.398654 420.437867 140.292551 153.938299 201.804361 496.299305 212.624081 427.299661 237.394187 439.732873 349.005731 289.620441 368.213253 168.433963 401.154584 385.001299 182.167505 184.588732 341.568441 504.905932 446.534433 
155.000000 1.000000 5.000000 a 320.306104 368.957992 94.540996 191.128229 248.040319 280.044639 409.646189 429.180615 69.871310 330.915397 440.541712 426.564180 331.061928 266.309970 237.655212 406.988943 237.547890 258.804946 200.584147 103.870111 370.202647 165.680415 357.015406 15.556349 119.632771 465.317096 206.518764 93.962759 55.081757 18.601075 181.397354 307.240948 184.260685 340.625894 370.167530 173.971262 225.893780 233.034332 295.959457 211.532503 199.090432 160.330908 280.130327 293.615395 383.093983 126.087271 211.929233 251.097591 341.087965 401.260514 
121.000000 6.000000 1.000000 a 317.176607 366.083324 83.096330 186.978608 247.032387 270.118493 396.879075 432.510115 56.008928 341.039587 442.831797 424.746984 324.895368 254.950976 239.943743 404.357515 236.448726 245.692898 194.486503 88.022724 357.056018 167.764716 357.761093 2.236068 120.933866 458.651284 195.368882 78.854296 47.759816 34.655447 166.012048 314.658545 191.846293 345.579224 359.016713 176.581426 212.200377 233.692105 284.775350 202.940878 195.017948 147.678705 285.716643 284.803441 379.043533 135.162865 216.363121 244.640553 328.161546 394.366581 
111.000000 6.000000 1.000000 a 95.885348 55.785303 335.886886 221.720545 175.823775 186.389377 250.287834 197.590486 432.897216 342.211923 175.045708 66.940272 93.380940 220.220344 213.527516 43.566042 184.567061 261.721226 215.647861 420.933486 255.765518 264.741383 130.667517 406.787414 300.509567 83.486526 250.351753 430.447442 360.854541 423.135912 340.283705 275.936587 301.373522 223.006726 189.763010 261.503346 285.408479 201.089532 204.377102 219.617850 213.740497 298.328678 242.637590 159.260792 30.413813 339.511414 252.507426 168.629772 245.473013 68.468971 
109.000000 9.000000 5.000000 a 152.453272 188.488726 176.011363 121.753850 158.398232 14.866069 154.207652 335.431066 263.590592 379.890774 327.110073 249.881972 109.178753 20.615528 203.592731 221.472346 155.206314 62.625873 96.540147 240.684441 124.482931 192.852275 239.169396 258.031006 196.331353 218.892668 64.776539 253.355481 214.755675 285.187658 144.031247 316.892726 257.421833 297.865742 102.107786 198.070694 84.958814 179.412932 31.400637 65.299311 119.519873 116.927328 271.206563 41.617304 180.767807 258.278919 225.601418 74.000000 96.046864 156.818366 
207.000000 7.000000 1.000000 a 84.291162 129.541499 184.621234 67.623960 5.000000 153.075145 298.966553 207.077280 277.901062 223.660457 209.914268 183.831445 124.615408 173.954017 48.795492 166.087326 5.656854 207.299301 82.734515 277.618443 277.411247 84.929382 119.201510 240.052078 124.775799 249.465428 154.003247 282.846248 196.664689 250.529439 234.307490 159.731024 126.921235 146.085591 234.104677 81.394103 207.086938 26.076810 185.237685 114.109596 61.351447 177.485211 114.061387 140.246212 149.753130 159.452187 81.394103 83.648072 251.177228 193.062166 
147.000000 8.000000 1.000000 a 190.031576 237.625756 73.552702 76.118329 146.751491 114.039467 249.018072 349.262079 166.571306 336.174062 349.847109 300.820545 178.734440 101.651365 172.104619 275.775271 137.786066 105.261579 62.177166 151.476071 212.438226 126.530629 257.619875 155.029030 109.123783 308.292069 42.544095 161.384634 111.543713 181.994505 92.070625 283.289604 190.546582 285.156098 204.518948 135.358783 83.761566 152.069063 130.613935 50.537115 81.492331 34.785054 240.168691 129.838361 242.538657 172.586210 176.119278 101.044545 182.463695 243.823707 
124.000000 7.000000 5.000000 a 237.951676 286.832704 45.221676 108.078675 168.514094 203.376498 342.422254 359.562234 116.828935 293.138193 367.850513 345.606713 248.171312 194.797331 166.412139 325.098447 157.892368 196.369550 117.885538 126.530629 305.511047 95.713113 280.722283 77.414469 50.289164 382.623836 135.930129 127.121989 33.241540 95.189285 144.754965 255.154855 138.090550 277.281445 296.440551 105.550936 168.834238 157.206870 223.215143 132.457540 116.077560 101.316336 220.272558 214.114455 300.166620 96.462428 149.120756 168.514094 275.601161 318.780489 
181.000000 6.000000 3.000000 a 299.015050 348.051720 50.119856 169.008876 236.326046 233.788366 353.134535 431.844880 47.201695 362.106338 439.004556 409.176001 298.107363 215.083705 239.069028 386.649712 225.754291 201.717624 170.469939 54.451814 312.621177 169.056204 350.237063 48.414874 123.490890 429.504366 156.818366 53.712196 44.407207 82.462113 118.207445 327.604945 207.966343 350.656527 319.001567 178.941331 167.146642 228.212620 245.099980 171.405951 176.954796 106.000000 293.586444 251.268780 357.576565 158.012658 222.467975 218.247566 284.255167 364.993151 
224.000000 6.000000 1.000000 a 85.211502 130.249760 184.805303 68.154237 5.385165 154.434452 300.374766 206.545395 277.915455 222.283603 209.575762 184.260685 125.924581 175.231276 47.381431 166.688332 5.830952 208.482613 83.600239 277.838082 278.792037 84.172442 119.016806 239.827021 124.326184 250.569352 155.000000 282.991166 196.542616 250.121970 235.053185 158.404545 125.686117 145.055162 235.518577 80.504658 208.117755 24.698178 186.593140 115.156415 61.983869 178.160040 112.729765 141.650980 150.651917 158.533908 80.056230 85.000000 252.539106 194.280725 
127.000000 2.000000 4.000000 a 369.898635 418.713506 120.933866 241.149331 309.685324 290.330846 391.000000 505.609533 32.388269 427.929901 512.800156 480.618352 363.798021 266.308092 312.699536 457.280002 299.152135 243.501540 240.052078 36.496575 349.022922 242.142520 423.803020 90.138782 195.880065 491.846521 213.018779 23.706539 114.965212 113.951744 146.013698 397.886919 276.240837 423.557552 367.103528 251.882909 207.280004 302.026489 295.690717 235.544051 248.965861 160.626897 365.636431 311.077161 426.410600 221.822001 294.762616 285.406727 323.187252 427.659912 
112.000000 6.000000 1.000000 a 289.000000 244.476993 531.613581 411.661269 342.953350 417.614655 480.046873 174.244082 625.799489 367.447955 152.505738 181.570923 322.374006 451.541803 350.406906 209.811820 353.556219 493.668917 416.865686 623.796441 490.486493 421.674045 230.288949 585.976962 467.603464 274.016423 470.443408 630.025396 544.008272 591.929894 561.271770 328.249905 423.831334 269.631230 424.199246 413.885250 513.066273 354.369863 439.031890 433.498558 404.042077 511.375596 327.371349 390.401076 251.077677 479.892696 381.634642 381.414473 481.705304 300.647634 
142.000000 7.000000 4.000000 a 280.071419 328.124976 49.091751 156.773722 228.473193 193.847879 303.028052 430.227847 85.052925 385.083108 433.761455 391.061376 268.763837 170.836179 242.231294 366.415065 218.442212 152.210381 150.233152 61.294372 261.919835 179.047480 342.379906 101.242284 140.014285 395.459227 116.456000 73.054774 80.262071 135.092561 65.000000 342.708331 230.312831 356.799664 273.239821 189.235303 116.619038 226.770809 200.569190 140.662717 163.917662 64.078077 304.179223 214.555354 333.438150 189.446562 233.944438 191.942700 234.232790 331.387990 
147.000000 4.000000 5.000000 a 115.247560 127.279221 261.633331 172.626765 168.362704 80.777472 146.109548 289.927577 354.231563 384.246015 274.242593 178.126360 52.153619 111.395691 217.848571 149.566039 171.327172 150.073315 154.324334 334.175104 142.126704 237.806644 200.024998 341.391271 257.670332 123.490890 156.780101 346.140145 295.959457 364.927390 239.384628 316.652807 293.860511 280.264161 79.309520 239.232105 178.868667 196.114762 89.810912 139.742621 166.508258 209.093281 273.658546 58.821765 107.168092 312.416389 251.077677 105.546198 128.565159 62.225397 
297.000000 6.000000 4.000000 a 198.917068 219.276082 252.035712 204.200881 229.712864 80.280757 71.063352 380.147340 331.255189 452.924939 366.072397 271.346642 138.600144 80.777472 278.028775 242.825040 228.825261 95.707889 179.493732 302.524379 50.695167 275.408787 287.221169 334.044907 280.007143 193.669822 140.463518 316.829607 293.001706 363.232708 194.805031 387.439027 339.063416 359.780489 30.528675 280.032141 131.848398 254.096438 52.801515 149.003356 201.159141 187.600640 342.299576 89.587946 200.422055 341.985380 304.174292 147.410990 36.400549 146.184815 
105.000000 9.000000 1.000000 a 260.324797 288.792313 267.710665 219.401459 193.600103 338.576432 488.635856 241.960741 320.039060 78.294317 266.086452 315.835400 314.078016 351.809608 144.031247 313.198020 191.671594 375.410442 244.951016 343.246267 463.259107 152.947703 224.287762 262.710868 178.317133 424.872922 311.494783 339.157780 245.000000 247.121428 360.302651 87.931792 88.865066 148.475587 425.338689 145.013792 361.835598 166.330995 369.655245 280.401498 220.204450 305.812034 103.247276 330.280184 317.515354 131.244047 113.899078 270.830205 435.109182 377.005305 
223.000000 7.000000 4.000000 a 96.104110 142.947543 168.220094 51.865210 21.260292 147.299016 295.787086 222.970850 261.629509 229.941297 226.214500 198.829072 129.807550 165.604952 53.665631 180.155488 10.816654 196.987309 69.007246 261.222128 272.253558 73.171033 135.602360 224.396970 110.308658 258.379566 141.286942 266.452622 180.693110 235.681989 219.456146 167.967259 121.852370 159.078597 232.206804 71.175839 194.658676 29.546573 179.175891 102.107786 46.097722 162.265215 122.380554 137.178716 161.446586 149.003356 79.812280 78.243211 245.203997 200.084982 
106.000000 1.000000 5.000000 a 174.722637 195.125601 245.458754 187.301895 208.038458 63.976558 90.785461 355.820179 329.086615 430.930389 341.843531 247.945559 114.271606 74.060786 256.850151 219.317122 207.713745 99.317672 163.370744 302.630137 74.953319 258.213090 262.937255 327.673618 266.030073 177.234308 133.184083 316.362134 285.156098 355.609336 197.699267 365.016438 320.830173 336.181499 31.048349 262.255601 134.134261 233.111561 44.045431 135.417872 183.611002 183.221178 320.089050 68.014704 176.819117 326.928127 284.313208 127.349912 58.694122 125.674182 
140.000000 3.000000 1.000000 a 239.643485 288.729978 18.027756 109.201648 176.309387 188.095720 321.603794 373.359076 107.056060 318.025156 379.668276 349.425242 242.571639 175.727061 181.573677 327.299557 165.758861 173.092461 112.805142 108.240473 283.557754 114.284732 290.387672 81.884064 73.027392 375.825757 115.952577 111.830228 37.054015 107.466274 116.619038 277.016245 163.196201 294.884723 279.028672 124.454811 143.669760 169.198109 205.009756 119.820699 117.200683 75.716577 239.970832 201.804361 299.362656 124.422667 169.047331 162.249807 253.870045 311.449835 
200.000000 7.000000 5.000000 a 270.484750 267.551864 381.035431 320.449684 327.001529 200.202398 82.292162 427.141663 460.017391 542.351362 405.616814 297.060600 209.322717 209.162616 376.619171 273.645756 329.334177 223.181540 297.859027 430.047672 122.702893 389.974358 347.519784 463.158720 401.808412 167.863039 268.990706 444.703272 421.521055 491.906495 320.806795 474.494468 449.677662 434.165867 105.990566 392.825661 259.326050 354.447457 179.694185 272.029410 315.786320 316.910082 432.209440 196.824795 239.033470 461.410880 408.832484 255.882786 144.183910 165.529454 
182.000000 1.000000 1.000000 a 198.171643 196.412831 331.074010 256.815109 256.826790 144.086779 94.921020 357.692605 417.193001 470.252060 337.432956 230.653420 137.440896 161.941347 306.235204 205.572372 259.824941 187.275199 235.987288 391.342561 117.413798 324.410234 275.811530 413.001211 340.523127 115.948264 219.513098 404.980246 369.228926 439.501991 286.190496 402.344380 381.937168 361.875669 63.529521 326.438356 222.638721 284.620800 132.196823 214.462118 251.406046 270.780354 360.351218 134.171532 168.751296 397.816541 339.567372 190.436341 124.197423 96.135321 
204.000000 1.000000 3.000000 a 187.882942 211.021326 237.035862 188.217959 215.230109 64.443774 87.005747 370.388985 317.694822 438.507697 357.274404 265.188612 129.189783 65.306967 263.210942 236.457184 214.021027 84.118963 163.444180 289.836161 63.071388 259.433999 276.557408 319.152001 263.893918 195.897933 125.131930 303.916107 277.722883 348.037354 183.240279 373.369790 323.233662 347.070598 40.792156 264.140114 119.816526 239.200753 36.769553 132.883408 185.270073 173.141561 328.086879 75.591005 193.889144 325.861934 288.780193 132.280006 42.011903 144.450684 
167.000000 7.000000 3.000000 a 211.896201 217.112874 315.838566 252.764713 262.274665 132.698907 61.983869 380.110510 398.057785 480.916833 361.437408 256.976653 149.030198 144.086779 311.948714 230.633909 263.933704 163.572614 230.082594 370.109443 83.868945 322.530619 294.271983 398.057785 334.053888 149.264865 203.553433 384.266834 355.609336 426.063376 262.710868 413.469467 382.873347 376.927049 40.000000 325.591769 199.649693 289.249028 114.157786 204.533616 248.203546 253.001976 370.114847 129.251692 191.481070 393.662292 343.001458 188.663722 93.493315 121.926207 
143.000000 6.000000 1.000000 a 256.628136 214.037380 496.338594 376.706783 307.210026 388.928014 460.434577 136.682113 589.932199 331.422691 114.494541 152.738338 294.108823 422.664169 313.129366 181.532366 317.775078 464.811790 382.920357 588.847179 468.123915 384.629692 193.767902 549.305015 430.759794 259.649764 438.634244 594.727669 507.720395 554.732368 529.139868 290.704317 385.893768 231.758495 401.997512 376.706783 482.694520 317.718429 411.798494 400.963839 369.195070 478.167335 289.359638 361.906065 223.761033 442.113108 343.936041 349.284984 457.542348 279.034048 
129.000000 8.000000 4.000000 a 369.009485 385.810834 400.132478 351.411440 315.226902 466.502947 613.959282 283.196045 443.010158 97.082439 312.827428 394.868332 428.740014 482.511140 266.450746 400.824151 315.653291 508.236166 376.693509 470.230794 591.481192 287.043551 308.868904 385.011688 312.083322 522.398315 444.983146 464.388846 373.965239 363.727920 494.434020 164.805946 223.329353 216.910120 548.631024 278.743610 495.903216 290.408333 498.256962 412.419689 351.415708 440.265829 205.827598 455.247186 416.303975 259.942301 243.528232 397.404076 564.213612 483.811947 
239.000000 5.000000 1.000000 a 112.805142 156.425701 159.062881 73.355300 104.675690 52.345009 203.383874 290.056891 254.348187 325.779066 284.738477 219.968180 90.735880 70.880181 149.482440 193.217494 101.133575 107.074740 50.960769 239.140126 177.101666 143.961800 194.002577 237.118114 155.502412 221.045244 69.892775 249.435362 191.366141 259.932684 160.897483 262.880201 206.787330 245.790561 143.892321 148.003378 115.520561 125.299641 83.600239 37.589892 69.339743 115.745410 217.186556 50.960769 156.977705 214.161154 172.467388 22.022716 149.512541 156.540730 
147.000000 2.000000 3.000000 a 253.237043 302.167172 42.011903 123.065023 184.133104 214.032708 350.127120 374.669187 101.788997 303.726851 383.220563 361.120479 262.185049 203.494472 181.463495 340.477606 173.510807 202.141040 131.700418 113.780490 312.385979 110.276924 296.285335 62.169124 63.976558 396.440412 143.961800 113.296072 17.691806 82.152298 143.003496 267.858171 148.973152 291.611042 306.164988 119.954158 172.803356 172.678893 232.441390 144.003472 131.095385 104.847508 234.000000 226.019911 315.163450 102.961158 162.963186 182.222392 282.630501 332.416907 
236.000000 5.000000 5.000000 a 36.400549 70.178344 242.588128 122.494898 57.245087 164.103626 292.535468 163.917662 337.681803 236.326046 160.031247 121.655251 97.616597 193.023315 89.202018 104.809351 67.601775 232.363939 129.139460 334.619187 279.293752 145.784087 68.154237 301.763152 186.935818 200.960195 191.376592 340.969207 257.800310 312.705932 279.159453 168.344884 177.101666 131.487642 225.062214 140.943251 241.033193 78.447435 194.815297 151.489274 114.865138 225.470619 127.640119 142.635900 95.036835 217.892175 128.191263 104.235311 257.153651 152.816884 
174.000000 7.000000 1.000000 a 266.745197 220.537979 512.656805 392.444901 325.504224 391.318285 449.026725 172.675997 607.852778 369.845914 147.220922 156.984076 296.082759 425.311650 337.083076 184.361059 336.133902 467.338207 396.046714 604.107606 460.440007 407.240715 215.501740 570.035964 452.403581 242.018594 446.838897 610.946806 527.147987 577.644354 537.841984 325.613268 414.160597 265.135814 394.178893 399.941246 487.964138 339.013274 411.646693 410.800438 384.668689 489.314827 320.224921 364.034339 224.508352 468.645922 370.158074 358.420145 452.482044 270.675082 
191.000000 5.000000 1.000000 a 255.327241 273.031134 319.014106 249.226804 204.685124 357.917588 503.000994 190.850727 380.612664 18.788294 218.112356 286.832704 315.382308 376.554113 157.543645 290.193039 206.312869 405.561339 273.543415 400.655713 482.420978 192.898937 198.010101 324.336245 228.008772 410.078041 344.688265 398.026381 301.797946 311.451441 404.891343 51.312766 138.520757 108.415866 436.975972 183.308483 397.310961 181.727818 390.000000 309.182794 247.913291 348.037354 92.849340 344.815893 303.389189 191.379205 141.908421 288.461436 456.018640 370.202647 
293.000000 5.000000 2.000000 a 36.400549 81.467785 219.127817 104.062481 73.409809 107.042048 235.815606 218.185701 316.223023 287.767267 210.280765 144.941367 48.754487 137.615406 121.938509 119.503138 78.447435 178.373204 98.737024 306.649637 221.208047 154.262763 122.004098 289.006920 185.129684 177.000000 145.989726 315.220558 243.074063 305.851271 236.698120 220.517573 202.714084 188.957667 168.656456 153.182897 191.376592 101.636608 137.058382 109.201648 96.135321 187.970742 176.918060 84.528102 88.588938 230.488611 157.178243 56.859476 198.917068 117.885538 
146.000000 1.000000 2.000000 a 167.868997 165.075740 337.203203 230.273750 161.009317 301.517827 427.796681 64.404969 421.200665 142.579802 87.664132 161.136588 230.586209 328.975683 139.713994 170.856665 169.011834 366.546041 247.212459 429.377456 416.818906 209.251045 84.403791 372.690220 255.890602 295.255821 317.833290 431.653796 336.823396 371.496972 398.317712 90.801982 192.665513 31.906112 360.310977 199.624648 370.345784 155.360870 332.613890 277.521170 224.955551 340.907612 92.956979 280.631431 195.020512 251.765764 158.600126 237.608922 395.126562 267.854438 
126.000000 4.000000 2.000000 a 315.279241 347.748472 272.787463 252.794383 242.439683 376.300412 527.640976 306.726262 305.655034 127.663621 331.146493 378.639670 364.588809 384.668689 194.794764 374.354110 238.415604 402.677290 278.095307 334.905957 498.775501 181.793839 287.250762 247.808394 191.971352 482.001037 337.515926 327.981707 241.629882 225.079986 371.679970 152.800524 117.613775 213.590730 467.231206 176.581426 383.975260 214.238185 405.843566 311.834892 255.440795 321.908372 166.048186 371.877668 375.446401 131.518060 158.760826 311.892610 469.595571 430.846841 
279.000000 5.000000 1.000000 a 247.226617 294.905069 45.967380 127.534309 199.541976 160.162418 275.943835 402.195226 116.726175 369.956754 404.361225 358.075411 234.360833 138.708327 217.910532 333.048045 189.873642 124.535136 118.224363 95.770559 235.747747 160.028123 312.462798 121.115647 127.094453 361.088632 82.565126 107.154095 88.005682 153.235113 56.356011 323.261504 217.101359 332.567286 242.167298 170.002941 90.757920 200.569190 168.668314 106.400188 134.164079 30.083218 282.704793 180.313616 299.482888 183.839604 214.114455 158.041134 207.099010 296.966328 
150.000000 6.000000 4.000000 a 214.394496 194.640695 410.542324 299.487896 228.063588 355.012676 466.691547 31.320920 496.303335 191.525455 55.226805 164.195006 272.574760 385.219418 213.590730 184.718705 237.170825 424.990588 313.899665 503.239506 461.637304 284.318483 126.003968 448.416101 331.157062 304.685083 381.849447 506.063237 411.938102 447.420384 466.075101 157.543645 268.039176 106.775465 400.475967 274.854507 432.907611 226.931708 384.376118 341.439599 293.465501 409.591260 168.297356 331.386481 220.272558 327.397312 234.437625 296.730517 443.062072 292.945387 
276.000000 5.000000 4.000000 a 244.239636 289.290511 128.160056 135.856542 164.575211 255.906233 404.248686 322.076078 175.934647 219.672483 336.440188 339.649820 273.885012 256.320112 138.191896 324.784544 155.563492 267.074896 157.305435 198.090888 370.827453 75.425460 259.886514 119.854078 54.378304 406.001232 202.566039 194.139125 100.244701 111.503363 227.200352 193.705963 70.830784 230.202085 350.498217 79.075913 244.247825 141.760361 281.575922 185.237685 141.661569 179.401784 168.884576 259.000000 309.725685 14.035669 105.209315 202.763409 340.895879 345.700738 
184.000000 7.000000 4.000000 a 258.518858 241.598841 439.547495 333.541602 263.696796 397.850474 513.320563 78.790862 521.123786 181.342218 102.415819 211.917437 318.135191 427.117080 242.297338 232.594067 272.016544 466.038625 350.008571 531.143107 507.158752 310.035482 169.705627 470.593243 355.983146 352.278299 419.869027 532.778566 436.946221 466.392539 501.482801 164.769536 284.401125 128.444541 446.788541 300.136636 471.872864 258.652276 427.873813 379.444331 328.123452 444.173390 187.106921 375.033332 267.777893 344.200523 257.235301 337.120157 487.800164 340.649380 
295.000000 7.000000 4.000000 a 255.501468 255.837839 359.089125 300.101649 309.090602 179.002793 63.820060 417.163038 438.028538 526.317395 396.678711 289.281869 193.414064 187.259179 358.765940 264.705497 311.014469 201.248602 277.194877 408.178882 102.552426 370.001351 334.940293 441.194968 380.879246 166.075284 247.097147 422.800189 399.656102 470.022340 299.055179 458.632751 430.359152 420.029761 84.480767 373.096502 237.413142 336.264777 157.876534 250.768818 295.624762 294.898288 415.788408 176.705970 228.254244 440.868461 390.252482 236.171548 122.784364 155.438091 
259.000000 2.000000 3.000000 a 207.870152 164.693655 450.039998 330.024242 261.690657 339.536449 414.004831 113.216607 544.488751 311.057872 85.094066 103.445638 244.761108 373.268000 271.532687 132.280006 272.310485 415.415455 335.219331 542.137436 420.309410 342.023391 150.206524 505.489861 387.486774 218.050453 389.717847 548.445986 463.072349 512.445119 480.367568 262.908729 348.462337 201.613492 354.358575 334.574356 433.416659 274.089401 362.538274 352.346420 322.386414 429.944182 255.196003 312.525199 174.633903 402.889563 304.401051 300.466304 409.034228 232.077573 
210.000000 7.000000 3.000000 a 227.200352 272.855273 118.127050 117.175083 147.959454 237.497368 386.214966 312.544397 175.823775 222.092323 325.614803 324.445681 255.566038 238.522536 124.867930 308.804145 138.654246 250.415654 138.715536 194.486503 353.171347 58.463664 246.617112 122.090131 36.878178 388.020618 185.607112 192.002604 95.634722 118.869677 214.953483 190.538710 68.410526 222.607278 332.036143 63.324561 228.674441 126.289350 263.453981 167.074834 123.000000 165.051507 161.978394 240.353906 292.638002 26.870058 94.752309 184.092368 323.284704 327.441598 
116.000000 8.000000 1.000000 a 172.351385 137.524543 403.718962 284.929816 214.273190 311.438597 404.619574 60.406953 496.371836 255.706863 30.364453 89.844310 220.102249 344.188902 218.487986 115.572488 224.735400 385.876923 293.109195 496.614539 405.177739 290.036205 100.005000 454.912079 336.269237 226.991189 353.084976 501.952189 413.706418 460.092382 442.359582 205.650188 292.535468 144.183910 340.917879 282.072686 400.056246 223.450218 337.575177 314.084384 277.650860 389.390549 198.040400 285.413735 156.460858 348.001437 249.649755 263.873076 390.251201 224.635260 
132.000000 7.000000 2.000000 a 156.387340 121.115647 380.490473 273.227012 236.103791 210.845915 231.250946 252.239965 476.299276 407.185461 226.450878 117.686023 132.517923 242.330353 276.761630 103.812331 244.000000 280.722283 262.840256 460.017391 247.347933 323.303263 195.000000 455.764193 355.675414 24.351591 283.867927 470.941610 409.591260 474.886302 369.610606 341.247711 364.094768 287.271648 182.507534 321.024921 309.782182 262.617593 219.965906 259.470615 265.548489 335.017910 308.172030 186.131674 92.962358 399.080192 315.545559 212.840316 244.773365 68.883960 
292.000000 5.000000 5.000000 a 246.975707 210.459022 475.336723 357.643677 286.225436 385.416658 471.831538 96.896852 566.467122 285.590616 82.134037 156.000000 292.959042 418.389770 285.035086 184.133104 296.502951 460.192351 366.885541 568.466358 475.206271 357.207223 172.037787 522.804935 404.030939 281.156540 427.692647 573.205024 482.995859 525.677658 516.768807 249.230817 351.654660 193.000000 410.001220 348.621571 474.713598 292.837839 410.902665 388.573030 350.556700 463.375658 252.958495 359.133680 226.433213 409.503358 312.603583 338.527695 461.735855 289.994828 
274.000000 2.000000 1.000000 a 252.253840 261.965647 320.951710 274.870879 294.645550 150.880748 15.811388 425.281084 395.456698 516.500726 407.520552 304.258114 189.171880 151.568466 343.889517 277.510360 294.932196 158.619040 250.491517 364.067301 53.758720 345.962426 337.235823 402.435088 351.550850 195.969385 210.641876 379.005277 362.604468 432.483526 254.238077 449.814406 408.886292 416.886076 61.220911 350.202798 194.257561 320.382584 124.338248 220.531177 271.442443 255.362487 405.463932 155.621335 237.539470 413.407789 372.206932 215.336945 77.025970 169.499263 
Type de surveillance de chaque endroit(target):tab[nombre de target]
a a a a a a a a a a a a a a a a a a a a a a a a a a a a a a a a a a a a a a a a a a a a a a a a a a 