Nombre des capteurs:
30
Nombre des targets:
30
Nombre de type de surveillance:
1

Caracteristiques:
185.000000 4.000000 4.000000 a 361.535614 279.401145 389.452179 375.532955 200.039996 329.028874 456.694646 199.090432 324.887673 462.550538 113.600176 400.026249 452.823365 157.622968 380.663894 267.217140 339.838197 386.358642 132.230859 378.651555 501.042912 483.712725 425.131744 484.430594 533.251348 376.616516 244.182309 296.710296 428.889263 428.160017 
185.000000 8.000000 2.000000 a 246.018292 172.191754 271.223155 286.006993 143.627992 191.313878 342.118401 145.835524 236.247751 322.074526 134.238594 285.015789 311.852529 128.809938 273.239821 152.839785 212.077816 247.309523 89.196412 238.549785 360.661892 340.177895 330.711355 340.898812 391.931116 250.545405 160.654910 186.424247 297.026935 310.522141 
163.000000 8.000000 4.000000 a 220.077259 246.829901 213.506440 287.758579 332.701067 138.917242 230.217289 327.482824 277.218326 72.006944 390.518886 209.153054 61.587336 351.512446 232.862620 223.215143 176.283862 103.368274 336.471396 97.514102 97.867257 51.884487 291.926361 52.773099 130.003846 160.853971 294.762616 223.635865 133.146536 205.827598 
199.000000 1.000000 1.000000 a 247.000000 310.077410 225.157722 425.828604 409.815812 222.991031 352.012784 466.615473 419.004773 182.280004 522.220260 343.284139 179.293056 487.247370 369.997297 364.387157 230.531993 165.517371 467.600257 171.825493 176.298043 96.628153 423.494982 95.634722 16.970563 299.808272 362.220927 366.191207 260.762344 333.997006 
224.000000 2.000000 5.000000 a 417.137867 375.554257 431.027841 51.078371 387.587409 316.840654 159.831161 129.139460 24.331050 272.442655 221.325552 119.954158 270.542048 171.572142 88.323270 114.109596 364.968492 343.198193 197.820626 330.552568 299.446155 347.116695 100.881118 348.116360 431.227318 145.382255 389.185046 89.470666 197.408207 145.907505 
263.000000 2.000000 5.000000 a 177.417587 124.579292 198.080792 273.879536 157.407115 101.867561 298.839422 190.876924 231.536174 241.962807 215.336945 245.422085 230.846269 193.064756 243.823707 137.295302 132.849539 156.000000 162.363789 146.696967 280.080346 249.897979 309.657876 250.571347 299.579706 199.100477 143.108351 167.200478 233.214494 265.635088 
188.000000 5.000000 3.000000 a 480.400874 450.821472 489.869370 55.946403 475.509201 376.113015 115.260574 227.019823 105.513032 275.394263 318.323735 115.169440 277.780489 269.224813 95.131488 194.550765 426.751684 389.964101 295.746513 377.751241 291.439531 361.138478 34.058773 362.107719 448.218697 166.412139 471.296085 162.246726 196.328806 123.911259 
211.000000 7.000000 2.000000 a 159.260792 81.565924 187.779126 418.766044 20.591260 180.277564 449.908880 295.677189 372.505034 374.354110 270.386760 396.445457 362.465171 276.812211 393.513659 280.058922 160.654910 231.216349 235.849528 229.671505 410.019512 355.249208 457.922483 355.613554 374.476969 349.914275 30.805844 312.603583 380.107879 416.688133 
137.000000 9.000000 2.000000 a 509.134560 481.212011 517.873537 87.321246 506.858955 404.586208 126.570139 256.158154 136.682113 293.552380 346.417378 138.423264 296.966328 298.001678 122.494898 225.842866 455.411901 416.284758 325.676220 404.223948 306.323359 380.746635 55.470713 381.697524 467.757416 191.650724 502.319619 193.383040 215.675682 141.989436 
206.000000 2.000000 2.000000 a 175.034282 108.673824 199.062804 300.466304 123.761868 119.570063 332.031625 197.797877 255.634505 276.470613 206.155281 277.708480 265.216892 192.208220 274.116763 161.987654 138.452158 176.708800 156.626945 169.026625 314.396247 279.873186 338.670932 280.492424 323.817850 232.939906 115.801554 193.871091 268.419448 298.918049 
202.000000 4.000000 4.000000 a 345.046374 262.640439 373.148764 381.001312 181.011049 316.551734 458.328485 206.518764 330.037877 456.826006 125.801431 401.322813 446.813160 166.306945 383.262312 267.525700 325.135356 374.085552 137.003650 366.807852 495.395801 474.587189 430.167409 475.278866 521.674228 375.421097 226.000000 298.100654 426.357831 429.057106 
265.000000 4.000000 2.000000 a 381.776112 386.372877 380.368243 185.153990 450.089991 283.670584 80.056230 315.939868 206.816344 103.392456 404.101472 104.861814 111.758669 354.324710 136.213068 219.713450 331.483031 268.663358 359.380022 259.422435 103.464970 190.307646 161.505418 191.128229 273.905093 108.687626 425.191721 195.304890 61.032778 79.158070 
189.000000 3.000000 2.000000 a 277.315705 253.031619 287.236836 153.117602 296.951174 173.112680 158.902486 176.139150 127.200629 151.013244 252.438111 106.230881 144.267113 206.787330 110.113578 69.462220 223.664928 192.626582 202.566039 180.024998 187.211111 206.886442 178.103902 207.858125 286.183508 60.033324 281.256111 67.029844 106.103723 125.717938 
153.000000 3.000000 1.000000 a 163.624570 216.480946 148.013513 369.358904 314.542525 125.319591 317.944964 381.903129 352.852660 155.878158 430.360314 294.333145 147.085009 398.539835 315.901884 285.085952 136.853937 67.882251 375.832409 74.404301 171.432202 80.653580 377.486424 80.361682 80.721744 243.460469 268.477187 293.155249 220.791757 292.919784 
112.000000 9.000000 3.000000 a 278.188785 210.684598 301.303833 240.902470 192.002604 208.136974 305.373542 98.600203 190.412710 306.910410 109.480592 248.072570 297.741499 88.645361 233.019313 113.745330 238.018907 260.161488 55.731499 249.839949 345.144897 337.468517 287.088836 338.280948 398.045224 219.783985 205.805734 146.123236 271.073791 275.045451 
104.000000 6.000000 4.000000 a 119.016806 124.064499 126.506917 313.869400 209.859477 16.278821 299.828284 281.087175 283.593018 185.132385 318.022012 257.945731 173.141561 291.111662 269.001859 198.600101 65.734314 52.000000 264.140114 43.266615 218.387271 161.891939 336.689768 162.339151 198.040400 203.708125 171.020467 217.375252 211.293635 268.302069 
106.000000 5.000000 3.000000 a 235.567400 153.026142 264.092787 387.537095 68.468971 225.610283 439.501991 238.891189 337.733623 397.020151 194.733151 382.953000 385.768065 211.482860 373.225133 253.213349 223.002242 282.391572 170.660482 277.461709 434.939076 396.376084 431.973379 396.919387 430.698270 344.209239 112.787411 286.937275 385.240185 407.176866 
272.000000 7.000000 4.000000 a 398.278797 328.153927 421.626612 235.722294 290.547759 326.119610 333.766385 64.660653 188.854441 388.856014 42.720019 281.554613 381.943713 33.955854 255.548430 168.834238 358.201061 375.325192 67.446275 364.215595 424.671638 436.554693 285.847862 437.457426 505.676774 275.829658 315.792653 186.131674 333.754401 310.697602 
272.000000 6.000000 2.000000 a 102.068604 97.000000 114.947814 327.262891 183.308483 13.038405 320.755358 279.078842 293.751596 212.021225 308.131465 276.400072 200.022499 285.112259 285.112259 204.863369 48.826222 70.092796 255.274362 64.815122 245.589088 188.042548 353.101968 188.448932 218.634398 222.750982 143.753261 226.947130 234.785008 288.646843 
203.000000 9.000000 1.000000 a 225.470619 182.701943 242.156974 214.200840 214.161154 132.003788 242.002066 155.080624 173.277235 209.976189 204.416242 187.243157 200.204895 169.640797 184.092368 79.812280 175.308300 174.183811 149.966663 162.443836 248.509557 238.522536 249.647752 239.353295 302.694566 144.086779 203.066492 107.814656 185.367203 209.021530 
193.000000 7.000000 1.000000 a 82.200973 16.492423 109.635761 381.693594 110.602893 92.655275 391.429432 296.233016 341.539163 293.001706 300.043330 342.706872 281.001779 290.327401 346.413048 247.632793 68.883960 139.713994 253.396922 139.140217 326.675680 265.346943 413.879209 265.650146 282.481858 291.247318 64.621978 275.949271 310.942117 358.521966 
165.000000 1.000000 3.000000 a 101.237345 128.444541 102.303470 341.760150 222.910296 33.541020 319.864034 314.101894 313.600064 190.252464 349.748481 281.485346 178.538511 323.790055 294.869463 230.495119 54.083269 25.806976 296.141858 25.179357 219.911346 151.119158 361.964087 151.380316 173.948268 227.035240 179.203795 247.923375 227.589543 289.385556 
179.000000 8.000000 2.000000 a 83.600239 131.369707 77.369245 372.505034 230.800780 60.207973 346.659776 344.470608 345.028984 208.124962 376.940314 310.344969 196.865436 352.817233 324.819950 262.083956 51.623638 34.438351 323.882695 44.204072 234.394966 156.259400 391.532885 156.320184 162.289864 255.978515 183.504768 279.474507 252.620268 316.897460 
253.000000 5.000000 1.000000 a 275.426941 273.826587 277.800288 190.465220 338.053250 173.631794 144.589073 251.334439 182.274518 75.451971 327.519465 113.600176 69.318107 282.363241 135.723985 144.779142 223.235302 169.035499 276.682128 157.952525 111.803399 141.031911 196.786687 142.031687 225.887140 63.560994 312.200256 135.768185 53.758720 115.433964 
212.000000 8.000000 2.000000 a 242.923856 254.568262 241.373155 239.927072 330.442128 147.959454 187.323250 287.626494 230.008695 56.753854 356.602019 162.163498 45.221676 314.720511 185.162091 181.617730 193.582024 129.849913 303.606653 120.353646 94.339811 94.201911 245.220309 95.189285 177.180699 113.030969 298.202951 178.664490 90.520716 160.863296 
138.000000 6.000000 2.000000 a 463.907318 443.694715 470.315851 80.653580 480.035415 359.146210 64.498062 257.513106 129.065875 233.060078 351.005698 87.114867 237.143417 300.261553 83.216585 201.804361 410.234080 365.098617 321.311375 353.441650 244.462676 320.929899 31.384710 321.864878 407.707003 141.484982 469.835077 168.074388 156.588633 83.240615 
185.000000 5.000000 1.000000 a 158.700977 151.608047 167.107750 273.300201 225.144398 53.907328 261.725047 249.649755 243.741667 161.941347 295.447119 218.185701 150.096636 263.910970 228.527898 161.074517 104.995238 80.156098 240.875487 68.007353 198.176689 158.795466 296.298836 159.452187 211.549049 164.201096 193.000000 177.924141 176.465294 229.706334 
288.000000 9.000000 3.000000 a 333.430652 295.311700 346.953887 102.396289 318.025156 232.723011 159.354950 119.670381 61.611687 213.440858 208.031248 102.786186 208.722304 157.813181 85.023526 37.000000 281.016014 260.340162 166.688332 247.695377 246.333108 277.362579 142.635900 278.346906 357.945527 92.195445 313.459726 5.385165 150.446004 131.320219 
259.000000 3.000000 4.000000 a 130.698125 166.964068 132.517923 555.115303 217.186556 234.610315 549.155716 473.152195 517.704549 417.493713 465.279486 506.502715 406.306535 463.315227 515.050483 424.637492 183.673624 243.846263 424.189816 252.343021 442.232970 356.931366 583.065176 356.736598 327.299557 452.603579 177.890416 451.270429 458.680717 517.672677 
144.000000 1.000000 3.000000 a 347.800230 403.450121 328.000000 428.805317 500.120985 305.655034 334.181089 507.631756 434.632028 185.348321 576.071176 343.097654 189.256440 535.075696 373.687035 401.150844 324.007716 251.563113 522.427028 254.188906 158.533908 136.488095 414.077287 135.771867 118.827606 312.501200 455.266955 394.045683 260.278697 325.677755 
Type de surveillance de chaque endroit(target):tab[nombre de target]
a a a a a a a a a a a a a a a a a a a a a a a a a a a a a a 