Nombre des capteurs:
20
Nombre des targets:
30
Nombre de type de surveillance:
1

Caracteristiques:
211.000000 8.000000 4.000000 a 310.438400 450.362077 259.699827 242.538657 118.680243 364.226578 111.803399 332.415403 195.310010 376.538179 216.113396 316.835920 47.507894 146.741269 171.128607 412.059462 281.396517 346.013006 249.775900 396.157797 268.486499 63.134776 295.489425 208.614477 448.091509 127.632284 184.000000 433.626567 115.974135 118.966382 
134.000000 1.000000 2.000000 a 321.210212 459.436612 275.506806 255.947260 150.029997 364.275994 71.386273 349.914275 166.883193 388.814866 253.047426 342.217767 72.006944 133.689940 132.834483 415.337212 258.062008 359.334106 241.346224 385.129848 255.548430 25.495098 323.706657 185.440017 436.176570 154.434452 222.036033 428.042054 128.444541 144.682411 
110.000000 3.000000 5.000000 a 231.870654 370.645383 186.214930 166.412139 82.855296 279.873186 95.603347 260.775766 132.098448 299.347624 186.453748 256.976653 43.416587 68.183576 132.548104 328.933124 206.475180 269.786953 165.275528 311.809237 185.539753 75.432089 241.250907 136.499084 363.881849 78.447435 160.124951 348.539811 40.024992 68.622154 
106.000000 5.000000 2.000000 a 335.335653 475.078941 285.394464 267.800299 145.206749 386.534604 111.830228 358.432699 204.479828 401.807168 241.530536 343.402097 72.945185 163.232962 173.173324 435.353879 293.819673 371.431016 268.882874 414.628750 285.854858 64.280635 322.024844 220.839308 466.274597 154.155765 209.193690 454.209203 140.356688 145.413204 
218.000000 5.000000 1.000000 a 190.685605 330.619116 141.155942 123.004065 51.884487 248.696602 141.566239 215.111599 153.808322 257.001946 145.120639 208.786973 72.249567 82.328610 169.198109 294.006803 210.344955 226.684803 149.482440 293.073370 175.025712 123.357205 193.093242 148.717854 345.162281 38.897301 122.788436 322.622070 9.848858 31.906112 
173.000000 5.000000 2.000000 a 262.488095 237.002110 309.483441 304.021381 422.895968 171.233758 408.573127 306.052283 307.092820 261.306334 451.279293 369.384623 439.150316 333.216146 361.653149 181.320159 214.830165 272.354548 231.905153 89.000000 210.924157 439.802228 390.898964 282.063823 41.785165 404.694947 454.990110 99.639350 378.113740 404.738187 
257.000000 8.000000 4.000000 a 220.422322 175.385290 273.016483 271.737005 401.403787 129.139460 414.016908 257.561643 316.834342 207.646334 416.058890 321.976707 428.477537 329.461682 374.076195 124.823876 230.672929 222.991031 222.427516 79.931220 208.434642 439.344967 346.005780 288.918674 40.792156 383.207516 423.738127 47.518417 363.296023 384.766163 
256.000000 7.000000 4.000000 a 232.757384 321.686182 236.862830 216.815590 266.475140 201.486972 191.039263 287.471738 88.600226 284.740232 339.607126 327.739226 249.969998 139.903538 139.086304 256.134730 14.000000 270.223981 102.215459 163.783394 77.491935 229.455878 332.243886 72.027772 205.548048 251.097591 327.566787 223.651515 208.081715 246.237690 
210.000000 1.000000 5.000000 a 360.456655 500.136981 310.633224 293.001706 169.516961 410.621480 123.065023 383.646973 220.791757 427.001171 263.711964 368.048910 98.183502 184.699756 184.390889 459.882594 311.905434 396.648459 291.384626 436.513459 307.275121 79.429214 346.273014 239.175668 487.923150 179.011173 231.147139 477.331122 165.423698 170.393662 
182.000000 1.000000 5.000000 a 377.127299 409.547311 401.543273 385.800467 455.543631 306.493067 361.088632 431.510139 267.800299 406.322532 522.187706 485.126788 437.017162 328.636577 300.426364 343.517103 194.064422 404.338967 273.906918 218.247566 243.905719 406.148987 496.991952 259.563094 215.956014 439.751066 513.416985 271.641308 397.508490 435.295302 
267.000000 6.000000 4.000000 a 268.784300 271.516114 308.079535 298.573274 404.242501 183.504768 368.875318 318.190195 266.242371 281.485346 445.371755 378.671361 411.013382 301.652118 318.025156 208.806130 172.722321 286.625191 209.009569 90.000000 183.461168 403.837839 396.727866 243.920069 72.422372 386.374171 445.000000 131.061054 354.509520 385.063631 
269.000000 3.000000 1.000000 a 127.663621 253.148178 112.720894 90.801982 158.154987 149.241415 181.466250 175.641681 118.067777 192.854868 213.862105 204.462711 175.045708 85.445889 167.705098 202.002475 119.004202 169.070991 37.336309 180.235956 66.098411 193.752419 205.455591 92.574294 232.422030 140.356688 205.936884 214.723077 111.085553 139.000000 
201.000000 4.000000 1.000000 a 155.331903 88.238314 212.960090 218.048160 356.977590 80.280757 406.684153 180.709712 320.390387 125.399362 352.563469 244.844849 398.151981 313.427823 378.154730 43.046487 249.839949 146.277134 208.038458 112.361025 206.021844 422.859315 271.532687 290.523665 113.534136 339.449554 365.321776 53.851648 329.778714 343.069964 
242.000000 4.000000 1.000000 a 308.638948 394.000000 310.228948 289.318164 318.987461 274.089401 201.201392 363.188656 116.361506 360.284610 402.568007 401.707605 286.225436 185.733680 140.003571 327.220109 89.498603 346.174811 176.776695 222.407284 153.378617 247.588368 404.499691 119.473847 254.911749 305.738450 386.846223 285.043856 259.082998 299.260756 
110.000000 4.000000 4.000000 a 223.463644 363.452886 170.856665 154.870914 37.643060 285.077183 139.713994 242.981481 175.276924 288.425034 142.874070 228.659135 43.965896 106.230881 179.401784 329.334177 241.238471 257.614052 185.558616 329.874218 210.192769 109.553640 209.059800 175.328264 381.997382 39.623226 114.769334 359.538593 39.115214 30.083218 
281.000000 4.000000 4.000000 a 49.497475 116.275535 85.146932 104.216122 235.493100 118.460964 346.840021 21.023796 294.006803 38.897301 201.467119 85.000000 297.598723 252.073402 342.895028 116.965807 268.167858 15.264338 183.635509 211.813597 204.120063 344.615728 112.000000 267.226496 246.008130 221.070125 220.476756 191.128229 231.948270 228.037278 
193.000000 7.000000 1.000000 a 223.573254 118.848643 281.788928 288.360885 427.983645 151.604749 475.269397 241.099564 385.612500 182.274518 418.571380 303.133634 469.665839 383.275358 443.614698 109.444050 308.585482 208.173005 276.682128 159.380049 271.602651 493.170356 331.730312 356.068814 136.003676 410.571553 433.240118 97.575612 401.329042 414.366987 
214.000000 9.000000 5.000000 a 261.558789 216.002315 312.705932 310.006452 435.855481 169.705627 434.885042 300.128306 334.802927 250.599282 455.686296 364.453015 458.024017 355.128146 390.643060 167.720005 244.321509 265.631323 250.353750 103.817147 232.551070 463.608671 388.063139 308.449348 51.894123 417.608668 462.053027 89.560036 394.640343 418.516427 
189.000000 1.000000 3.000000 a 145.120639 254.892134 98.488578 111.503363 140.616500 236.907155 304.637489 119.816526 295.624762 179.234483 64.070274 68.883960 217.938065 230.106497 326.038341 253.505424 313.968151 151.753089 225.219893 320.357613 254.678228 283.044166 39.824616 278.567766 364.573724 135.299667 90.686272 318.044022 172.539850 145.220522 
230.000000 6.000000 2.000000 a 154.557433 280.431810 98.183502 101.434708 93.941471 242.167298 260.461130 145.437272 259.880742 202.595656 46.097722 108.724422 171.292148 191.470624 285.616876 268.262931 289.254213 172.409396 204.430917 317.290088 234.446156 237.018987 83.773504 245.837345 364.880802 89.005618 56.462377 324.154284 128.786645 99.000000 
Type de surveillance de chaque endroit(target):tab[nombre de target]
a a a a a a a a a a a a a a a a a a a a a a a a a a a a a a 