Nombre des capteurs:
30
Nombre des targets:
70
Nombre de type de surveillance:
1

Caracteristiques:
237.000000 2.000000 4.000000 a 85.211502 162.117242 363.093652 221.054292 406.109591 338.053250 392.378644 457.739009 280.919917 483.264938 559.046510 400.359838 442.557341 412.662089 114.109596 560.863620 119.774789 292.494444 568.031689 479.525807 381.451176 544.206762 114.284732 497.756969 255.820249 136.058811 218.229237 440.028408 269.235956 335.886886 72.897188 442.670306 207.460840 518.170821 198.363303 306.574624 432.906456 124.169239 236.211769 467.778794 110.634533 107.298649 617.353221 570.288523 485.556382 504.575069 51.623638 133.958949 359.435669 460.017391 325.184563 86.092973 138.003623 339.554119 449.325049 539.217952 249.112424 198.761163 216.474017 272.594938 550.072722 586.121148 481.133038 356.910353 422.852220 473.439542 432.172419 461.069409 455.000000 388.068293 
199.000000 1.000000 4.000000 a 210.038092 281.156540 153.310143 72.277244 294.183616 234.437625 135.092561 264.775376 228.659135 342.005848 321.726592 343.925864 218.009174 178.193715 172.122050 321.224221 240.842272 257.841036 354.966196 432.733174 101.212647 337.440365 170.557908 378.191750 242.621104 151.489274 88.413800 225.157722 120.569482 85.094066 215.027905 213.527516 201.228726 282.294173 104.484449 26.172505 318.114759 171.397200 154.857999 227.407124 209.162616 178.044938 410.728621 329.912110 231.624696 376.299083 252.198335 220.880058 322.187833 354.938023 97.416631 201.526673 205.080472 337.120157 299.001672 307.865230 77.781746 262.573799 232.606965 36.674242 378.345081 360.073604 231.603109 287.043551 246.732649 275.771645 259.695976 353.307232 185.800969 129.034879 
295.000000 7.000000 2.000000 a 179.471446 201.486972 98.600203 75.802375 195.002564 128.891427 137.186005 201.375272 118.848643 255.440795 294.608214 236.239285 178.218966 148.529458 177.200451 296.319085 178.664490 148.054044 308.183387 326.098145 153.160047 285.804129 159.862441 285.476794 136.209398 165.846314 157.012738 176.867182 11.180340 88.955045 192.408420 178.101095 106.962610 253.653307 160.514797 108.208133 221.144749 190.538710 52.810984 203.420746 160.850863 179.136819 360.471913 305.738450 223.230822 286.400070 218.764714 156.108936 212.426458 257.000000 68.117545 201.883630 142.618372 227.200352 214.009346 275.181758 38.209946 170.765922 134.833230 139.086304 306.960910 323.371304 217.848571 178.986033 171.735261 216.009259 183.412104 256.031248 201.950489 134.536240 
112.000000 6.000000 4.000000 a 351.353099 275.800653 210.240339 311.006431 53.150729 108.903627 276.898899 165.109055 146.996599 94.047860 279.515653 37.363083 217.267117 234.763711 383.443607 285.271800 304.568547 131.518060 240.033331 94.578010 332.825780 216.390850 358.715765 81.400246 168.190368 381.035431 393.471727 200.551739 226.565664 277.272429 368.730254 225.417391 220.735135 257.163372 394.248653 330.296836 46.173586 403.635975 218.449079 250.265859 318.352006 381.844209 262.611881 292.022259 284.191837 93.295230 372.683512 290.594219 74.202426 42.190046 253.331798 398.246155 289.560011 113.176853 98.371744 257.573291 275.914842 230.482103 207.530721 374.486315 169.799882 273.411777 272.860770 68.007353 140.427917 174.977141 133.255394 45.177428 313.918779 280.408630 
246.000000 7.000000 2.000000 a 564.335007 531.681296 297.607124 459.018518 267.988806 320.089050 308.765283 191.175312 382.205442 194.180329 133.093952 324.784544 223.163617 262.611881 568.862022 137.000000 540.578394 385.253164 85.866175 330.054541 363.628932 106.018866 551.071683 214.347848 416.082924 556.486298 525.129508 218.490274 384.376118 356.029493 579.390197 227.270764 446.995526 164.000000 536.455963 416.635332 249.649755 581.123911 412.243860 216.314586 538.275952 570.818710 31.240999 132.242202 224.899978 199.572042 598.453006 520.524735 357.061619 247.315588 350.274178 593.343914 512.577799 398.446985 210.380607 137.873130 419.952378 485.123696 450.581846 476.517576 117.630778 88.141931 219.658826 328.402192 225.656819 175.931805 216.933169 243.614449 283.132478 315.087289 
235.000000 5.000000 2.000000 a 270.647372 319.939057 106.892469 129.282636 263.427409 216.926255 63.906181 208.000000 231.449779 296.529931 249.435362 325.399754 153.394915 113.282832 241.660919 248.501509 289.062277 259.615100 287.452605 409.316503 33.015148 272.124971 235.906761 336.899095 254.772447 222.272355 163.343197 163.688729 127.534309 38.948684 278.469029 147.512711 228.063588 211.101871 179.401784 48.836462 283.557754 243.731410 174.289988 156.780101 262.840256 246.856233 343.423936 256.943574 157.632484 332.453004 313.001597 267.226496 312.257906 319.995312 65.053824 270.896659 252.071418 335.672459 254.243977 237.118114 110.072703 291.953763 256.320112 106.831643 321.305151 289.435658 158.473973 271.742525 198.295234 216.453228 211.092397 317.653900 110.887330 57.584720 
237.000000 8.000000 1.000000 a 62.289646 105.683490 328.274276 202.632673 356.005618 289.836161 365.625491 415.906239 230.601388 434.165867 522.738941 346.030345 406.590703 379.811795 118.532696 525.041903 66.850580 239.770724 526.851972 423.851389 363.185903 502.412181 105.990566 446.305949 203.226475 139.086304 221.081433 402.377932 234.360833 310.942117 62.393910 407.590481 159.176003 482.371226 202.743681 291.439531 382.341470 137.058382 195.532606 434.246474 70.774289 110.923397 574.325692 534.469831 454.851624 453.789599 23.323808 84.852814 304.770405 408.011029 296.624342 99.201814 93.005376 283.651194 402.057210 502.020916 223.378602 143.279447 163.981706 267.710665 503.170945 547.010969 449.395149 304.581680 379.759134 431.863404 388.239617 409.265195 429.802280 361.964087 
247.000000 9.000000 3.000000 a 81.859636 203.592731 301.537726 142.270868 383.641760 312.473999 315.000000 408.006127 267.320033 454.234521 494.292424 398.436946 380.064468 345.094190 30.675723 495.104029 147.329563 288.001736 513.813196 485.807575 292.494444 492.001016 55.326305 477.545809 254.125953 42.520583 114.856432 381.167942 214.755675 258.031006 69.065187 378.382082 196.367003 453.260411 94.762862 216.453228 411.144743 20.248457 199.248588 399.741166 112.641023 32.140317 566.805963 504.346111 411.986650 481.368881 102.727796 144.806768 361.610287 443.441090 253.931093 26.907248 136.780847 353.566118 415.216811 476.692773 179.134028 220.513038 219.228192 173.170436 511.894520 526.773196 409.469169 346.238357 377.640040 422.564788 388.850871 443.541430 373.439419 309.820916 
199.000000 1.000000 4.000000 a 386.011658 292.308057 280.800641 367.375829 125.159898 170.698565 348.397761 234.804174 191.588100 150.136604 343.739727 61.400326 289.006920 306.913669 426.339067 349.757059 331.354795 168.026784 297.754933 30.016662 403.267901 276.052531 400.550871 118.000000 201.896013 427.029273 449.499722 272.200294 286.527486 345.742679 403.435249 297.235597 259.433999 324.839961 448.037945 395.941915 115.663304 448.071423 269.833282 321.479393 351.980113 423.680304 311.000000 355.787858 355.287208 133.003759 400.730583 321.435841 94.191295 93.005376 321.012461 437.321392 323.729826 112.307613 166.412139 322.691803 335.161155 251.745904 238.882816 436.405774 217.057596 332.222817 343.914233 118.680243 212.249853 243.287895 204.482273 97.123633 386.079007 351.728589 
155.000000 7.000000 1.000000 a 186.043006 217.680959 96.332757 67.230945 208.614477 144.806768 124.907966 204.553172 138.408815 265.345058 290.908920 253.402841 175.385290 142.635900 176.867182 292.207118 191.387042 167.600716 308.637328 342.838154 135.366170 287.141080 161.969133 297.329783 156.028843 163.404406 145.000000 175.931805 29.410882 73.000000 197.739728 174.315805 124.919974 249.803923 150.615404 88.391176 234.104677 188.002660 71.589105 197.853481 170.496334 179.610690 362.019337 301.572545 215.132517 297.417215 226.636272 168.961534 230.887418 270.416346 55.659680 203.088651 154.719100 246.629276 223.181540 272.391263 27.313001 188.809428 153.629424 121.757957 313.102220 321.827594 210.618138 196.290601 177.552809 218.490274 189.763010 269.224813 189.488786 121.597697 
291.000000 4.000000 5.000000 a 265.088664 341.790872 183.182969 132.257325 335.934517 282.363241 140.890028 287.001742 284.191837 374.213843 320.923667 392.353157 231.698079 191.846293 220.004545 319.225626 300.281535 313.359219 363.572551 479.193072 85.088190 349.482475 223.056047 413.619390 300.760702 198.224620 120.503112 242.528349 175.068558 110.855762 268.091402 225.428481 261.543495 284.622557 140.246212 57.801384 357.755503 214.357179 213.572002 231.728289 267.366789 226.715681 419.411492 327.074915 226.931708 409.849973 306.528955 280.813105 374.145694 394.528833 132.853303 248.815192 265.001887 392.186180 331.593124 310.864922 137.003650 323.278518 292.714878 61.522354 400.281151 362.845697 229.895628 336.514487 276.226356 295.381110 289.126270 392.441078 172.539850 134.647688 
262.000000 2.000000 3.000000 a 305.321142 368.013587 160.589539 165.193826 318.290748 274.000000 102.591423 252.192387 288.027776 345.880037 271.022139 382.020942 192.439601 154.719100 266.610202 268.812202 332.340187 316.412705 317.955972 464.944083 40.607881 306.106191 266.054506 387.703495 310.161248 245.446532 172.661519 205.526154 182.131820 96.208108 310.551123 185.172892 279.692688 236.780489 191.708111 76.419893 337.241753 263.746090 227.191549 186.303516 302.661527 272.809457 373.246567 276.219116 176.819117 382.172736 347.575891 311.372767 369.499662 373.250586 122.331517 295.918908 295.758347 392.842208 304.527503 262.937255 156.604598 343.351132 309.129423 111.892806 362.932501 314.162378 181.176709 328.799331 247.935475 258.311827 260.340162 370.703385 120.154068 97.082439 
248.000000 2.000000 1.000000 a 91.350972 61.351447 231.320125 148.946299 246.099573 179.805450 280.030355 309.245857 120.673112 324.075608 420.904977 241.665057 306.400065 284.344861 140.943251 423.738127 43.863424 132.230859 420.211851 324.692162 292.350817 395.364389 114.843372 337.170580 95.634722 149.164339 206.596225 300.188274 142.021125 231.106036 108.664622 308.520664 49.819675 381.466906 195.064092 231.521057 272.635288 164.560019 95.801879 336.786282 57.218878 136.341483 466.181295 433.096987 360.922429 344.223764 109.128365 26.925824 201.791972 299.362656 211.236834 145.279042 30.413813 188.130274 292.138666 399.361991 150.442680 54.626001 56.612719 230.551513 393.275985 442.126679 354.120036 196.328806 272.253558 325.332138 280.044639 300.421371 344.681012 277.584221 
214.000000 9.000000 2.000000 a 344.818793 265.444910 217.200368 310.586542 62.801274 109.895405 284.945609 178.084250 141.876707 109.178753 293.782232 22.472205 228.560714 244.321509 379.011873 299.487896 296.204321 123.975804 255.007843 89.050547 339.676317 231.261756 353.951974 94.873600 160.464949 377.445360 393.066152 212.000000 227.343353 282.554420 362.249914 236.579796 214.646221 270.691707 393.071240 333.923644 60.207973 399.656102 216.002315 262.087772 311.488363 377.131277 277.722883 306.349474 296.070937 107.354553 364.773903 283.019434 61.522354 56.364883 258.073633 392.867662 282.718942 99.126182 112.294256 271.707563 276.524863 220.719279 199.624648 376.368171 184.816125 288.293253 284.787640 63.198101 151.792622 188.472810 145.361618 59.615434 324.077151 288.211728 
287.000000 2.000000 1.000000 a 415.496089 340.147027 247.679228 367.049043 97.082439 165.873446 308.150937 173.311858 210.622886 75.451971 268.799182 94.752309 234.104677 260.345924 445.597352 275.045451 369.437410 196.328806 217.720004 85.866175 367.870901 197.800404 421.294434 34.928498 233.002146 442.115370 449.010022 217.248705 281.016014 318.863607 432.823290 242.695282 284.763059 255.454497 451.320285 376.268521 72.180330 465.188134 278.657496 262.413795 382.719218 444.325331 227.140925 280.144606 294.884723 49.819675 437.457426 355.292837 136.029409 35.355339 297.107725 461.400043 353.939260 171.058470 106.606754 249.242853 330.122704 295.133868 272.354548 424.841147 133.633828 252.483663 283.557754 132.230859 161.895028 177.800450 150.880748 37.107951 334.246915 312.603583 
214.000000 1.000000 3.000000 a 181.958787 157.892368 127.141653 133.240384 149.576068 78.434686 187.299226 197.517088 47.707442 222.353322 310.014516 173.666347 197.121790 179.805450 203.442867 313.087847 155.080624 76.843998 308.525526 264.047344 217.349948 283.804510 180.013888 243.495380 67.082039 199.278699 214.979069 189.612763 62.289646 151.168780 198.338095 200.092479 62.609903 271.184439 213.588389 179.610690 177.087549 222.463480 36.055513 229.296751 153.153518 202.704218 355.332239 322.386414 256.134730 247.717581 212.981220 134.465609 144.837840 209.570990 125.924581 221.386540 126.574089 156.156972 186.131674 288.173559 104.809351 117.345643 78.160092 207.663189 286.447203 330.324083 248.243832 117.273185 160.860188 213.581366 169.248338 209.554289 249.256896 186.560982 
103.000000 8.000000 4.000000 a 457.498634 429.906967 191.637679 352.784637 176.739922 218.691564 211.265236 84.148678 280.531638 118.258192 81.835200 245.002041 121.297156 161.554944 461.806236 88.238314 435.600735 286.923335 31.400637 275.436018 270.253585 8.062258 443.906522 155.241747 315.293514 449.677662 421.086689 113.846388 277.218326 253.665134 472.423539 126.905477 342.242604 84.693565 431.566913 315.635866 165.075740 474.341649 305.630496 124.036285 431.928235 463.703569 75.927597 91.809586 143.836713 141.031911 492.135144 415.120464 270.407100 175.755512 245.578908 486.187207 406.650956 312.116965 116.726175 67.007462 313.459726 383.885400 347.972700 375.054663 69.526973 64.280635 135.148067 235.747747 119.808180 68.767725 112.361025 171.642069 199.832430 217.524711 
202.000000 8.000000 4.000000 a 96.208108 44.011362 308.240166 211.518321 309.741828 248.477363 355.856713 383.157931 186.678869 388.911301 496.910455 290.738714 382.962139 361.265830 159.831161 499.884987 42.953463 189.931567 493.766139 364.584695 364.351479 468.625650 139.176147 396.531209 154.857999 176.479461 251.246891 376.324328 218.332316 305.321142 106.831643 385.240185 124.390514 457.770685 235.476113 298.879574 334.856686 182.123584 172.699160 413.630270 77.826731 152.839785 537.998141 509.213118 437.833302 405.241903 79.699435 64.124878 248.943769 357.414325 286.681007 149.214611 79.511006 224.147273 360.435847 475.143136 221.273586 88.005682 117.923704 287.689068 461.151819 516.841368 431.040601 254.420911 345.579224 399.281855 352.525176 359.068239 420.611460 353.160020 
292.000000 4.000000 1.000000 a 342.000000 236.349318 295.797228 349.284984 158.113883 174.828487 365.920756 276.524863 170.390727 208.038458 394.263871 81.492331 322.117991 331.887029 389.607495 399.906239 282.023049 141.852036 355.275949 93.434469 414.424903 331.798131 363.320795 184.176546 167.609666 393.742302 428.724853 306.228673 277.411247 351.688783 359.022283 329.633129 224.964442 369.943239 424.095508 393.498412 160.801119 412.549391 249.369204 356.900546 308.014610 385.875628 375.033332 406.893106 390.806858 198.668065 350.525320 276.007246 78.492038 151.476071 325.640907 396.364731 281.300551 64.761099 212.607620 372.033601 322.667011 201.486972 198.579959 425.540832 281.064050 388.804578 379.747284 121.037184 246.789384 287.892341 242.243679 155.389832 412.662089 368.122262 
243.000000 2.000000 4.000000 a 432.112254 403.112887 170.073514 330.334679 151.198545 191.859323 196.430649 59.405387 253.712436 98.432718 96.254870 221.273586 105.304321 145.120639 437.905241 102.459748 409.238317 260.163410 57.567352 257.233357 257.007782 32.015621 419.500894 138.924440 288.461436 426.307401 400.552119 95.126232 253.001976 235.053185 447.213595 112.040171 315.800570 87.206651 410.329136 297.593683 141.173652 450.998891 280.017857 115.208507 406.125596 439.605505 101.138519 107.912001 140.117808 125.642350 466.318561 388.881730 245.177487 155.080624 225.079986 461.859286 380.616605 286.790865 91.350972 76.850504 290.738714 357.065820 321.217995 356.451960 68.308125 88.204308 130.172962 209.668786 93.605555 45.177428 85.702975 150.960260 192.865238 202.556165 
199.000000 4.000000 2.000000 a 368.392454 424.417248 184.783657 227.220158 338.657644 305.790778 115.277925 252.517326 330.248391 351.961646 240.916998 408.710166 189.475592 159.530561 331.078541 237.427884 392.073973 357.246414 296.243143 485.856975 72.422372 289.249028 329.965150 395.941915 356.202190 309.974192 236.617835 205.341180 230.867928 138.159328 374.221859 181.077332 332.415403 213.234613 255.890602 138.361844 353.638233 328.283414 278.352295 171.723615 364.005494 337.219513 349.051572 243.386524 151.330764 388.185523 410.761488 370.563085 402.176578 387.737024 163.294213 360.410877 355.185867 430.015116 313.695712 238.008403 213.712424 396.285251 360.184675 176.045449 355.077456 285.772637 159.138305 359.456534 258.007752 254.686081 269.081772 384.688185 94.366308 112.485555 
153.000000 3.000000 1.000000 a 485.242208 453.361886 221.882852 382.800209 193.535526 241.679540 241.615397 112.614386 303.797630 126.142776 96.519428 256.758642 151.921032 192.169196 491.049896 102.649890 461.351276 308.133088 31.890437 277.348157 300.166620 33.136083 472.747290 156.706732 338.031064 479.262976 451.629273 144.471450 306.204180 284.339586 500.404836 157.410292 367.789342 109.444050 461.975108 346.301891 178.272264 503.945434 333.066060 153.160047 459.004357 492.800162 48.600412 103.585713 170.557908 141.792101 519.172418 441.239164 285.497811 183.010929 276.090565 515.097078 433.268970 327.246085 134.260940 87.664132 343.351132 406.970515 371.927412 405.730206 60.008333 64.350602 162.603813 253.665134 146.386475 97.908120 137.644470 179.002793 227.635674 247.891105 
122.000000 5.000000 3.000000 a 317.944964 276.568256 114.127122 241.853261 45.967380 64.899923 178.440466 82.054860 127.027556 89.560036 205.350919 121.078487 121.642920 135.830777 334.767083 210.152326 287.141080 132.608446 184.954048 192.875608 235.925836 159.326708 313.057503 121.037184 161.245155 327.249141 321.801181 105.702412 155.756220 184.694342 334.212507 129.294238 193.752419 174.645355 326.496554 242.404620 62.769419 351.525248 167.451486 156.387340 288.922135 335.005970 225.257630 218.387271 190.276115 120.598507 348.397761 268.069021 129.838361 99.297533 163.024538 355.178828 261.726957 169.070991 50.249378 182.274518 202.940878 230.152124 195.420060 292.684130 150.572242 212.776878 179.234483 88.277970 47.074409 96.628153 46.097722 97.123633 215.520301 182.222392 
160.000000 7.000000 1.000000 a 544.518136 512.582676 277.949636 439.344967 250.008000 300.926901 290.299845 171.330091 363.055092 177.538728 118.270876 308.585482 203.960781 243.583661 549.044625 122.690668 521.015355 366.565137 66.850580 317.694822 345.861244 86.267027 531.226882 200.202398 397.075560 536.716871 505.827046 198.957282 364.533949 336.922840 559.557861 208.254652 427.449412 146.812806 517.015474 397.775062 232.432786 561.359956 392.449997 198.217053 518.521938 550.988203 11.401754 118.869677 208.273858 185.270073 578.705452 500.899191 339.977940 231.812424 330.820193 573.502398 492.879296 381.504915 191.859323 120.933866 400.232432 466.086902 431.335137 457.616652 101.965681 73.437048 202.543822 310.409407 205.915031 156.083311 197.306868 228.021929 266.582070 296.624342 
253.000000 7.000000 2.000000 a 482.647905 469.552979 205.973299 364.819133 232.019396 262.773667 203.531324 121.297156 322.567822 181.320159 23.769729 304.200592 126.574089 162.431524 478.715991 29.154759 468.606445 333.246155 42.638011 339.436297 255.219513 56.364883 463.548271 219.544984 357.974859 464.226238 424.633960 127.800626 298.760774 254.892134 496.326505 128.222463 377.033155 55.901699 437.559139 312.950475 224.182961 488.495650 334.248411 110.639053 460.176053 481.565157 86.469648 29.068884 114.756263 205.411782 519.977884 447.098423 326.098145 238.415604 253.387056 505.000990 436.940499 367.348608 173.184872 30.232433 327.452287 424.890574 387.232488 372.786802 131.034347 22.803509 110.367568 288.362619 159.480406 105.759160 156.310588 234.292552 172.803356 209.773688 
107.000000 6.000000 4.000000 a 379.084423 335.037311 152.266214 297.249054 72.780492 124.579292 203.973037 62.936476 186.171964 40.162171 170.836179 142.688472 124.277914 153.629424 394.442645 176.589920 347.899411 187.800426 135.484316 188.608059 265.414770 110.548632 373.268000 83.725743 219.244156 386.046629 374.977333 107.615055 212.565284 224.722051 395.284708 132.879645 254.699823 149.883288 381.266311 286.111866 62.801274 410.504568 228.114007 152.042757 350.142828 394.954428 168.620877 183.371208 184.718705 76.550637 409.591260 329.079018 166.330995 83.761566 207.009662 415.523766 322.913301 208.031248 13.000000 148.929514 257.598525 288.294988 254.921557 340.476137 89.375612 167.242339 173.358011 132.502830 58.549125 68.796802 45.705580 79.881162 224.474943 209.038274 
190.000000 9.000000 1.000000 a 105.000000 58.821765 327.482824 227.721321 327.409529 267.001873 374.626481 402.244950 205.060967 406.636201 516.202480 306.022875 402.274782 380.489159 168.240899 519.185901 60.033324 207.241405 512.782605 377.773742 382.106006 487.607424 149.495819 413.303762 172.678893 186.231039 263.472959 395.627350 237.305710 323.681943 113.137085 404.545424 143.673240 477.079658 246.969634 315.673882 352.241395 189.589029 191.901016 432.916851 91.706052 160.962729 556.752189 528.512062 457.035010 422.291369 80.777472 82.054860 264.151472 374.040105 305.373542 154.563903 97.020616 237.606818 378.746617 494.418851 239.033470 104.804580 136.400147 302.314406 479.309921 536.003731 450.281023 271.398231 364.606637 418.369454 371.441785 375.793826 439.396177 371.856155 
146.000000 4.000000 1.000000 a 446.284663 370.563085 270.484750 395.456698 125.323581 195.317690 328.006098 186.954540 241.356583 86.267027 271.046122 124.197423 249.419326 278.619813 475.857121 277.411247 400.281151 227.191549 215.260308 96.187317 388.702971 197.959592 451.685731 41.677332 263.865496 472.051904 477.104810 232.899120 309.161770 342.474817 463.600043 258.007752 315.545559 262.274665 479.938538 401.154584 99.000000 495.258518 308.501216 275.223546 413.551690 474.680945 217.006912 281.602557 306.528955 51.623638 468.326809 386.163178 165.858373 63.505905 321.645768 491.940037 384.775259 199.449242 124.482931 253.071136 358.022346 325.737624 303.216095 451.150751 126.810883 249.881972 295.381110 163.082801 181.077332 188.986772 169.162644 64.124878 349.468167 332.776201 
277.000000 2.000000 2.000000 a 320.156212 278.490574 115.550855 244.000000 45.343136 66.850580 179.493732 81.006173 128.968989 87.361319 204.244951 120.933866 121.655251 136.488095 337.001484 209.086107 289.249028 134.260940 183.294844 191.942700 237.191905 157.664200 315.293514 119.067208 163.110392 329.473823 323.896588 105.603030 157.927198 186.303516 336.429785 129.375423 195.880065 173.833253 328.635056 244.182309 61.326992 353.752739 169.685002 156.262599 291.109945 337.241753 223.342786 217.278623 190.184121 118.511603 350.570963 270.207328 130.418557 97.739450 164.760432 357.414325 263.897707 169.852878 48.020829 181.176709 205.060967 232.045254 197.408207 294.613306 148.394744 211.284169 179.108905 89.140339 46.572524 95.425364 45.011110 95.509162 216.004630 183.330303 
238.000000 4.000000 1.000000 a 334.861165 224.510579 310.161248 352.476950 178.997207 188.438319 380.370872 297.593683 175.889170 232.310138 416.638932 103.696673 340.939877 348.604360 385.229802 422.190715 273.000000 146.731046 379.047490 116.180893 426.713018 355.316760 358.934534 209.344214 167.943443 390.744162 430.308029 325.379778 284.613773 362.862233 351.569339 348.232681 223.573254 391.256949 424.529151 401.687690 183.698122 408.515606 253.031619 376.066483 301.212550 381.077420 399.772435 429.355331 409.831673 223.778909 340.476137 268.901469 92.784697 176.139150 336.657096 390.160223 275.495916 67.424031 235.053185 394.229629 328.124976 193.258894 195.248560 430.679695 305.897042 412.350579 398.898483 136.565003 266.580194 309.480209 262.773667 180.005555 429.308747 382.238146 
Type de surveillance de chaque endroit(target):tab[nombre de target]
a a a a a a a a a a a a a a a a a a a a a a a a a a a a a a a a a a a a a a a a a a a a a a a a a a a a a a a a a a a a a a a a a a a a a a 