Nombre des capteurs:
20
Nombre des targets:
50
Nombre de type de surveillance:
1

Caracteristiques:
109.000000 5.000000 3.000000 a 333.430652 53.851648 389.508665 272.904745 209.153054 319.319589 384.925967 168.656456 360.656346 263.229938 328.469177 325.508832 429.196924 263.821910 295.243967 214.767316 371.651719 457.839492 303.817379 389.354594 266.084573 429.131681 269.066906 449.227114 337.083076 320.057807 373.535808 147.851277 284.838551 396.729127 164.906034 49.010203 44.911023 346.394284 175.570499 395.345419 192.626582 492.001016 76.694198 142.688472 36.359318 258.048445 299.292499 330.928995 306.184585 304.041116 374.040105 394.457856 484.232382 351.511024 
281.000000 6.000000 3.000000 a 237.356272 95.257546 377.895488 264.984905 145.619367 382.723138 362.692707 197.608198 373.230492 321.123029 383.262312 335.764799 313.036739 230.633909 345.897384 274.322803 301.955295 421.740442 209.678325 444.865148 144.931018 362.049720 203.403540 448.977728 227.528020 211.322029 260.440012 111.758669 292.104433 286.503054 87.658428 91.607860 114.354711 219.009132 49.244289 453.118086 61.131007 441.249363 134.238594 127.003937 116.824655 336.310868 168.315181 308.292069 284.339586 274.308221 361.773410 458.938994 435.000000 223.181540 
250.000000 7.000000 5.000000 a 355.844067 238.882816 275.601161 188.679623 236.038133 133.521534 286.190496 110.923397 221.110832 88.865066 148.070929 196.786687 472.411897 219.920440 122.800651 57.584720 344.061041 365.603610 330.925974 204.978048 347.666507 386.291341 267.555602 312.233887 381.567818 366.715148 418.119600 196.084166 173.487752 432.001157 238.346387 197.699267 234.691287 428.049063 325.779066 209.554289 313.461321 415.740304 143.265488 174.977141 175.616058 68.117545 398.869653 246.148329 228.372503 238.209991 264.077640 205.912603 406.784955 435.349285 
191.000000 3.000000 5.000000 a 83.006024 359.168484 175.513532 157.203690 153.495928 340.630298 144.450684 236.256217 225.656819 299.392719 322.133513 205.060967 173.216627 118.270876 294.735475 287.702972 12.206556 158.256122 93.920179 361.199391 187.544661 72.138755 92.179173 244.754980 126.321020 127.251719 140.730238 213.321354 188.724667 134.461891 208.038458 316.840654 374.076195 208.540164 307.247457 371.827917 254.064952 157.496032 293.462093 219.695243 324.918451 348.208271 229.995652 124.739729 125.399362 108.687626 165.855359 391.081833 153.013071 215.837902 
218.000000 1.000000 1.000000 a 256.164010 64.498062 356.439336 239.635139 141.820309 336.524888 345.398321 156.156972 342.498175 275.495916 339.328749 305.221231 346.054909 215.058132 302.597092 227.369743 306.315197 411.252964 226.832537 401.358942 181.276033 365.800492 203.403540 423.958724 255.313533 238.379949 290.993127 88.814413 261.681104 315.153931 88.102213 38.078866 80.777472 261.237440 103.406963 409.059898 108.853112 437.699669 80.956779 95.854056 62.433965 286.190496 214.560015 290.175809 265.324330 258.497582 340.332191 413.145253 430.675052 266.360658 
218.000000 9.000000 1.000000 a 154.983870 164.924225 294.389198 188.002660 57.280014 335.858601 276.441676 152.633548 299.107004 275.263510 330.925974 262.373779 249.050196 145.910932 293.470612 234.710460 211.520685 331.941260 125.717938 389.955126 94.810337 271.621060 112.414412 367.604407 156.259400 139.230025 193.010362 59.464275 220.102249 215.837902 18.384776 132.098448 181.892826 177.687929 118.680243 399.241781 75.106591 350.218503 137.266165 80.622577 149.003356 303.026401 143.401534 223.378602 200.631503 188.480768 278.485188 409.019559 344.013081 184.271539 
100.000000 2.000000 2.000000 a 351.262010 47.507894 414.849370 298.073816 229.577873 342.584296 409.928042 194.195778 386.194252 287.334300 352.427297 351.062672 443.383581 287.702972 319.662322 239.140126 393.235299 482.379519 321.707942 412.989104 278.007194 451.252701 290.244724 474.773630 352.423041 335.451934 388.278251 169.118302 310.357858 412.243860 182.167505 66.128662 31.112698 356.530504 176.283862 418.761269 200.084982 515.713099 102.004902 165.653252 60.141500 280.114262 307.429667 355.759750 330.953169 328.402192 399.340707 417.228954 508.033463 361.221539 
189.000000 8.000000 4.000000 a 68.425142 278.887074 206.400097 135.723985 74.464757 320.600998 181.024860 178.765209 235.170151 269.235956 307.001629 204.553172 186.118242 82.073138 273.804675 245.521893 92.763139 221.677694 48.918299 356.400056 125.000000 152.839785 20.615528 281.298774 102.552426 92.417531 135.000000 135.977939 173.046237 144.899965 127.200629 238.025209 294.212508 173.968388 229.636670 366.807852 177.552809 233.257369 220.045450 145.526630 247.951608 312.328353 176.776695 137.767921 123.308556 105.342299 192.353841 382.576790 227.589543 182.016483 
113.000000 8.000000 5.000000 a 175.775425 381.104972 425.699424 370.469972 264.200681 553.263048 395.536345 389.666524 466.512594 498.623104 541.025877 438.220264 101.414989 316.564369 506.793844 467.610949 259.480250 403.298897 186.010752 591.202165 154.945152 292.542305 252.875463 496.638702 133.454112 142.435951 111.319360 306.882714 407.835751 123.583980 268.061560 368.419598 400.209945 72.013888 260.192237 601.612001 224.877745 382.256458 386.249919 326.840940 390.385707 536.730845 117.613775 365.126006 355.418064 336.867927 414.382673 617.206610 381.693594 65.551506 
148.000000 4.000000 3.000000 a 218.442212 362.095291 49.658836 68.600292 189.525724 199.323857 46.957428 175.504986 73.756356 173.011560 177.552809 57.245087 324.322370 100.603181 157.334040 182.280004 150.332964 126.317061 211.513593 210.204662 288.530761 166.688332 154.207652 121.342490 261.174271 255.001961 285.464534 219.692968 66.483081 284.255167 242.785914 311.192866 370.871946 338.732933 364.387157 220.800815 320.031248 176.504957 264.660159 211.123187 307.058626 225.019999 342.235299 29.068884 46.043458 61.660360 33.541020 241.018671 167.487313 346.705927 
223.000000 4.000000 4.000000 a 261.705942 388.630930 38.327536 97.984693 228.107431 174.828487 61.983869 194.486503 34.885527 161.554944 150.764717 42.544095 366.087421 140.128512 138.610966 182.332115 190.276115 133.375410 254.960781 174.152232 330.860998 198.725942 196.756194 87.321246 304.573472 298.464403 328.421985 252.067451 78.236820 326.435292 278.883488 337.218030 395.804245 382.174044 400.930168 184.564352 358.503835 190.065778 286.844906 241.018671 330.315001 212.398211 384.959738 72.498276 87.298339 104.292857 33.526109 206.167408 181.099420 390.151253 
125.000000 2.000000 4.000000 a 278.842249 49.203658 362.571372 244.969386 159.511755 326.291281 353.747085 152.610616 343.470523 266.227346 331.024168 306.648007 371.538692 225.887140 295.083039 217.389052 324.154284 422.383712 249.323084 393.062336 207.696895 383.020887 220.907220 427.719534 280.071419 263.077935 316.155025 101.533246 263.696796 339.860265 109.767937 12.041595 61.400326 288.027776 125.865007 400.281151 135.558106 451.701229 66.610810 103.232747 37.483330 272.385756 241.480848 298.645275 273.649411 268.495810 346.602077 402.892045 444.387219 293.204707 
278.000000 5.000000 1.000000 a 221.382023 369.835098 42.154478 76.400262 196.155551 202.526541 39.924930 183.251194 72.862885 178.179685 180.249827 60.415230 325.779066 107.200746 161.372240 188.809428 150.655236 119.402680 215.390343 210.800854 293.736276 164.158460 159.389460 114.738834 264.425793 258.683204 287.946176 227.160736 73.409809 286.006993 249.815932 318.954542 378.651555 342.597431 371.285604 221.359436 326.583833 170.484603 272.470182 218.764714 314.865050 230.176020 347.139741 32.984845 52.469038 67.119297 26.000000 242.002066 161.446586 350.545290 
244.000000 5.000000 5.000000 a 353.816337 405.583530 137.568165 160.153052 290.704317 88.391176 166.018071 209.954757 69.835521 112.071406 63.071388 89.810912 464.077580 213.784939 78.006410 155.682369 291.672762 228.527898 342.001462 69.462220 405.389936 303.433683 277.108282 130.495211 394.462926 385.861374 422.143341 294.064619 123.308556 423.381625 330.121190 355.449012 407.957106 467.115617 448.447321 79.924965 414.479191 287.313418 298.509631 277.218326 341.502562 148.677503 461.157240 168.344884 173.046237 191.637679 137.753403 101.552942 278.684409 475.177861 
167.000000 8.000000 1.000000 a 303.848647 574.344844 207.713745 301.597414 371.796988 416.231907 194.288445 409.723077 273.994525 407.295961 390.865706 286.677519 337.333663 301.572545 384.037759 422.848673 216.953912 114.825955 321.566478 394.645410 414.628750 159.731024 311.905434 208.319466 340.577451 347.276547 337.551478 424.414891 307.514227 316.812247 429.634729 527.092022 586.908000 417.646980 535.840461 403.298897 482.958590 74.276510 490.617978 424.099045 529.273086 458.328485 451.100876 240.303974 263.250831 262.154535 217.168138 427.271576 81.394103 423.494982 
155.000000 2.000000 5.000000 a 136.308474 183.521116 290.903764 189.169236 55.145263 345.312902 271.182595 165.096941 300.308175 285.464534 339.045720 264.196896 229.054579 143.282937 301.869177 246.756965 197.436066 323.024767 107.354553 397.020151 77.388630 257.483980 101.965681 364.983561 136.297469 119.268604 173.011560 75.471849 222.991031 195.923454 37.656341 151.953940 200.810856 159.665275 125.717938 406.539051 76.687678 338.427245 156.467249 96.020831 169.002959 315.634282 128.701204 219.494875 197.820626 184.295958 275.234446 417.297256 332.543230 166.481230 
202.000000 7.000000 2.000000 a 104.019229 383.541393 343.349676 304.041116 222.335332 490.902231 312.237089 344.942024 390.406199 440.828765 475.857121 365.568051 22.135944 252.241947 444.041665 416.395245 173.565550 313.383152 125.239770 521.391408 146.112970 201.400099 191.971352 411.734138 75.000000 91.219515 37.696154 276.925983 340.383607 33.615473 245.735630 359.034817 402.120629 89.872131 280.223125 531.971804 232.690782 290.387672 362.891168 293.972788 377.224071 483.810913 142.562267 288.211728 282.455306 263.964013 333.397660 549.422424 289.994828 92.021737 
274.000000 8.000000 5.000000 a 79.177017 241.298570 273.411777 189.362087 72.111026 364.354223 249.072279 197.752370 296.162118 307.826250 354.238620 262.885907 174.152232 136.356151 318.600063 275.408787 151.604749 289.281869 51.400389 408.208280 57.706152 210.297408 76.655072 348.465206 80.224684 63.387696 117.720007 122.576507 226.318360 139.057542 93.343452 209.458827 258.723791 123.044707 168.884576 418.292960 115.256236 296.543420 208.626460 140.132081 225.435135 344.595415 112.271991 203.305189 185.924716 169.168555 258.853240 431.844880 291.595610 130.862523 
177.000000 4.000000 4.000000 a 280.722283 518.464078 130.919823 234.008547 322.778562 337.336627 122.331517 342.800233 195.473783 330.219624 311.924670 210.297408 341.058646 243.526179 305.941171 348.488163 187.579317 47.010637 292.027396 316.291005 385.206438 143.502613 266.986891 131.217377 322.307307 325.269119 328.097546 369.514546 234.882950 312.443595 380.963253 469.323982 529.528092 403.655794 494.631176 325.129205 443.605681 59.059292 428.225408 366.230802 468.825127 380.788655 428.612879 173.761331 198.237232 200.997512 141.947173 349.044410 56.302753 410.440008 
168.000000 4.000000 5.000000 a 397.683291 424.287638 182.923481 200.870605 327.391203 72.201108 211.981131 234.770100 116.107709 119.641130 55.027266 134.357731 509.134560 254.939208 88.277970 168.181450 337.658111 271.884167 384.667389 23.259407 444.127234 349.665554 318.692642 166.075284 437.603702 428.379505 466.194166 324.376325 163.453357 468.241391 362.604468 375.704671 424.698717 508.587259 477.921542 33.615473 447.250489 330.818681 317.833290 306.111091 359.346629 140.900674 500.023999 214.014018 217.340746 235.849528 183.831445 55.973208 322.342985 516.643010 
Type de surveillance de chaque endroit(target):tab[nombre de target]
a a a a a a a a a a a a a a a a a a a a a a a a a a a a a a a a a a a a a a a a a a a a a a a a a a 