Nombre des capteurs:
50
Nombre des targets:
30
Nombre de type de surveillance:
1

Caracteristiques:
260.000000 9.000000 3.000000 a 353.510962 232.107734 426.568869 349.022922 205.827598 360.112482 244.789706 123.223374 353.899703 247.588368 364.446155 113.159180 196.621464 137.306227 190.420587 367.619368 156.051274 411.806994 302.238317 397.518553 164.514437 319.081494 373.033511 241.745734 122.776219 193.680149 90.022219 184.271539 406.752996 234.132441 
165.000000 6.000000 3.000000 a 273.162955 111.615411 321.753011 279.064509 225.461748 283.494268 137.266165 50.000000 220.184014 135.085158 215.613079 128.658463 130.138388 62.968246 54.918121 233.452351 101.843016 352.676906 242.404620 241.588493 213.590730 194.743421 301.094669 205.915031 80.411442 109.635761 120.415946 109.288609 353.638233 196.758736 
154.000000 5.000000 1.000000 a 122.653985 263.347679 126.716218 142.621878 246.058936 134.658828 87.658428 211.400095 299.107004 284.411673 83.384651 234.241329 147.248090 193.352011 150.206524 41.109610 300.043330 208.031248 143.003496 222.569090 273.600073 302.001656 152.957510 171.956390 207.576492 140.064271 249.018072 297.754933 216.910120 169.162644 
296.000000 6.000000 5.000000 a 83.054199 429.941857 60.440053 90.801982 271.412969 77.103826 213.321354 339.699868 470.558179 452.238875 238.212090 324.211351 242.206523 316.665439 296.013513 175.601822 452.305207 75.026662 138.246157 383.735586 316.715961 473.874456 68.541958 202.526541 321.686182 252.039679 346.577553 455.763096 90.620086 207.927872 
154.000000 1.000000 3.000000 a 144.170038 250.409664 216.831732 143.178211 114.140265 151.953940 59.236813 118.308918 337.312911 274.614275 206.736547 101.192885 16.155494 94.540996 102.083299 182.035711 242.744722 213.251026 100.463924 309.040450 133.775932 322.456199 166.904164 63.134776 95.524866 36.235342 121.396046 254.096438 212.115535 54.561891 
155.000000 3.000000 5.000000 a 363.617931 47.434165 403.183581 371.296378 314.058912 374.471628 226.773014 133.775932 167.502239 59.228372 266.475140 209.172178 224.971109 153.600130 144.402216 300.958469 39.698866 445.417781 336.434243 236.763595 294.884723 130.969462 392.593938 300.541179 166.355042 204.352636 193.535526 20.099751 447.088358 291.358885 
117.000000 5.000000 3.000000 a 144.627107 216.363121 182.164761 156.984076 200.848201 156.339374 28.160256 143.586211 276.875423 239.384628 119.883277 169.917627 88.323270 125.355494 85.094066 105.815878 239.852038 230.729279 135.532284 228.372503 220.036361 270.839436 175.285481 137.003650 140.003571 75.663730 182.857868 241.281993 235.518577 131.137333 
208.000000 7.000000 4.000000 a 241.174211 132.909744 258.955595 255.691220 279.001792 253.242966 120.702113 148.448644 176.708800 152.764525 111.004504 211.966979 161.198635 144.899965 87.091905 147.299016 185.722912 328.344331 235.544051 144.734239 284.903492 172.557237 272.347205 228.473193 165.954813 139.000000 213.768566 176.229963 334.187073 221.054292 
174.000000 6.000000 3.000000 a 292.022259 402.781579 215.856434 315.014285 463.605436 299.152135 307.689779 417.321219 366.292233 414.903603 177.544361 453.521775 368.403312 403.886123 350.372659 180.380154 470.392389 343.956393 340.777053 243.647286 494.354124 392.509872 308.812241 386.626435 421.213722 359.089125 466.022532 457.183770 358.788238 385.612500 
266.000000 8.000000 5.000000 a 371.441785 10.816654 400.552119 381.871706 346.135811 382.920357 236.619948 167.287178 119.037809 14.317821 247.584329 245.751907 246.813695 183.575598 159.364362 290.318790 86.954011 456.247740 351.518136 195.887723 331.725790 83.186537 401.647856 323.208911 199.582063 224.439301 232.819673 60.440053 459.526931 314.230807 
225.000000 9.000000 3.000000 a 208.434642 413.401742 297.058917 187.723200 77.665951 204.748626 231.000000 257.769277 511.531035 436.986270 369.583549 186.171964 185.722912 239.269722 273.080574 327.330109 381.005249 205.153601 155.193428 485.297847 110.941426 492.879296 202.950733 121.334249 225.177708 208.904284 207.328242 400.495943 192.314846 127.015747 
287.000000 5.000000 3.000000 a 360.471913 20.000000 385.254461 372.055103 347.639181 372.162599 227.692775 171.819673 103.368274 27.166155 227.607118 250.888421 243.528232 185.722912 154.486245 272.693968 107.004673 446.229761 343.944763 172.803356 336.364386 72.339477 391.065212 319.595056 203.273215 220.585584 239.920820 82.036577 450.219946 310.792535 
111.000000 1.000000 3.000000 a 130.969462 489.147217 159.524293 118.067777 254.125953 118.869677 263.402733 372.533220 546.717477 512.723122 326.465925 335.809470 270.386760 348.772132 344.193260 264.425793 495.706566 43.863424 153.873325 471.272745 302.165518 544.538337 99.764723 206.886442 347.731218 287.139339 360.001389 504.385765 42.154478 215.148786 
172.000000 6.000000 5.000000 a 351.300441 121.918005 351.461235 368.077438 392.842208 363.506534 238.537209 238.096619 68.796802 123.166554 172.037787 313.076668 276.683935 243.501540 193.064756 230.672929 207.908634 438.416469 351.991477 71.589105 393.127206 87.367042 382.460455 346.174811 264.196896 253.712436 308.690784 184.287818 445.755538 338.585292 
275.000000 2.000000 3.000000 a 274.235300 381.136459 201.558924 297.405447 442.377667 281.886502 284.971928 394.001269 348.381974 393.742302 154.304893 430.592615 345.833775 380.615291 327.048926 158.041134 447.800179 329.948481 321.361168 226.530351 472.425656 373.373807 292.432898 365.699330 398.001256 336.203807 442.918728 434.954021 344.489477 364.440667 
238.000000 1.000000 1.000000 a 220.621848 389.422650 310.427125 201.883630 53.150729 218.753286 221.472346 231.741235 491.781456 412.625738 365.120528 157.000000 170.047052 214.888343 253.842471 327.756007 352.238556 229.392676 163.376865 473.270536 77.336925 471.059444 219.804459 116.811814 199.123078 192.374635 176.816289 372.864587 217.697037 120.208153 
236.000000 4.000000 4.000000 a 289.456387 400.475967 213.564978 312.464398 460.818836 296.627713 304.862264 414.566038 364.584695 412.685110 174.865663 450.699456 365.574890 401.103478 347.627674 177.552809 467.898493 341.716257 338.096140 242.033056 491.538401 390.620020 306.360898 383.854139 418.417256 356.265351 463.211615 454.766973 356.523492 382.827637 
131.000000 5.000000 3.000000 a 254.786185 190.682983 322.615871 253.671047 152.869225 262.718481 138.520757 33.015148 303.105592 212.776878 262.756541 47.127487 95.257546 33.241540 91.400219 261.705942 150.711645 321.976707 209.308385 317.554720 133.150291 276.486889 277.510360 156.540730 16.492423 88.283634 38.078866 170.135240 319.390044 147.648231 
237.000000 4.000000 4.000000 a 329.874218 124.149104 385.686401 332.677021 243.166610 339.281594 198.224620 72.917762 245.703073 141.226768 283.622989 134.617978 175.045708 96.664368 120.337027 301.822796 60.901560 404.259817 291.631617 293.639234 217.958712 211.858443 355.787858 244.663034 100.801786 159.702849 115.485930 84.480767 403.297657 235.535560 
283.000000 4.000000 3.000000 a 228.081126 207.038644 215.002326 248.020160 324.274575 240.033331 151.634429 227.035240 206.634944 222.506180 34.438351 279.331344 209.066975 218.449079 160.589539 94.047860 270.053698 312.656361 243.977458 117.200683 340.755044 218.769285 258.141434 259.113875 238.321212 191.595929 286.015734 257.955423 322.063658 253.899586 
113.000000 7.000000 4.000000 a 374.092235 160.639348 364.935611 392.298356 429.513678 386.253803 269.942586 278.921136 75.006666 158.672619 182.433550 353.001416 312.257906 283.436060 231.311478 244.247825 247.412611 460.358556 380.159177 48.662100 431.844880 108.240473 404.911101 379.288808 304.304124 289.691215 349.366570 222.748737 468.744067 372.081980 
174.000000 6.000000 3.000000 a 103.121288 428.590714 40.459857 116.468880 297.941269 100.623059 220.658107 350.462551 460.244500 450.071105 222.766694 342.299576 256.943574 328.123452 301.628911 161.443489 457.515027 109.931797 162.049375 366.956401 341.884483 466.502947 97.005155 225.807440 335.180548 264.000000 363.736168 458.802790 125.538839 230.256379 
177.000000 7.000000 4.000000 a 140.545366 221.298441 189.129585 149.806542 178.263849 151.604749 6.082763 130.862523 290.423828 244.934685 142.667445 149.459024 65.734314 110.634533 80.006250 125.000000 236.298540 224.200803 122.413235 248.515593 197.246039 281.602557 170.038231 116.430237 123.130013 55.000000 163.783394 240.435022 227.563178 110.040901 
264.000000 2.000000 1.000000 a 130.000000 356.527699 61.131007 152.856142 311.899022 136.926988 181.515840 310.319191 372.227081 375.960104 131.487642 324.229857 234.797785 291.096204 250.459578 76.537572 399.361991 187.096232 181.664526 272.281105 348.173807 382.827637 147.091808 234.079046 303.578655 233.053642 341.669431 395.567946 201.002488 234.827596 
135.000000 1.000000 4.000000 a 60.745370 302.235008 129.340636 68.883960 166.604322 71.112587 76.850504 198.595065 365.005479 325.779066 174.002874 188.692872 102.313244 175.513532 159.210552 126.649122 314.197390 143.223601 52.345009 306.184585 202.566039 359.562234 89.185201 88.865066 181.024860 110.887330 209.475536 320.206184 147.105404 89.095454 
249.000000 9.000000 5.000000 a 45.486262 315.158690 110.054532 58.821765 182.439031 57.008771 91.787799 216.815590 372.800215 338.421335 171.172428 208.096132 121.593585 193.932978 174.771279 118.949569 330.552568 131.529464 57.489129 308.029219 220.000000 369.283089 75.927597 104.661359 200.002500 129.387016 228.886435 335.596484 137.131324 105.891454 
131.000000 8.000000 1.000000 a 117.596769 376.808970 37.013511 139.291062 307.522357 122.588743 190.433716 321.168180 396.930724 396.868996 156.646098 328.867755 239.585058 300.885360 264.047344 98.838252 415.832899 165.245272 173.484870 298.563226 346.216695 406.388976 130.034611 230.217289 311.905434 240.401747 347.575891 413.464630 179.713661 232.002155 
274.000000 9.000000 1.000000 a 67.675697 325.281417 154.236831 60.008333 131.502852 72.006944 102.078401 203.337158 397.780090 349.310750 217.082933 176.025566 101.242284 179.568928 177.341479 170.017646 326.352570 128.160056 15.811388 346.221028 172.409396 389.082254 84.023806 55.470713 179.977776 117.720007 199.062804 335.871999 127.475488 59.464275 
280.000000 1.000000 3.000000 a 473.972573 128.693434 488.484391 487.221715 465.769256 485.931065 344.815893 287.137598 83.024093 105.621967 315.069834 365.410728 363.235461 303.244126 274.116763 369.875655 188.042548 560.771790 461.705534 206.196508 451.425520 62.265560 505.000990 439.264157 319.452657 340.270481 351.693048 160.012500 565.749061 430.481126 
250.000000 3.000000 2.000000 a 453.282473 92.655275 480.674526 463.624848 418.248730 464.760153 318.290748 237.901240 127.263506 69.835521 320.455925 313.177266 325.399754 257.110871 239.760297 367.773028 124.149104 538.014870 432.597966 239.870799 398.647714 88.238314 483.480093 401.659059 270.519870 303.646176 296.743997 98.371744 541.147854 392.562097 
209.000000 9.000000 5.000000 a 252.253840 362.000000 183.010929 275.523139 417.972487 260.317114 260.230667 370.094583 335.435538 375.481025 131.472431 405.927333 321.076315 356.405668 303.265560 133.304163 426.635676 311.102877 298.077171 215.390343 447.755514 358.503835 271.587923 341.457172 373.636187 311.515650 418.389770 414.596189 325.345970 340.076462 
136.000000 3.000000 2.000000 a 271.016605 281.186771 353.390719 261.818640 100.244701 275.305285 193.767902 126.253713 396.001263 302.165518 336.203807 52.392748 133.416641 120.784933 177.200451 321.403174 227.692775 317.056777 214.158820 407.682474 58.008620 368.224117 285.240250 150.096636 99.689518 143.178211 56.035703 251.730014 310.103209 144.367586 
143.000000 8.000000 4.000000 a 312.774679 184.694342 380.006579 311.269979 193.507106 320.600998 194.164878 66.648331 305.124565 203.002463 307.319052 85.982556 153.264477 83.934498 133.454112 313.308155 120.805629 378.609297 266.326867 341.123145 162.003086 272.809457 335.171598 210.952601 74.027022 145.581592 62.625873 146.321564 375.406446 202.385770 
203.000000 2.000000 2.000000 a 188.732615 205.854317 253.663162 190.128904 138.452158 197.517088 70.682388 70.213959 300.760702 229.943471 207.251055 78.517514 33.015148 46.572524 62.369865 197.205477 193.891722 261.467015 148.976508 287.862815 141.792101 282.256975 213.475994 108.300508 52.611786 19.235384 91.268834 205.761998 260.756591 99.156442 
178.000000 3.000000 5.000000 a 312.025640 121.078487 314.612460 328.671569 357.453493 324.229857 199.859951 210.622886 105.475116 129.838361 138.293167 282.603963 240.303974 213.243992 159.705980 194.427364 201.121854 399.200451 312.694739 78.236820 360.251301 114.947814 343.208392 308.287204 234.307490 217.664880 280.360482 181.245690 406.420964 300.885360 
123.000000 7.000000 1.000000 a 227.220158 207.790760 297.405447 225.428481 130.176803 234.853146 117.170815 50.249378 314.950790 230.826775 250.571347 37.336309 68.066144 34.234486 87.595662 243.526179 176.105082 293.288254 180.712479 318.402261 117.720007 291.121968 249.329100 127.906216 17.804494 65.000000 45.000000 193.600103 290.614865 118.966382 
133.000000 7.000000 3.000000 a 171.679935 396.042927 86.977008 193.279590 360.034721 176.502125 231.624696 359.449579 399.811205 414.198020 161.595173 374.765260 285.334891 340.700748 298.221394 118.000000 444.040539 213.590730 227.138724 291.006873 397.468238 414.484017 183.068293 282.391572 353.624094 283.386662 392.127530 438.552163 228.674441 283.637092 
108.000000 1.000000 2.000000 a 392.867662 374.994667 479.117940 380.118403 199.904977 395.236638 326.038341 240.634578 496.179403 391.710352 467.206592 181.686543 265.580496 243.187171 301.683609 453.657360 301.106294 424.238141 333.654012 527.184977 153.941547 462.731023 402.155443 270.170317 222.497191 275.138147 174.484956 329.297738 414.397152 266.557686 
185.000000 2.000000 1.000000 a 321.168180 53.150729 343.048102 333.781366 324.274575 333.016516 191.167466 157.318149 114.586212 69.634761 185.607112 235.019148 214.161154 166.433170 125.000000 229.976086 128.705089 407.590481 308.131465 148.499158 318.323735 96.747093 352.029828 288.901367 186.067192 190.790461 227.879354 109.658561 412.243860 280.415763 
241.000000 4.000000 2.000000 a 241.101638 157.257750 246.010162 258.118190 303.204551 253.308113 136.066160 183.662734 176.082367 174.264167 81.024688 243.895469 185.083765 178.530110 120.066648 127.953116 218.403297 328.208775 244.393126 119.000000 313.114995 180.313616 272.253558 246.375729 199.323857 164.401946 247.329739 206.494552 335.600954 239.754041 
297.000000 8.000000 5.000000 a 159.890588 286.644379 243.343379 151.327460 63.150614 164.347193 109.767937 137.902139 381.601887 310.601030 256.632032 87.863531 56.222771 116.180893 143.251527 227.501648 265.377090 211.366979 103.696673 359.313234 87.726849 363.782902 175.034282 41.303753 107.447662 79.075913 112.058021 281.042701 206.526027 34.014703 
170.000000 1.000000 5.000000 a 90.426766 336.786282 179.621825 76.550637 106.000000 91.706052 120.154068 204.286563 415.908644 360.972298 244.663034 165.746795 103.600193 180.759509 187.864313 199.180822 330.340733 133.221620 30.805844 370.397084 149.693019 404.813537 99.201814 37.013511 177.687929 123.842642 189.718212 342.176855 129.031004 44.553339 
206.000000 4.000000 5.000000 a 238.679702 231.387122 314.097119 234.053413 112.929181 245.130577 140.911320 72.567210 341.843531 253.728201 278.870938 7.280110 84.864598 62.393910 117.652029 268.600074 190.646269 298.055364 187.451327 348.363316 92.179173 316.469588 258.069758 128.549601 42.000000 88.600226 25.019992 210.983412 293.833286 120.415946 
153.000000 3.000000 4.000000 a 129.799846 244.499489 145.784087 147.597425 232.819673 142.003521 67.941151 189.171880 286.923335 266.101484 88.119237 214.273190 128.817701 171.397200 127.882759 60.216277 278.513913 216.815590 140.577381 218.524598 257.660630 287.327339 160.897483 161.297861 186.043006 119.808180 228.267387 276.929594 224.414795 157.492857 
217.000000 8.000000 2.000000 a 16.492423 376.090415 82.006097 27.586228 208.146583 10.816654 152.970585 274.972726 429.200419 399.211723 212.313448 256.859884 175.823775 251.620746 235.868607 152.085502 391.287618 74.625733 72.235725 355.562934 252.009920 427.846935 20.396078 136.297469 255.538647 187.109594 279.302703 396.789617 83.773504 141.209065 
152.000000 1.000000 2.000000 a 297.321375 222.144097 271.007380 318.284464 396.742990 308.967636 224.588513 283.876734 178.317133 230.672929 93.920179 344.361728 280.146390 279.372511 220.911747 155.261070 299.549662 379.390300 317.165572 60.207973 410.800438 203.246156 326.386274 332.939935 300.166620 261.231698 348.175243 281.400071 389.864079 327.566787 
289.000000 5.000000 5.000000 a 291.898955 68.796802 322.614321 302.687958 283.301959 303.423796 157.813181 116.965807 155.858911 92.005435 181.868084 194.010309 174.862803 125.195847 85.422479 216.566387 115.520561 377.003979 273.804675 177.228666 277.041513 135.771867 322.200248 250.427634 145.000000 151.647618 187.672587 105.076163 380.616605 241.754007 
254.000000 8.000000 4.000000 a 454.031937 98.737024 474.782055 465.972102 434.366205 465.798240 321.740579 254.615396 95.634722 74.625733 307.405270 332.099383 335.393798 271.911750 247.242796 358.620970 151.013244 540.068514 437.905241 213.841062 418.083724 60.299254 484.752514 411.752353 287.167199 312.833822 317.441333 123.259888 544.206762 402.816335 
176.000000 4.000000 4.000000 a 165.601932 390.717289 254.568262 145.248064 71.309186 162.274459 195.243438 240.070823 482.979296 414.692657 329.686214 176.207264 156.543924 219.401459 245.817005 285.576610 366.554225 169.000000 112.258630 449.694341 116.709040 466.858651 161.443489 85.000000 208.278659 179.938879 199.484335 383.742101 157.486507 92.195445 
224.000000 2.000000 5.000000 a 238.817922 121.827747 273.212372 249.425340 241.993802 250.281841 104.661359 99.297533 198.919582 145.244621 151.396830 165.677397 127.781063 97.144223 42.047592 174.183811 152.013157 323.748359 221.070125 190.065778 242.596373 184.707877 269.016728 201.357890 118.330047 104.403065 165.710591 149.050327 327.371349 193.023315 
Type de surveillance de chaque endroit(target):tab[nombre de target]
a a a a a a a a a a a a a a a a a a a a a a a a a a a a a a 