Nombre des capteurs:
20
Nombre des targets:
100
Nombre de type de surveillance:
1

Caracteristiques:
274.000000 5.000000 3.000000 a 111.112556 132.003788 297.833846 276.524863 302.760632 228.589151 106.512910 464.233777 326.070545 241.049787 327.184963 297.121187 473.032768 513.089661 293.462093 181.107703 329.660431 394.077404 250.744890 423.548108 467.124180 454.318170 308.585482 301.400066 479.009394 502.189207 307.416655 497.096570 321.309819 382.487908 227.782791 251.644591 434.897689 470.422151 531.416974 268.128700 362.415507 423.869084 338.303119 260.123048 376.247259 261.658174 284.344861 299.081929 300.507903 174.794165 312.616378 376.830200 131.745968 369.415755 350.138544 325.926372 130.667517 280.321244 405.720347 385.861374 356.552941 341.457172 267.239593 397.200201 281.312993 294.944062 492.305799 313.344858 266.377552 350.652249 271.035053 352.404597 431.625996 403.112887 346.770818 113.145923 166.183633 241.049787 402.657423 139.230025 195.412384 470.345618 433.401661 235.637433 314.682380 422.184794 344.075573 393.103040 142.800560 294.864376 115.741090 226.861191 373.012064 120.904921 493.413620 438.945327 420.415271 377.033155 222.193609 478.448534 406.036944 401.299140 206.196508 81.743501 
295.000000 7.000000 1.000000 a 286.027971 370.060806 125.239770 202.632673 427.066740 415.260159 267.366789 291.061849 252.958495 229.008733 373.876985 409.386126 247.163913 409.180889 432.539016 163.884105 233.310951 303.712035 368.126337 256.322063 229.270583 276.016304 134.331679 272.058817 411.130150 417.468562 183.698122 281.902465 342.242604 230.184708 134.629120 206.206207 286.555405 330.504160 395.132889 296.730517 428.598880 212.143819 146.536685 335.335653 184.878338 237.185581 82.377181 422.965720 419.314917 388.542147 203.570627 433.586208 280.251673 114.725760 183.393021 271.090391 216.092573 225.144398 347.541364 135.856542 347.332694 242.423184 116.846053 227.125516 382.660424 440.511067 426.550114 395.409914 89.805345 422.271240 60.876925 271.670757 338.155290 401.808412 102.313244 239.207023 178.025279 419.686788 244.632377 173.000000 153.792067 265.452444 305.137674 255.196003 208.031248 402.504658 105.042848 473.565201 376.820912 154.870914 311.207326 299.172191 411.596890 333.946103 363.655056 300.268213 200.112468 420.042855 302.476445 451.558413 418.549878 476.525970 264.781042 268.007463 
230.000000 5.000000 3.000000 a 238.379949 318.487048 34.928498 62.649820 305.602683 324.499615 226.035395 162.049375 95.482983 110.072703 232.131428 285.954542 165.653252 256.035154 316.362134 128.222463 73.817342 144.222051 255.538647 121.078487 163.682620 149.833241 26.907248 124.036285 252.033728 260.654944 25.612497 188.095720 197.091349 83.198558 84.723078 83.294658 142.579802 185.558616 251.914668 165.420676 286.150310 116.017240 40.000000 212.793327 67.801180 105.223572 78.771822 301.988410 296.863605 318.251473 45.254834 287.923601 221.652882 105.948101 41.617304 115.364639 181.474516 82.565126 187.472665 108.664622 193.331322 82.365041 56.320511 91.678787 259.788375 325.848124 267.529438 262.640439 79.511006 282.209142 105.513032 111.830228 180.205438 245.538184 89.894382 204.247399 142.835570 324.024690 102.489024 175.071414 114.477072 161.443489 154.012986 138.014492 49.517674 243.805250 84.077345 331.187258 321.006230 14.212670 259.624729 188.066478 263.068432 281.156540 216.453228 152.839785 115.004348 271.906234 194.002577 291.605898 263.759360 332.415403 164.347193 241.447717 
102.000000 6.000000 3.000000 a 191.436674 251.382179 150.336290 65.115282 187.962762 225.470619 188.724667 200.002500 46.818800 57.000000 110.145359 167.967259 248.744849 219.938628 201.062179 151.082759 67.364679 103.600193 146.154028 166.784292 256.859884 196.063765 147.353317 8.246211 188.403822 209.618701 97.308787 256.470271 75.802375 132.003788 142.705991 65.795137 162.289864 187.395304 242.260191 51.195703 164.514437 204.550727 159.088026 99.849887 164.438438 37.483330 186.810064 184.694342 179.011173 235.849528 80.777472 167.430583 169.743925 227.477471 135.340312 35.355339 169.056204 42.449971 113.951744 227.484065 83.258633 72.532751 150.655236 153.759553 143.125819 211.021326 202.674616 141.481448 177.721693 160.178026 206.867107 66.068147 139.186925 139.204885 211.981131 180.886705 154.262763 221.461058 147.054412 196.206524 146.996599 228.063588 150.814456 58.180753 77.878110 147.220922 206.169833 209.695017 250.059993 119.570063 203.494472 91.586025 144.277510 219.317122 204.804785 160.240444 211.009478 152.839785 98.792712 203.039405 153.323188 211.454487 91.021975 212.207446 
249.000000 7.000000 3.000000 a 223.575491 259.855729 230.054341 145.691455 135.440024 202.566039 227.607118 236.078377 109.004587 127.455875 39.115214 116.709040 302.324329 204.355083 153.101274 221.720545 133.701159 121.807225 119.553335 213.009389 315.063486 237.118114 226.108381 76.694198 155.595630 183.831445 174.484956 301.802916 12.649111 188.247178 221.054292 144.031247 196.305884 204.834079 242.495361 68.359345 87.664132 264.357712 234.412030 81.633327 231.521057 113.159180 267.379880 133.454112 126.826653 231.458420 155.913438 87.982953 202.230067 303.295236 205.565075 88.022724 224.396970 123.044707 95.441081 300.847137 29.832868 132.563192 231.250946 209.876154 99.984999 163.193137 166.207701 81.024688 258.257623 86.122006 287.367361 109.036691 140.003571 70.000000 289.499568 229.002183 221.081433 194.023194 197.365144 261.467015 220.513038 275.181758 174.633903 111.825757 152.200526 88.769364 283.668821 131.946959 255.248898 199.010050 227.059464 107.079410 63.702433 236.088966 209.754619 187.757823 273.585453 72.346389 112.294256 144.682411 77.884530 132.593363 131.061054 252.669745 
202.000000 1.000000 3.000000 a 146.239530 164.793811 254.261676 171.143215 75.179785 107.540690 156.438486 317.416131 168.267644 127.440182 75.272837 57.801384 370.885427 302.034766 82.969874 196.824795 189.525724 208.540164 24.351591 287.236836 378.910280 315.291928 255.219513 125.514939 253.001976 281.584801 211.945748 377.413566 86.278618 254.017716 217.313138 154.120083 278.172608 294.837243 338.289817 71.253070 106.531685 326.571585 273.380687 22.360680 285.043856 128.565159 280.471032 71.119618 67.416615 133.809566 199.040197 120.503112 128.097619 338.892313 255.007843 151.921032 173.556907 152.472948 191.846293 342.381366 127.349912 194.363062 243.082291 275.862284 31.827661 92.195445 262.931550 57.974132 266.129668 95.126232 292.588448 181.837840 233.805475 157.581725 320.390387 168.077363 188.862384 101.237345 268.262931 221.226129 202.252318 349.252058 261.176186 99.020200 197.000000 181.648011 314.820584 142.077444 159.210552 226.920691 142.126704 53.009433 118.228592 145.910932 304.014802 272.882759 332.543230 121.334249 50.931326 233.420222 155.080624 149.000000 88.729927 180.427271 
114.000000 5.000000 1.000000 a 270.830205 339.449554 121.457812 85.000000 275.261694 318.760098 263.787794 108.811764 46.486557 124.450793 185.431928 255.331158 157.457931 171.002924 290.167193 190.706581 31.890437 58.137767 238.662942 73.539105 168.297356 103.353761 111.427106 89.022469 165.496224 173.968388 68.029405 163.217646 149.656273 41.109610 158.398232 109.553640 74.411021 110.072703 174.255559 144.249783 234.047004 117.098249 104.403065 192.106741 87.321246 106.526992 165.423698 272.413289 266.270539 327.536258 52.952809 231.482181 250.379712 169.070991 67.941151 63.285069 230.670761 82.758685 105.118980 161.604455 130.034611 21.633308 140.911320 63.031738 232.348876 300.308175 180.953033 224.142812 165.921668 233.379519 192.346042 38.600518 93.391648 173.899396 161.335055 248.887525 201.161627 314.560010 53.851648 240.353906 180.080538 134.892550 74.000000 142.056327 49.477268 166.352036 155.862119 276.739950 339.206427 95.885348 286.923335 183.839604 204.022058 305.163890 136.821051 77.897368 126.372465 212.906083 190.979056 209.021530 194.311605 275.797027 175.801024 284.431011 
115.000000 8.000000 3.000000 a 306.349474 389.354594 153.561063 231.140650 453.475468 438.717449 287.383020 314.841230 281.513765 256.602806 401.937806 436.033256 266.007519 435.643203 458.449561 187.552659 261.725047 331.621773 394.062178 281.305883 246.675901 299.668150 162.348391 300.562805 438.846215 444.623436 212.143819 301.378500 370.534749 256.727482 161.471360 234.232790 312.217873 355.984550 420.023809 324.445681 456.610337 234.053413 173.080906 362.270617 209.938086 265.279098 110.941426 449.348417 445.839657 409.923164 232.045254 461.784582 301.981788 134.536240 210.297408 299.686503 237.002110 253.621766 375.825757 155.167651 375.917544 270.712024 145.344419 252.602454 409.376355 466.244571 454.234521 422.834483 118.190524 450.138867 89.106678 300.041664 365.656943 430.409108 125.323581 259.295199 200.810856 443.636112 270.512477 191.387042 178.465683 286.630424 331.615741 282.405736 236.501586 431.045241 128.763349 501.511715 396.565253 183.382115 331.475489 325.530337 439.965908 353.951974 389.292949 326.271359 221.325552 448.385994 328.600061 479.913534 447.135326 504.583987 290.738714 286.094390 
131.000000 2.000000 5.000000 a 281.831510 319.164534 250.503493 174.427635 180.247053 257.386868 284.787640 208.614477 121.659361 171.020467 85.702975 163.932913 285.224473 149.806542 199.491854 266.174755 143.586211 98.081599 176.181724 195.058965 301.734983 213.265093 243.836010 108.466585 97.308787 126.589889 191.801981 277.848880 72.090221 181.135309 256.846258 180.892233 170.695636 167.200478 193.196791 123.320720 109.444050 254.778335 244.989796 140.943251 231.397926 152.800524 291.898955 179.245642 172.568827 289.689489 171.825493 100.319490 260.249880 312.193850 210.845915 103.174609 277.000000 153.521985 53.009433 305.738450 35.057096 137.360839 258.642611 200.531793 152.793979 209.057408 107.070071 126.491106 286.094390 114.481440 315.145998 107.935166 99.609237 29.681644 302.173791 284.015845 268.152941 247.685284 184.228119 309.725685 262.505238 253.842471 144.346805 162.049375 167.475371 32.140317 296.467536 144.031247 314.358076 219.804459 286.225436 165.520391 72.835431 295.575709 164.438438 158.455041 266.326867 80.305666 171.093542 89.050547 50.566788 140.513345 186.188077 309.743442 
187.000000 5.000000 3.000000 a 416.058890 495.083831 184.504742 230.592715 452.248825 490.373327 403.744969 107.898100 221.731820 280.189222 361.553592 432.296195 21.931712 244.761108 466.901489 301.809543 199.832430 208.830074 413.233590 111.830228 15.811388 97.529483 173.833253 264.282046 279.873186 268.151077 188.854441 49.658836 326.185530 136.132289 254.566298 255.890602 138.538803 163.003067 204.804785 318.198052 407.592934 63.890531 144.201248 367.021798 110.981981 268.555395 205.681793 449.360657 443.253878 491.432600 194.920497 402.951610 398.923552 130.678996 141.315250 240.168691 358.062844 242.332416 256.164010 109.590146 301.935424 195.576072 215.336945 114.109596 408.959656 477.008386 291.564744 401.031171 221.070125 408.166633 228.265197 214.149481 216.674872 335.161155 148.354306 381.414473 317.616120 487.567431 125.483067 344.145318 287.236836 57.428216 167.026944 305.080317 195.760057 319.188032 148.408221 448.197501 497.004024 191.049732 436.935922 352.665564 374.855972 458.105883 191.107300 153.447059 62.769419 383.443607 359.439842 342.864405 356.725385 445.970851 335.839247 418.551072 
239.000000 1.000000 2.000000 a 134.301899 108.903627 353.114712 320.413795 295.332017 209.059800 139.176147 509.354493 363.803518 279.087800 338.864280 294.061218 525.818410 544.136012 282.391572 235.229675 371.064684 429.075751 252.669745 469.538071 521.775814 500.639591 363.056469 333.588069 504.631549 530.023584 355.373043 547.644045 339.977940 428.509043 283.019434 294.373912 477.356261 509.801922 567.736735 292.154069 365.584464 476.245735 392.502229 273.212372 428.094616 298.600067 343.949124 292.207118 295.042370 153.394915 357.807211 381.211228 156.064089 428.878771 400.372327 360.284610 178.832324 320.351370 433.797188 444.299449 378.450789 382.196285 323.447059 444.973033 283.591255 281.575922 516.846205 317.165572 325.576412 353.451553 332.777704 388.973007 464.762305 419.362612 406.070191 156.540730 219.107280 222.804847 448.341388 198.806439 249.953996 520.124985 472.603428 267.675176 359.279835 441.140567 402.975185 390.011538 118.697093 346.439028 125.717938 247.000000 382.278694 118.258192 530.028301 479.610258 474.067506 384.864911 241.033193 495.600646 418.914072 399.001253 234.955315 119.553335 
276.000000 6.000000 4.000000 a 326.381678 335.538373 356.426711 274.315512 154.146035 247.951608 335.451934 315.417184 229.314195 256.561883 114.791115 149.164339 395.637460 222.445499 172.409396 349.274963 252.857667 209.847564 188.382589 306.202547 413.168247 321.885073 351.135302 204.892655 163.624570 192.002604 298.804284 385.268737 137.713471 293.846899 350.887446 273.879536 279.529963 267.917898 275.109069 192.353841 75.325958 367.151195 355.218243 179.067027 343.861891 242.989712 395.551514 155.926265 151.168780 295.918908 279.206017 60.000000 307.483333 423.264693 322.304204 209.028706 343.861891 251.859088 161.276161 417.712820 131.045794 248.072570 360.111094 313.121382 157.384879 178.440466 162.505385 124.064499 387.331899 87.464278 416.515306 219.385505 203.179723 83.192548 411.986650 343.512736 346.943799 234.785008 296.492833 385.696772 349.177605 362.926990 251.753848 237.932764 275.070900 99.040396 406.208075 65.855903 327.727021 325.296788 322.038818 217.800367 68.942005 323.501159 256.000000 265.819488 378.906321 62.297673 220.292987 103.817147 62.265560 56.568542 249.819935 359.951386 
155.000000 1.000000 3.000000 a 331.730312 373.180921 265.198039 200.661406 233.565837 312.553995 333.109592 180.249827 141.481448 209.059800 140.730238 218.036694 263.592489 96.041658 253.071136 301.663720 157.699081 89.498603 231.365512 177.341479 283.128946 188.308258 256.425428 144.031247 42.201896 71.421285 207.234167 249.899980 125.717938 175.362482 284.829774 213.138453 147.135992 130.698125 143.251527 172.029067 157.581725 241.598841 251.097591 195.041021 228.422853 189.002645 308.650288 232.845442 226.225551 344.607023 187.771137 145.499141 309.903211 314.014331 214.200840 128.565159 320.145280 182.857868 43.081318 304.069071 85.422479 148.033780 279.145124 190.905736 207.894204 262.406174 53.310412 180.693110 306.026143 164.596476 334.175104 119.230868 68.876701 66.850580 307.800260 329.692281 306.026143 302.724297 172.261429 348.022988 295.846244 229.333818 118.532696 205.664776 183.308483 41.000000 302.405357 184.945938 368.680078 236.372587 337.853519 216.538680 120.768373 348.380539 119.507322 132.098448 254.825430 126.463433 222.569090 62.481997 85.375641 179.359973 233.323809 357.766684 
148.000000 5.000000 1.000000 a 361.807960 398.963657 299.282475 235.586502 248.485412 332.520676 364.123605 200.803386 176.377436 243.018518 161.471360 234.776489 286.274344 91.411159 268.262931 336.168113 192.200416 121.794910 253.775491 203.494472 307.092820 210.618138 290.244724 178.070211 33.000000 61.131007 241.615397 269.180237 152.463110 205.883462 319.756157 247.822517 171.467198 147.627911 144.419528 202.529010 167.630546 268.495810 283.778082 220.945695 259.023165 223.181540 342.883362 248.316331 241.896672 368.143994 222.283603 153.394915 340.123507 345.307110 246.564393 163.416645 353.192582 217.671771 77.794601 334.427870 114.284732 182.258059 313.805672 219.920440 228.035085 277.043318 32.649655 198.237232 340.599472 176.476627 368.620401 153.792067 94.847246 79.981248 340.072051 361.901920 340.211699 321.822933 200.823305 382.188435 330.552568 251.001992 143.003496 238.314918 217.830209 53.600373 334.773057 187.384631 393.859112 270.769274 366.607419 245.725457 132.653684 375.932175 129.065875 155.595630 282.226859 136.400147 251.406046 34.928498 92.417531 180.360750 264.764046 388.958867 
237.000000 7.000000 5.000000 a 264.070066 322.440692 167.074834 104.235311 231.657074 286.681007 260.894615 139.463257 44.102154 123.975804 137.131324 212.198021 204.707108 149.264865 248.171312 209.611545 59.033889 31.144823 203.592731 115.004348 218.508581 139.441744 158.927656 65.000000 126.479247 142.790056 108.673824 203.887224 103.097042 93.637599 187.808413 120.813906 99.724621 117.004273 169.614268 115.420969 182.164761 169.097605 157.003185 157.889202 142.523682 103.121288 210.202284 229.261859 222.804847 303.819025 89.050547 178.263849 242.404620 223.439030 122.024588 38.483763 237.497368 89.560036 55.713553 216.688717 76.687678 50.219518 180.360750 114.284732 191.760267 258.366019 141.795628 178.241409 207.238992 182.701943 235.459126 20.591260 67.230945 118.713942 214.282524 251.461727 216.379297 280.560154 100.129916 257.992248 202.022276 177.138364 81.987804 130.698125 84.581322 112.538882 208.655218 223.617978 320.494930 137.753403 276.016304 160.701587 150.416090 291.343440 132.280006 93.520051 179.621825 159.201131 167.836230 159.298462 139.086304 222.121588 163.682620 283.980633 
113.000000 7.000000 1.000000 a 112.414412 98.843310 292.335424 217.680959 91.983694 46.000000 129.073622 381.958113 229.157151 168.582324 144.253250 89.005618 428.444862 373.569271 82.855296 208.165799 247.606543 276.795954 51.884487 349.107433 433.866339 378.430971 296.006757 187.459329 324.427188 353.135951 260.230667 438.456383 157.813181 313.065488 241.350368 195.310010 343.495269 363.329052 409.029339 132.378246 161.623018 381.811472 318.509027 90.138782 337.201720 177.290722 310.098371 88.459030 90.553851 62.769419 251.029879 177.685115 103.276328 379.258487 306.444122 215.557417 165.894545 203.383874 263.077935 386.046629 198.909527 254.448423 274.641585 334.306745 80.956779 85.586214 334.095795 114.560028 293.410975 149.459024 316.355812 246.434575 304.095380 226.991189 358.738066 150.814456 195.494245 48.083261 329.120039 216.688717 217.892175 409.926823 328.609190 141.421356 249.903982 251.962299 353.566118 185.172892 91.482239 269.091063 97.082439 92.892411 182.584227 90.801982 374.192464 339.611543 385.966320 183.741666 86.122006 301.877459 222.056299 194.041233 115.039124 147.827602 
123.000000 3.000000 4.000000 a 254.332460 311.178405 170.017646 101.788997 219.146070 274.186068 251.781651 152.085502 42.720019 116.661905 125.015999 199.649693 216.390850 157.098695 235.586502 205.039021 62.008064 42.638011 191.023559 127.035428 229.682389 151.907867 162.609963 55.072679 130.003846 148.475587 111.220502 216.226733 90.669730 103.846040 185.924716 116.017240 112.361025 129.034879 180.069431 103.585713 171.020467 179.738699 162.855764 145.413204 151.158857 95.801879 212.492353 216.723326 210.280765 291.893816 91.268834 167.720005 232.568270 230.228148 129.034879 31.256999 230.228148 85.023526 56.568542 224.414795 66.098411 55.226805 181.245690 124.951991 179.120071 245.782424 145.031031 165.873446 208.432243 171.172428 237.033753 26.076810 76.157731 111.521298 220.047722 243.328995 210.950231 267.988806 111.543713 252.792405 198.204440 189.319835 94.413982 121.235308 86.821656 108.004630 214.347848 213.046943 309.045304 139.942845 265.633206 149.214611 140.089257 280.529856 143.087386 106.103723 189.842040 148.946299 156.310588 157.581725 131.244047 211.872603 153.701008 275.181758 
161.000000 1.000000 5.000000 a 245.595195 316.764897 99.729635 57.140179 266.422597 302.446690 237.693079 133.003759 37.000000 99.809819 182.002747 246.398052 170.519794 198.161550 280.001786 162.249807 12.369317 80.808415 224.877745 94.625578 177.814510 125.602548 91.268834 77.103826 188.480768 199.331382 42.449971 181.245690 145.880088 55.461698 130.552671 82.462113 101.257099 138.397977 202.714084 129.869165 233.623629 125.483067 91.049437 178.809955 86.492774 83.725743 143.265488 263.273622 257.437371 307.379245 25.019992 233.070805 225.610283 159.201131 59.615434 57.939624 203.029554 58.249464 122.588743 155.183762 133.988806 17.492856 115.732450 76.216796 222.009009 290.001724 204.004902 217.830209 141.760361 231.482181 169.248338 47.201695 118.608600 183.371208 148.070929 221.812984 172.812037 299.282475 73.498299 211.896201 151.647618 152.610616 102.459748 120.307938 21.213203 179.769297 142.341140 277.713882 317.100930 71.470274 262.688028 165.387424 206.651881 281.668245 165.245272 105.990566 132.015151 215.594527 172.351385 226.742144 202.566039 277.780489 153.323188 257.738239 
291.000000 9.000000 2.000000 a 228.107431 246.657657 277.650860 191.700287 91.065910 172.609386 236.326046 286.471639 160.962729 164.347193 17.691806 75.286121 354.746388 238.562361 110.385687 253.339693 185.625968 171.842952 97.498718 265.092437 367.763511 288.340077 274.754436 125.239770 183.632786 213.824695 224.075880 353.239296 52.392748 241.014522 260.461130 185.396872 246.894714 251.543237 282.242803 97.005155 37.202150 317.127735 285.029823 79.630396 283.924286 154.382642 312.673952 90.138782 83.486526 211.570319 206.247424 43.566042 208.614477 353.837533 257.437371 140.132081 244.444268 169.189243 137.898513 352.264105 75.663730 185.067555 275.670093 262.619497 68.963759 119.887447 190.918831 38.183766 301.973509 33.526109 330.691699 161.789987 184.694342 80.156098 339.117974 243.829859 249.647752 161.721984 249.883973 287.346481 254.701786 327.001529 223.754330 142.302495 202.765875 106.794195 333.294164 82.419658 240.168691 246.981781 225.718852 118.139748 34.365681 229.688920 252.384627 237.305710 326.337249 38.118237 120.619236 153.075145 72.917762 84.958814 150.784615 261.015325 
111.000000 8.000000 2.000000 a 388.181659 468.000000 155.080624 204.804785 432.056709 466.443994 375.502330 107.935166 201.039797 254.530941 343.576775 412.043687 31.000000 247.111311 446.054929 272.618781 178.070211 196.290601 390.755678 100.647901 14.212670 94.762862 144.616735 243.032920 276.588141 267.994403 162.560758 67.007462 307.774268 117.098249 225.228773 229.582229 131.487642 162.732910 212.228650 295.895252 391.448592 41.109610 115.108644 344.907234 84.480767 243.971310 176.025566 429.018648 423.057916 465.611426 170.229257 387.827281 371.429670 102.786186 115.247560 220.383756 329.261294 217.892175 245.307970 81.596569 286.246397 175.139944 185.800969 95.524866 388.046389 456.088807 289.278413 381.955495 191.342625 391.269728 198.879360 196.305884 209.246266 323.154762 119.419429 352.784637 288.534227 464.157301 110.063618 314.579084 258.001938 61.269895 160.031247 280.174945 171.470114 309.129423 119.201510 433.180101 470.196767 162.825059 409.420322 328.525494 359.923603 430.823630 193.499354 147.410990 35.440090 368.663803 335.167122 337.259544 344.570747 431.520567 310.161248 389.867926 
Type de surveillance de chaque endroit(target):tab[nombre de target]
a a a a a a a a a a a a a a a a a a a a a a a a a a a a a a a a a a a a a a a a a a a a a a a a a a a a a a a a a a a a a a a a a a a a a a a a a a a a a a a a a a a a a a a a a a a a a a a a a a a a 