Nombre des capteurs:
30
Nombre des targets:
30
Nombre de type de surveillance:
1

Caracteristiques:
271.000000 7.000000 3.000000 a 268.486499 63.134776 348.833771 295.489425 415.985577 208.614477 448.091509 127.632284 184.000000 433.626567 115.974135 118.966382 243.821656 205.039021 431.223840 216.566387 431.045241 175.641681 308.876998 99.859902 155.364089 367.306412 356.407071 314.111445 232.937760 490.180579 133.003759 380.236768 213.002347 163.835283 
113.000000 2.000000 1.000000 a 255.548430 25.495098 306.341313 323.706657 375.712656 185.440017 436.176570 154.434452 222.036033 428.042054 128.444541 144.682411 199.602104 201.734975 420.601950 185.270073 441.075957 128.817701 327.617155 122.376468 197.408207 337.653669 364.200494 320.315469 189.694491 481.062366 88.192970 338.337110 228.600087 179.627392 
153.000000 2.000000 3.000000 a 185.539753 75.432089 310.111270 241.250907 368.048910 136.499084 363.881849 78.447435 160.124951 348.539811 40.024992 68.622154 217.800367 119.954158 346.701601 156.540730 352.022727 178.263849 238.882816 46.518813 150.073315 298.492881 275.670093 232.280003 203.342076 405.306057 125.419297 338.402128 139.463257 91.093359 
208.000000 1.000000 5.000000 a 285.854858 64.280635 346.538598 322.024844 416.213887 220.839308 466.274597 154.155765 209.193690 454.209203 140.356688 145.413204 239.259274 225.763150 449.911102 224.002232 455.940786 164.657220 335.017910 125.896783 178.907797 376.132955 380.741382 338.000000 229.786858 509.530176 127.953116 378.652875 238.562361 189.251156 
208.000000 6.000000 1.000000 a 175.025712 123.357205 339.599764 193.093242 391.255671 148.717854 345.162281 38.897301 122.788436 322.622070 9.848858 31.906112 255.264569 100.498756 326.718533 178.751224 311.295679 224.243172 192.509740 25.709920 123.308556 306.543635 236.907155 195.256242 239.927072 382.648664 171.303824 365.689759 94.154129 44.777226 
208.000000 6.000000 2.000000 a 210.924157 439.802228 343.209848 390.898964 311.081983 282.063823 41.785165 404.694947 454.990110 99.639350 378.113740 404.738187 379.205749 280.251673 61.983869 299.200602 243.244733 441.354733 317.416131 406.078810 481.001039 190.078931 228.530086 233.122286 369.329122 61.392182 417.968898 334.598267 327.441598 353.884162 
272.000000 1.000000 2.000000 a 208.434642 439.344967 383.709526 346.005780 360.702093 288.918674 40.792156 383.207516 423.738127 47.518417 363.296023 384.766163 404.728304 267.239593 45.607017 313.829572 183.221178 457.423218 272.038600 389.597228 453.471058 230.893915 179.977776 194.092761 393.021628 18.681542 427.551167 379.317809 298.429221 331.789090 
235.000000 9.000000 1.000000 a 77.491935 229.455878 174.771279 332.243886 196.367003 72.027772 205.548048 251.097591 327.566787 223.651515 208.081715 246.237690 164.137138 132.653684 196.229458 76.321688 312.006410 218.160491 280.415763 236.592477 337.001484 91.706052 242.985596 207.369236 151.604749 256.750852 196.412831 187.275199 219.221349 212.758079 
111.000000 5.000000 1.000000 a 307.275121 79.429214 352.278299 346.273014 423.954007 239.175668 487.923150 179.011173 231.147139 477.331122 165.423698 170.393662 243.680118 249.238841 471.895115 238.838858 481.049893 163.783394 360.199944 151.092687 199.040197 391.230111 405.690769 362.801599 235.637433 531.879686 134.123078 384.896090 263.797271 214.478437 
105.000000 3.000000 4.000000 a 243.905719 406.148987 189.620674 496.991952 130.357202 259.563094 215.956014 439.751066 513.416985 271.641308 397.508490 435.295302 271.359540 315.734065 224.902201 246.519776 409.224877 355.326610 432.758593 426.057508 525.517840 97.800818 364.901357 346.226804 269.364066 256.780062 355.928364 167.597733 396.137602 398.548617 
230.000000 5.000000 3.000000 a 183.461168 403.837839 287.123667 396.727866 254.756747 243.920069 72.422372 386.374171 445.000000 131.061054 354.509520 385.063631 328.097546 258.000000 84.219950 255.264569 274.045617 394.665681 325.508832 383.334058 467.017130 134.629120 243.657547 237.674147 319.188032 114.070154 375.421097 278.016187 318.026728 337.249166 
145.000000 2.000000 5.000000 a 66.098411 193.752419 290.903764 205.455591 323.817850 92.574294 232.422030 140.356688 205.936884 214.723077 111.085553 139.000000 239.409691 13.892444 214.410821 135.148067 237.153958 249.238841 162.594588 138.917242 222.800359 214.149481 158.959114 114.490174 223.271136 271.935654 204.088216 309.467284 90.509668 92.649879 
177.000000 6.000000 2.000000 a 206.021844 422.859315 426.381285 271.532687 417.228954 290.523665 113.534136 339.449554 365.321776 53.851648 329.778714 343.069964 425.681806 242.662317 100.846418 324.260698 95.268043 463.389685 199.000000 352.601758 399.321925 281.215220 107.563934 136.857590 411.873767 99.644368 425.471503 428.168191 247.923375 289.471933 
178.000000 1.000000 3.000000 a 153.378617 247.588368 99.503769 404.499691 125.896783 119.473847 254.911749 305.738450 386.846223 285.043856 259.082998 299.260756 120.602653 200.412075 250.319795 92.114060 385.468546 197.585425 355.472924 285.408479 390.548332 79.322128 318.276609 283.301959 114.236597 306.804498 195.028203 111.615411 288.402497 274.488615 
177.000000 4.000000 2.000000 a 210.192769 109.553640 356.349547 209.059800 412.698437 175.328264 381.997382 39.623226 114.769334 359.538593 39.115214 30.083218 264.614814 136.780847 363.628932 200.142449 343.726636 221.382023 219.346757 11.661904 103.276328 336.122002 270.839436 230.204257 250.199920 419.648663 169.168555 384.187454 124.651514 76.485293 
178.000000 3.000000 4.000000 a 204.120063 344.615728 455.496432 112.000000 473.254688 267.226496 246.008130 221.070125 220.476756 191.128229 231.948270 228.037278 415.077101 183.883115 226.503863 309.523828 95.257546 421.658630 43.462628 245.051015 258.990347 343.080166 59.059292 75.153177 399.031327 253.568531 373.020107 468.651256 132.075736 181.471761 
253.000000 4.000000 4.000000 a 271.602651 493.170356 474.756780 331.730312 455.860724 356.068814 136.003676 410.571553 433.240118 97.575612 401.329042 414.366987 485.273119 313.359219 133.660016 387.249274 135.635541 528.674758 261.919835 424.128518 468.351364 323.729826 174.324410 207.530721 472.267932 94.371606 492.886397 472.517725 318.554548 360.833757 
292.000000 3.000000 1.000000 a 232.551070 463.608671 380.265697 388.063139 348.936957 308.449348 51.894123 417.608668 462.053027 89.560036 394.640343 418.516427 412.768700 297.270920 69.375788 328.782603 225.000000 471.920544 314.085975 421.797345 490.474260 226.850171 222.407284 234.232790 402.304611 31.144823 446.010090 372.200215 335.596484 366.285408 
100.000000 2.000000 5.000000 a 254.678228 283.044166 480.729654 39.824616 518.833307 278.567766 364.573724 135.299667 90.686272 318.044022 172.539850 145.220522 410.464371 193.041446 344.188902 318.290748 234.008547 387.218285 98.005102 168.107109 131.795296 406.863614 189.023808 173.002890 394.446448 382.890324 334.320206 502.047806 105.118980 129.653384 
214.000000 4.000000 5.000000 a 234.446156 237.018987 446.740417 83.773504 489.522216 245.837345 364.880802 89.005618 56.462377 324.154284 128.786645 99.000000 371.016172 165.423698 344.583807 283.536594 259.422435 343.211305 120.933866 122.016392 95.131488 384.793451 203.002463 177.228666 355.223873 389.082254 290.258505 469.774414 82.764727 91.268834 
228.000000 8.000000 4.000000 a 164.076202 342.286430 413.672576 167.092789 424.407823 238.549785 185.148589 239.081576 257.856549 131.734582 237.604714 244.018442 385.519131 166.436174 165.529454 279.078842 81.939002 404.163333 93.214806 256.737220 292.882229 290.998282 4.000000 41.182521 369.997297 195.532606 359.254784 423.785323 145.890370 191.801981 
142.000000 8.000000 4.000000 a 346.897679 355.759750 571.909084 95.462034 611.376316 370.049997 444.437847 210.059515 136.033084 393.010178 254.001968 219.986363 497.562056 285.524080 424.279389 408.949875 285.063151 466.691547 168.866811 242.785914 168.715737 499.124233 260.247959 254.654668 481.789373 456.477820 413.885250 593.913293 197.739728 217.478735 
274.000000 6.000000 3.000000 a 67.082039 279.958926 314.238763 222.847481 326.638944 148.771637 149.856598 217.993119 267.800299 126.763559 196.654519 218.888099 291.454971 101.872469 130.541181 186.123615 173.738309 320.713268 157.003185 222.946182 293.000000 196.022958 103.406963 72.201108 276.508589 185.326738 281.256111 324.513482 140.160622 166.736319 
140.000000 3.000000 1.000000 a 180.235956 310.927644 116.297033 438.912292 97.744565 172.307864 229.512527 358.022346 436.286603 271.223155 313.081459 352.438647 177.564073 242.117740 229.965215 152.777616 389.935892 259.383885 382.498366 340.649380 443.765704 40.049969 330.992447 302.317714 174.040225 279.529963 259.113875 109.041277 328.207252 321.794966 
106.000000 3.000000 3.000000 a 42.579338 249.927990 294.049316 223.517337 312.605182 119.540788 172.696265 196.367003 253.049402 155.595630 170.880075 196.237101 264.357712 73.925638 154.402073 158.268759 200.084982 290.688837 163.917662 198.176689 275.049087 187.445992 126.015872 87.863531 249.098374 211.804155 250.726943 306.740933 127.137721 146.000000 
168.000000 7.000000 5.000000 a 218.826415 337.511481 105.418215 477.462040 64.000000 206.891276 256.425428 393.418352 472.698635 302.238317 347.726904 387.485484 188.692872 279.780271 259.094577 183.109257 425.417442 274.710757 421.028503 374.774599 478.900825 74.040529 368.241768 340.414453 188.403822 304.645696 281.087175 87.817994 366.292233 358.600056 
255.000000 4.000000 3.000000 a 110.163515 169.425500 163.981706 332.453004 209.897594 38.483763 268.001866 220.056811 302.299520 279.873186 172.861216 213.213508 114.586212 127.224212 257.108926 11.401754 349.841393 154.896740 292.769534 198.768710 304.277834 143.055933 275.138147 234.053413 99.463561 318.399121 131.487642 186.678869 213.328385 192.439601 
229.000000 1.000000 3.000000 a 329.528451 105.118980 317.529526 410.757836 393.303954 250.798724 507.868093 241.350368 302.026489 505.920942 217.186556 231.864184 209.468375 284.627827 493.844105 237.539470 528.140133 121.696343 416.385639 210.161842 271.974263 385.032466 450.708331 406.420964 206.009709 555.201765 117.652029 350.770580 317.304270 268.391505 
286.000000 5.000000 4.000000 a 62.425956 169.198109 235.255181 260.284460 273.177598 35.355339 242.627286 165.710591 242.689102 239.069028 123.693169 161.049682 183.010929 54.561891 227.481867 77.929455 286.122351 201.295802 219.865868 152.610616 251.602862 176.782352 209.121974 166.048186 167.002994 288.466636 161.604455 255.440795 142.042247 128.405607 
273.000000 7.000000 2.000000 a 96.829747 145.206749 205.548048 293.027302 252.105137 14.866069 271.670757 178.002809 259.932684 274.133179 131.228808 171.405951 143.422453 90.255194 258.156929 42.544095 327.061156 161.533278 257.670332 157.889202 262.688028 174.942848 250.121970 206.980675 127.251719 319.715499 125.175876 228.973798 173.461811 150.243136 
Type de surveillance de chaque endroit(target):tab[nombre de target]
a a a a a a a a a a a a a a a a a a a a a a a a a a a a a a 