Nombre des capteurs:
30
Nombre des targets:
50
Nombre de type de surveillance:
1

Caracteristiques:
197.000000 7.000000 1.000000 a 269.066906 449.227114 337.083076 320.057807 373.535808 147.851277 284.838551 396.729127 164.906034 476.765141 49.010203 44.911023 346.394284 175.570499 192.626582 492.001016 76.694198 142.688472 398.548617 427.852778 36.359318 218.009174 299.292499 330.928995 306.184585 304.041116 374.040105 410.581295 484.232382 351.511024 289.560011 17.088007 307.379245 359.802724 147.139390 341.228662 240.201998 207.696895 327.739226 540.880763 33.136083 358.022346 300.980066 276.421779 302.497934 301.802916 220.619582 193.132079 452.447787 430.750508 
220.000000 7.000000 4.000000 a 203.403540 448.977728 227.528020 211.322029 260.440012 111.758669 292.104433 286.503054 87.658428 373.846225 91.607860 114.354711 219.009132 49.244289 61.131007 441.249363 134.238594 127.003937 273.117191 314.350123 116.824655 296.786118 168.315181 308.292069 284.339586 274.308221 361.773410 286.504799 435.000000 223.181540 180.546393 122.188379 344.836193 315.905049 35.608988 274.052915 119.570063 295.296461 206.341949 482.918213 147.634684 385.157111 323.154762 172.235304 214.441134 193.155378 201.099478 218.013761 346.561683 446.327234 
242.000000 1.000000 1.000000 a 267.555602 312.233887 381.567818 366.715148 418.119600 196.084166 173.487752 432.001157 238.346387 487.165270 197.699267 234.691287 428.049063 325.779066 313.461321 415.740304 143.265488 174.977141 468.241391 465.472878 175.616058 30.083218 398.869653 246.148329 228.372503 238.209991 264.077640 475.184175 406.784955 435.349285 344.075573 185.690603 147.868185 297.228868 264.463608 317.405104 327.566787 18.788294 397.290825 469.554044 157.457931 201.526673 162.984662 326.955654 320.814588 352.596086 183.133831 114.004386 471.525185 277.915455 
164.000000 8.000000 5.000000 a 92.179173 244.754980 126.321020 127.251719 140.730238 213.321354 188.724667 134.461891 208.038458 154.029218 316.840654 374.076195 208.540164 307.247457 254.064952 157.496032 293.462093 219.695243 209.678325 160.860188 324.918451 331.436268 229.995652 124.739729 125.399362 108.687626 165.855359 206.021844 153.013071 215.837902 140.246212 343.991279 266.510788 75.471849 254.574154 21.095023 197.668915 348.212579 175.000000 193.829822 345.508321 263.229938 226.550215 135.384637 81.859636 133.555232 159.314155 225.268728 145.907505 275.426941 
119.000000 2.000000 2.000000 a 203.403540 423.958724 255.313533 238.379949 290.993127 88.814413 261.681104 315.153931 88.102213 398.096722 38.078866 80.777472 261.237440 103.406963 108.853112 437.699669 80.956779 95.854056 313.536282 345.441746 62.433965 246.065032 214.560015 290.175809 265.324330 258.497582 340.332191 325.743764 430.675052 266.360658 207.482529 70.880181 305.368630 307.522357 61.983869 276.602603 155.322246 242.985596 243.131652 483.160429 93.648278 349.594050 288.196114 195.563289 227.844245 219.965906 178.058979 178.907797 372.592270 415.463596 
294.000000 9.000000 4.000000 a 112.414412 367.604407 156.259400 139.230025 193.010362 59.464275 220.102249 215.837902 18.384776 297.107725 132.098448 181.892826 177.687929 118.680243 75.106591 350.218503 137.266165 80.622577 225.000000 247.163913 149.003356 267.738679 143.401534 223.378602 200.631503 188.480768 278.485188 235.280683 344.013081 184.271539 109.000000 164.438438 284.763059 225.942471 55.443665 183.207533 72.422372 273.001831 152.345003 392.045916 177.634456 317.351540 256.345470 95.524866 127.534309 121.066098 125.574679 165.529454 272.016544 371.033691 
143.000000 4.000000 5.000000 a 290.244724 474.773630 352.423041 335.451934 388.278251 169.118302 310.357858 412.243860 182.167505 494.095133 66.128662 31.112698 356.530504 176.283862 200.084982 515.713099 102.004902 165.653252 409.646189 442.720002 60.141500 240.468293 307.429667 355.759750 330.953169 328.402192 399.340707 422.232164 508.033463 361.221539 304.637489 40.311289 332.434956 383.563554 158.028478 362.891168 252.007936 229.034932 340.000000 564.149803 57.280014 383.307970 326.465925 292.308057 321.288033 317.067816 244.920395 218.680132 469.109795 456.207190 
276.000000 8.000000 2.000000 a 20.615528 281.298774 102.552426 92.417531 135.000000 135.977939 173.046237 144.899965 127.200629 203.246156 238.025209 294.212508 173.968388 229.636670 177.552809 233.257369 220.045450 145.526630 196.155551 178.101095 247.951608 287.850656 176.776695 137.767921 123.308556 105.342299 192.353841 198.758648 227.589543 182.016483 86.400231 266.507036 252.301407 118.067777 174.000000 64.660653 127.675370 301.264004 137.742513 273.470291 270.680624 265.559786 214.441134 73.681748 34.828150 86.815897 105.702412 174.751252 184.621234 298.904667 
265.000000 6.000000 3.000000 a 252.875463 496.638702 133.454112 142.435951 111.319360 306.882714 407.835751 123.583980 268.061560 187.216452 368.419598 400.209945 72.013888 260.192237 224.877745 382.256458 386.249919 326.840940 42.449971 114.756263 390.385707 506.400039 117.613775 365.126006 355.418064 336.867927 414.382673 50.039984 381.693594 65.551506 157.289542 401.677732 486.819268 325.897223 269.007435 257.623757 179.075403 515.388203 102.449988 393.935274 421.161489 499.252441 449.234905 174.413302 201.121854 151.327460 331.001511 394.366581 161.046577 524.317652 
180.000000 9.000000 3.000000 a 154.207652 121.342490 261.174271 255.001961 285.464534 219.692968 66.483081 284.255167 242.785914 300.672579 311.192866 370.871946 338.732933 364.387157 320.031248 176.504957 264.660159 211.123187 353.004249 312.417989 307.058626 222.200360 342.235299 29.068884 46.043458 61.660360 33.541020 352.036930 167.487313 346.705927 252.606413 326.559336 124.663547 80.156098 295.670425 139.628077 285.632631 243.074063 302.552475 230.436542 314.758638 111.521298 87.464278 239.403425 195.724296 252.352927 128.949603 152.751432 296.664794 132.698907 
175.000000 7.000000 5.000000 a 196.756194 87.321246 304.573472 298.464403 328.421985 252.067451 78.236820 326.435292 278.883488 338.119801 337.218030 395.804245 382.174044 400.930168 358.503835 190.065778 286.844906 241.018671 396.188087 353.909593 330.315001 217.462640 384.959738 72.498276 87.298339 104.292857 33.526109 394.974683 181.099420 390.151253 295.778633 349.276395 104.479663 118.793939 331.119314 181.958787 326.987767 239.240465 345.984104 243.051435 334.400957 75.643903 76.557168 282.334908 239.175668 295.711008 161.830158 170.205758 336.001488 89.822046 
144.000000 4.000000 4.000000 a 220.907220 427.719534 280.071419 263.077935 316.155025 101.533246 263.696796 339.860265 109.767937 421.549523 12.041595 61.400326 288.027776 125.865007 135.558106 451.701229 66.610810 103.232747 340.129387 370.563085 37.483330 231.864184 241.480848 298.645275 273.649411 268.495810 346.602077 352.195968 444.387219 293.204707 232.348876 43.965896 300.807247 320.338883 88.842557 294.054417 181.796590 226.761990 269.417891 498.510782 68.007353 347.414738 286.973866 219.804459 249.303028 244.724335 186.010752 176.570099 396.547601 415.866565 
207.000000 9.000000 5.000000 a 159.389460 114.738834 264.425793 258.683204 287.946176 227.160736 73.409809 286.006993 249.815932 300.041664 318.954542 378.651555 342.597431 371.285604 326.583833 170.484603 272.470182 218.764714 355.787858 313.694119 314.865050 228.319951 347.139741 32.984845 52.469038 67.119297 26.000000 354.492595 161.446586 350.545290 257.093368 334.368061 128.265350 79.649231 302.760632 141.481448 291.336575 249.327094 306.471858 224.414795 322.552321 111.830228 92.048900 244.174118 199.582063 256.517056 136.473441 160.430670 296.804650 128.390031 
209.000000 9.000000 1.000000 a 277.108282 130.495211 394.462926 385.861374 422.143341 294.064619 123.308556 423.381625 330.121190 441.643521 355.449012 407.957106 467.115617 448.447321 414.479191 287.313418 298.509631 277.218326 487.894456 452.583694 341.502562 171.959298 461.157240 168.344884 173.046237 191.637679 137.753403 488.439351 278.684409 475.177861 377.588400 357.840747 61.188234 221.205787 377.534104 279.329554 396.243612 192.665513 431.027841 338.008876 335.839247 29.832868 83.934498 362.249914 326.718533 379.922360 215.668727 187.216452 438.014840 83.186537 
264.000000 1.000000 1.000000 a 311.905434 208.319466 340.577451 347.276547 337.551478 424.414891 307.514227 316.812247 429.634729 260.109592 527.092022 586.908000 417.646980 535.840461 482.958590 74.276510 490.617978 424.099045 397.905768 323.447059 529.273086 461.289497 451.100876 240.303974 263.250831 262.154535 217.168138 387.583539 81.394103 423.494982 366.400055 549.108368 350.008571 205.761998 479.610258 242.167298 426.498535 482.669659 389.965383 44.045431 543.111407 310.522141 321.124586 363.655056 310.716913 357.816992 345.000000 389.307077 280.016071 261.919835 
133.000000 1.000000 4.000000 a 101.965681 364.983561 136.297469 119.268604 173.011560 75.471849 222.991031 195.923454 37.656341 277.764289 151.953940 200.810856 159.665275 125.717938 76.687678 338.427245 156.467249 96.020831 205.876176 227.178344 169.002959 281.432052 128.701204 219.494875 197.820626 184.295958 275.234446 215.863383 332.543230 166.481230 89.000000 184.390889 291.084180 217.186556 69.814039 170.073514 57.314920 287.767267 133.150291 378.761138 197.570241 320.861341 260.754674 75.663730 110.385687 101.079177 129.031004 175.840837 252.414342 371.303111 
251.000000 5.000000 1.000000 a 191.971352 411.734138 75.000000 91.219515 37.696154 276.925983 340.383607 33.615473 245.735630 104.043260 359.034817 402.120629 89.872131 280.223125 232.690782 290.387672 362.891168 293.972788 52.392748 28.319605 377.224071 458.017467 142.562267 288.211728 282.455306 263.964013 333.397660 42.011903 289.994828 92.021737 119.603512 392.000000 420.364128 243.232399 264.820694 177.282261 171.642069 470.134023 85.702975 302.397090 405.899002 425.854435 381.209916 134.807270 137.058382 108.189648 276.349417 344.383507 74.946648 443.190704 
256.000000 8.000000 4.000000 a 76.655072 348.465206 80.224684 63.387696 117.720007 122.576507 226.318360 139.057542 93.343452 219.790810 209.458827 258.723791 123.044707 168.884576 115.256236 296.543420 208.626460 140.132081 160.262285 171.105231 225.435135 314.230807 112.271991 203.305189 185.924716 169.168555 258.853240 167.839209 291.595610 130.862523 36.249138 241.513975 302.014900 186.593140 125.239770 128.156155 59.481089 323.736004 89.810912 332.609381 253.000000 322.931881 267.016853 19.646883 58.412327 46.324939 140.868733 202.180612 194.550765 363.011019 
187.000000 4.000000 4.000000 a 266.986891 131.217377 322.307307 325.269119 328.097546 369.514546 234.882950 312.443595 380.963253 276.871811 469.323982 529.528092 403.655794 494.631176 443.605681 59.059292 428.225408 366.230802 394.220750 326.932715 468.825127 385.576192 428.612879 173.761331 198.237232 200.997512 141.947173 386.512613 56.302753 410.440008 338.638450 488.635856 272.038600 152.463110 433.046187 205.645326 392.759468 407.191601 371.946233 91.241438 479.863522 231.553450 244.761108 332.415403 278.729259 332.222817 284.313208 320.975077 289.841336 184.610401 
180.000000 6.000000 3.000000 a 318.692642 166.075284 437.603702 428.379505 466.194166 324.376325 163.453357 468.241391 362.604468 487.894456 375.704671 424.698717 508.587259 477.921542 447.250489 330.818681 317.833290 306.111091 531.241000 497.821253 359.346629 172.812037 500.023999 214.014018 217.340746 235.849528 183.831445 532.271547 322.342985 516.643010 418.632297 374.213843 89.185201 267.406058 407.590481 324.624398 433.461648 191.002618 472.682769 380.494415 349.871405 76.026311 122.298814 402.880876 369.606548 421.612381 252.001984 214.112120 484.005165 113.745330 
208.000000 4.000000 4.000000 a 350.018571 241.298570 471.683156 460.370503 503.508689 328.402192 199.401605 509.283811 369.845914 539.560006 358.644671 400.151221 535.963618 475.925414 452.951432 399.530975 301.346976 308.058436 564.982301 540.631113 338.611872 138.057959 519.773027 264.321774 261.306334 278.741816 245.751907 567.965668 390.790225 543.900726 446.010090 350.462551 120.108284 320.689881 408.374828 369.985135 449.978888 149.753130 501.123737 450.781544 323.038697 138.101412 160.065612 429.316899 403.936876 450.960087 272.523393 218.357505 532.350448 189.889442 
213.000000 4.000000 5.000000 a 109.238272 275.181758 105.380264 110.367568 112.787411 228.949776 221.948192 102.956301 217.568380 121.757957 330.629702 385.954661 186.324985 306.537110 252.794383 169.779268 312.409987 237.928561 181.176709 127.640119 340.922279 361.621349 214.462118 158.795466 159.000000 141.904898 198.806439 176.139150 166.904164 193.126901 129.865315 359.435669 300.193271 108.406642 260.000000 51.078371 192.408420 377.724768 155.193428 198.176689 363.461140 297.257464 260.232588 129.201393 80.156098 120.768373 185.388781 253.160028 112.058021 307.876599 
269.000000 1.000000 4.000000 a 93.005376 186.316934 182.236111 178.044938 204.166599 195.880065 121.433109 202.002475 205.009756 222.427516 298.303537 358.134053 262.240348 319.862470 270.085172 154.932243 263.622837 195.389355 272.356384 230.123880 301.006644 271.737005 272.530732 54.488531 57.567352 44.045431 100.463924 270.651067 147.410990 270.053698 180.709712 320.800561 197.294197 23.600847 257.124483 57.428216 224.588513 290.139622 226.530351 203.943620 316.425347 193.072525 157.429349 170.011764 120.507261 178.213355 118.532696 174.347354 216.009259 210.297408 
270.000000 8.000000 2.000000 a 270.473659 366.305883 373.100523 357.001401 410.650703 173.461811 213.700725 428.141332 212.058954 493.173397 143.892321 172.191754 407.867626 279.431566 276.383791 450.699456 98.412398 154.651220 453.100430 461.524647 119.419429 96.566040 371.748571 279.551426 258.193726 263.882550 307.631273 461.963202 442.000000 414.570862 330.783917 125.542821 206.603485 324.322370 225.966812 331.022658 302.274709 82.298238 380.539091 503.647694 95.880134 260.409293 213.714763 314.340580 319.330550 340.931078 192.841904 131.897688 474.200380 336.715013 
104.000000 6.000000 1.000000 a 253.402841 426.357831 328.038108 311.025722 365.005479 132.966161 262.154535 387.290589 155.029030 465.146214 46.065171 66.007575 342.760850 182.332115 192.917081 472.547352 55.226805 125.299641 393.742302 419.029832 23.194827 196.091815 297.892598 309.828985 285.217461 283.769272 351.980113 405.172803 464.655787 348.281495 281.028468 17.888544 283.975351 340.390952 144.837840 324.722959 235.535560 186.681547 322.020186 522.015325 12.083046 334.628152 277.721083 267.067407 289.663598 293.000000 200.601595 170.293864 441.616349 407.453065 
129.000000 7.000000 5.000000 a 149.896631 419.529498 81.688432 71.196910 105.152271 175.328264 300.674242 132.853303 135.506457 223.573254 237.894935 275.116339 61.032778 149.562696 102.181212 349.435259 253.475837 195.816240 112.361025 156.262599 258.909251 379.526020 38.470768 275.757140 259.532272 242.324163 330.650873 125.000000 345.775939 67.230945 54.230987 271.271082 375.704671 253.017786 139.434572 188.289670 46.572524 386.846223 45.221676 378.428329 289.347542 397.396527 341.228662 64.629715 115.277925 60.440053 213.300258 270.414497 194.435079 436.378276 
158.000000 3.000000 3.000000 a 234.522920 218.048160 252.121003 259.331834 248.871453 352.465601 265.377090 228.600087 352.423041 179.011173 456.396757 515.201902 328.878397 453.017660 399.606056 43.185646 425.621898 355.105618 310.091922 237.052737 461.417382 422.511538 362.860855 191.211924 209.802288 203.334699 188.939144 300.281535 49.040799 334.741691 279.651569 481.040539 324.126519 142.947543 400.312378 161.941347 341.222801 442.684990 301.365227 48.373546 478.457940 295.918908 289.062277 278.037767 226.108381 270.564225 281.348538 335.261092 195.604192 267.944024 
258.000000 5.000000 1.000000 a 123.422040 353.022662 193.507106 176.638048 230.956706 18.384776 196.573142 252.031744 25.612497 328.823661 102.156742 158.685223 220.945695 137.058382 106.230881 357.106427 95.707889 39.115214 267.217140 284.344861 114.140265 226.296266 186.638688 213.859767 189.475592 180.767807 266.390691 276.920566 350.138544 227.635674 147.800541 131.734582 253.842471 227.402726 66.030296 196.644349 115.935327 230.555850 194.486503 402.534471 140.228385 291.139142 229.218237 132.638607 153.769308 159.138305 105.019046 129.653384 305.380091 350.525320 
295.000000 4.000000 5.000000 a 229.427548 43.416587 327.928346 323.902763 347.857730 296.000000 125.207827 342.301037 320.515210 341.621135 383.481421 442.326802 408.104153 442.245407 397.905768 166.388101 333.661505 286.000000 416.635332 367.077648 377.043764 259.422435 416.062495 103.004854 123.794184 138.032605 47.095647 413.769259 157.965186 415.927878 325.036921 396.080800 141.060271 132.913506 373.280056 201.109423 362.067673 281.357424 372.323784 216.379297 381.400052 98.183502 120.104121 312.968049 265.858985 323.445513 205.234013 217.200368 343.582596 69.354164 
197.000000 8.000000 4.000000 a 84.528102 316.393742 171.991279 155.939091 209.554289 36.769553 165.435788 227.705951 47.518417 298.605090 140.292551 198.436388 213.805987 169.567096 129.757466 316.077522 121.696343 48.041649 254.489685 260.909946 148.761554 222.575830 188.986772 174.751252 150.840976 140.943251 228.442553 262.268946 309.071189 221.205787 130.678996 167.547008 230.221632 186.316934 100.169856 157.280005 118.224363 230.638245 182.989071 361.845271 171.493440 262.480475 201.427406 113.846388 122.200655 140.217688 71.028163 114.402797 277.007220 317.354691 
Type de surveillance de chaque endroit(target):tab[nombre de target]
a a a a a a a a a a a a a a a a a a a a a a a a a a a a a a a a a a a a a a a a a a a a a a a a a a 