Nombre des capteurs:
50
Nombre des targets:
70
Nombre de type de surveillance:
1

Caracteristiques:
266.000000 4.000000 2.000000 a 116.691902 169.811660 264.614814 417.346379 402.776613 168.359734 116.430237 258.048445 427.781486 124.169239 280.862956 201.896013 424.759932 241.497412 109.238272 115.420969 31.240999 322.442243 459.461641 367.315940 473.059193 199.160739 196.977156 201.221271 201.318156 367.926623 53.712196 290.492685 324.484206 254.442528 478.173609 130.418557 242.156974 246.586699 122.711043 171.604196 386.694970 147.078210 468.334282 462.533242 198.798893 147.363496 397.961053 272.618781 247.129521 66.000000 96.020831 126.775392 61.098281 363.572551 106.103723 432.539016 460.570299 113.145923 219.544984 225.410736 251.445819 226.433213 238.650372 279.546061 378.893125 374.862642 269.920359 31.780497 117.456375 255.519080 339.767568 253.160028 240.401747 278.064741 
123.000000 9.000000 4.000000 a 94.047860 73.061618 193.507106 272.132321 258.435679 75.239617 185.607112 111.646764 284.564580 167.737891 133.093952 247.814447 279.293752 147.732867 55.865911 132.060592 128.444541 190.433716 329.631613 248.163253 332.320628 97.493590 52.478567 55.461698 53.338541 229.651911 105.475116 249.575640 176.555940 111.682586 347.752786 46.097722 133.454112 131.487642 148.660687 85.475143 255.415348 73.824115 327.470609 333.594065 128.471787 29.832868 287.083612 192.387630 103.077641 82.764727 165.124196 37.443290 90.138782 217.947241 119.632771 303.117139 316.810669 90.553851 83.006024 162.308349 187.000000 172.052318 127.200629 186.300832 247.358040 229.895628 252.200317 116.430237 87.692645 114.280357 236.135554 282.899275 96.648849 195.657865 
227.000000 5.000000 5.000000 a 48.104054 89.000000 126.372465 382.001309 371.429670 85.428333 75.133215 230.243350 399.083951 47.381431 241.049787 109.877204 346.467892 120.332872 157.003185 220.111335 154.275727 224.570702 347.908034 384.707681 449.911102 101.271911 153.652205 159.477271 172.429696 275.356133 151.743204 146.700375 276.920566 238.403020 366.531036 166.769302 272.838780 143.087386 29.546573 78.771822 385.800467 198.517002 374.363460 349.748481 73.756356 112.538882 271.591605 329.296219 228.600087 129.015503 70.235319 155.862119 107.228727 290.496127 206.196508 321.840022 428.851956 52.810984 218.497140 88.481637 111.865991 300.820545 266.602701 325.116902 377.800212 298.316946 130.552671 126.384334 53.712196 185.852092 212.058954 143.892321 180.499307 333.054050 
231.000000 1.000000 3.000000 a 195.161472 162.360710 270.296134 201.427406 185.283566 165.529454 285.203436 70.724819 207.542767 268.575874 97.452553 348.810837 252.400475 218.508581 116.481758 152.554908 197.941911 210.622886 337.191340 147.871566 249.451398 175.823775 101.651365 97.514102 79.309520 230.670761 172.985549 334.306745 134.316790 52.402290 353.073647 95.509162 38.327536 188.382589 249.729854 175.775425 161.307160 83.024093 312.592386 342.312723 215.615398 127.440182 323.109888 107.004673 53.851648 162.249807 263.797271 101.237345 178.941331 196.758736 147.800541 313.440584 240.532742 191.658551 28.017851 247.008097 267.858171 113.176853 31.256999 93.171884 153.443801 210.211798 344.119165 197.648678 188.798835 135.148067 284.803441 382.404236 117.720007 108.226614 
240.000000 4.000000 4.000000 a 389.390549 329.802971 366.771046 46.818800 63.694584 333.240154 485.314331 203.088651 51.662365 460.990239 182.455474 520.772503 123.065023 324.353203 354.622334 400.249922 437.412848 226.373585 242.860042 183.534738 68.359345 318.127333 272.737969 267.320033 262.101126 188.732615 412.534847 433.266662 141.661569 207.472890 246.714410 333.863745 253.870045 287.647354 440.113622 339.025073 133.958949 329.620994 173.807365 248.646335 356.287805 324.422564 303.389189 289.276684 214.114455 395.001266 469.137506 335.252144 404.654173 142.635900 395.373241 236.947252 37.054015 388.329757 244.282623 370.642685 374.994667 332.316115 252.388589 264.612925 135.771867 142.842571 464.569693 430.074412 383.648276 232.215417 311.448230 534.243390 237.775104 284.861370 
286.000000 2.000000 2.000000 a 350.750624 313.600064 408.511934 167.215430 152.957510 317.001577 440.105669 181.747077 154.012986 424.123803 190.244579 504.227131 282.962895 356.073026 264.473061 270.223981 338.740314 309.147214 399.164127 23.409400 164.195006 321.403174 248.243832 242.958844 226.450878 304.080581 315.293514 476.282479 192.210822 165.529454 410.079261 245.177487 128.160056 320.390387 405.350466 326.810343 71.847060 222.353322 347.908034 405.087645 363.389598 282.334908 420.002381 112.000000 175.025712 310.929252 418.269052 253.071136 330.324083 252.792405 272.281105 382.205442 176.799321 347.276547 176.694652 391.950252 409.206549 166.147525 132.879645 94.366308 71.589105 263.600076 491.869901 344.710023 344.379152 255.970701 398.322733 536.355293 245.307970 106.004717 
295.000000 9.000000 3.000000 a 103.619496 93.145048 50.803543 356.395847 348.638782 90.470990 144.899965 222.865430 376.293768 117.720007 224.864404 140.577381 298.095622 62.936476 202.417885 275.394263 221.846794 171.607109 281.042701 387.506129 427.907700 80.156098 153.883072 158.902486 176.207264 222.103579 214.114455 85.005882 251.813423 236.603043 299.282475 205.156038 291.204396 98.412398 104.201727 80.049984 378.857493 236.541751 316.128139 282.235717 38.483763 135.484316 198.929636 355.360380 226.876618 187.925517 144.844744 194.092761 170.097031 248.485412 261.262320 255.988281 403.044663 108.268186 228.122774 17.029386 36.124784 337.152784 284.313208 346.101141 371.214224 253.617823 90.426766 194.550765 105.621967 159.154013 139.864220 148.222805 161.966046 358.050276 
161.000000 6.000000 3.000000 a 385.778434 325.484255 358.615393 51.865210 68.796802 328.878397 481.368881 202.121251 61.294372 456.694646 180.277564 514.938831 110.909873 317.176607 354.633614 402.405268 437.172735 217.423550 230.080421 192.875608 81.394103 312.757094 269.903687 264.594029 260.232588 178.331153 412.403928 424.605699 138.311243 207.761883 233.773395 334.055385 257.899205 280.878977 435.837126 334.341143 143.405021 331.058907 160.801119 235.849528 350.235635 321.801181 291.830430 295.853004 213.936907 394.182699 465.639345 335.010448 403.124050 133.809566 397.102002 224.539529 50.009999 384.876604 244.965304 363.617931 367.196133 337.627013 256.082018 271.090391 144.692778 133.124002 456.579675 429.029137 380.131556 227.107904 301.280600 527.296880 233.634330 291.602469 
234.000000 7.000000 4.000000 a 424.890574 364.407739 317.238081 261.963738 273.484917 366.349560 502.048802 319.765539 281.655818 474.157147 292.343975 497.378126 143.589693 306.819165 452.216762 522.567699 521.318521 210.641876 81.154174 401.120929 307.131893 337.037090 344.762237 342.358000 350.647972 167.538055 500.783386 359.016713 258.001938 337.250649 64.070274 437.001144 415.823280 289.337174 456.334307 365.262919 355.550278 450.241047 78.549348 81.006173 353.454382 387.856932 175.145654 474.605099 336.772921 474.936838 495.771117 432.093740 472.288048 192.961136 512.289957 105.721332 276.586334 426.728251 369.833746 345.081150 331.746891 500.384852 410.907532 450.924606 353.860142 179.513231 401.549499 502.271839 421.716730 282.908112 226.179133 486.231426 301.081384 472.229817 
177.000000 6.000000 2.000000 a 327.330109 270.233233 323.185705 24.083189 13.453624 273.775455 423.757006 136.473441 40.804412 400.524656 118.903322 465.188134 127.141653 276.305990 286.085652 330.847397 369.033874 191.376592 248.018144 134.851770 92.417531 262.345192 209.480309 203.843077 196.705363 166.973052 344.071214 391.760131 83.761566 139.000000 256.780062 265.188612 185.714835 238.321212 379.684079 280.560154 89.269256 260.249880 190.905736 254.017716 302.735858 260.249880 287.452605 226.373585 146.167712 327.343856 406.450489 267.001873 338.031064 113.652981 325.950917 234.853146 69.892775 325.852727 175.345373 321.203985 329.358467 266.176633 183.847763 201.534116 87.281155 120.332872 419.004773 362.667892 321.362723 177.019773 282.311884 483.143871 178.899413 222.481460 
104.000000 4.000000 2.000000 a 95.189285 37.443290 141.693331 256.826790 245.692898 41.048752 190.876924 104.809351 273.248971 166.973052 115.039124 234.648674 238.723690 92.135769 113.600176 190.829767 175.276924 136.180028 275.203561 265.497646 323.871888 45.354162 30.232433 35.608988 52.354560 179.922205 155.425223 203.843077 152.800524 115.312619 293.646045 105.095195 168.291414 72.449983 146.109548 49.578221 261.619953 130.942736 280.223125 278.820731 85.422479 41.880783 228.265197 234.360833 105.418215 129.003876 175.094260 96.384646 127.015747 178.361991 178.101095 248.402899 303.488056 94.530418 104.278473 116.378692 137.873130 223.181540 161.307160 223.365172 253.712436 188.732615 214.245187 156.780101 89.677199 68.731361 177.132719 260.215295 57.314920 236.562888 
249.000000 4.000000 1.000000 a 424.948232 378.652875 455.619359 140.698259 135.148067 382.231605 518.661739 237.008439 118.105885 499.795958 234.183689 575.033912 268.821502 405.123438 351.000000 366.000000 429.439169 334.145178 391.567363 92.763139 95.462034 379.722267 312.285126 306.528955 292.849791 313.789739 405.153057 524.812347 216.813284 226.920691 398.406827 330.504160 216.965435 367.228812 479.908325 391.062655 79.931220 311.810840 328.038108 397.543708 422.171766 354.809808 434.291377 211.037911 236.763595 397.333613 498.046183 336.859021 414.628750 260.278697 366.829661 380.447105 122.249744 422.132681 250.059993 446.466124 459.322327 265.016981 220.109064 192.374635 87.783825 267.327514 546.882986 432.314700 418.561823 301.728355 425.906093 601.414998 296.649625 205.060967 
284.000000 6.000000 5.000000 a 133.794619 133.221620 254.418946 292.071909 276.523055 134.836939 208.470621 140.117808 300.015000 197.752370 166.769302 282.973497 322.591072 210.059515 27.586228 73.661387 104.345580 247.412611 385.389413 234.957443 343.064134 159.590100 108.406642 109.224539 98.493655 282.124086 79.555012 307.079794 210.090457 130.816666 403.060789 17.117243 110.018180 193.744677 182.214160 144.499135 254.183005 17.204651 376.123650 389.693469 187.267189 89.106678 348.323126 151.647618 125.686117 73.239334 185.526278 28.000000 94.111636 262.230814 63.513778 359.346629 333.024023 129.096863 93.380940 221.273586 246.894714 118.928550 106.103723 152.898659 246.446749 275.089076 305.124565 106.892469 128.390031 168.315181 298.439274 324.422564 149.201206 156.204994 
114.000000 5.000000 4.000000 a 116.456000 57.801384 89.810912 267.755485 259.699827 59.076222 200.202398 137.927517 287.388239 173.011560 136.780847 222.389298 220.445004 37.363083 168.813507 246.611030 220.410980 100.019998 232.594067 303.637942 338.998525 28.635642 81.024688 84.291162 102.489024 150.083310 203.690942 156.974520 162.864975 153.935051 251.366267 162.308349 219.647445 19.235384 153.209008 56.859476 291.578463 188.883562 250.263861 235.440014 57.584720 93.493315 174.522205 287.569122 144.699689 176.071008 190.223553 153.026142 168.220094 165.529454 233.437358 205.730406 314.531397 118.308918 153.574086 75.663730 89.944427 280.030355 212.577045 274.410277 284.086255 172.675997 175.931805 198.002525 113.318136 70.178344 120.569482 236.611496 74.886581 289.249028 
154.000000 5.000000 5.000000 a 288.901367 231.086564 178.044938 243.813453 247.163913 232.568270 362.498276 224.147273 267.540651 334.611715 200.860648 358.235956 125.099960 167.600716 330.938061 406.016010 392.404128 85.802098 60.083276 353.001416 311.014469 202.054448 224.742074 223.814655 236.224470 71.000000 373.893033 225.834010 183.698122 244.266248 78.771822 318.813425 326.896008 154.350251 317.195523 230.097805 317.823851 337.800237 106.103723 62.241465 214.406157 260.432333 56.850682 393.428520 240.308136 346.878941 357.061619 312.014423 341.156855 123.685084 394.254994 34.365681 279.112880 291.185508 268.776859 205.009756 192.260240 406.636201 320.713268 372.667412 313.166090 115.121675 266.822038 371.097022 286.295302 165.653252 89.269256 350.178526 185.067555 392.613041 
265.000000 5.000000 4.000000 a 130.384048 71.281134 90.354856 259.624729 252.241947 72.718636 213.459598 136.565003 279.803502 186.131674 132.638607 233.077240 207.870152 38.600518 179.777640 257.419890 233.540146 86.313383 218.764714 301.877459 331.400060 42.544095 86.700634 89.202018 107.042048 136.619911 216.379297 159.000000 155.566706 153.707514 237.531051 172.191754 222.991031 5.656854 166.508258 70.774289 287.617802 197.699267 236.579796 221.652882 68.658576 105.000000 162.431524 291.496141 144.844744 188.862384 203.855341 163.294213 181.603965 154.019479 244.436086 191.887988 306.202547 132.230859 156.719495 82.200973 92.800862 286.400070 215.928229 277.346354 280.273081 160.639348 181.024860 211.454487 127.236001 64.815122 110.022725 245.097940 73.006849 292.904421 
255.000000 6.000000 1.000000 a 288.027776 227.501648 268.126836 74.249579 71.344236 230.893915 383.438391 111.400180 96.674712 358.710189 86.145226 417.948561 87.464278 223.271136 264.439029 320.257709 345.567649 133.454112 199.424171 176.776695 147.085009 215.244048 173.184872 168.074388 165.511329 110.113578 321.278695 336.090762 42.296572 122.155638 210.544532 244.724335 190.433716 185.924716 337.853519 236.400085 138.231690 246.789384 152.531964 205.353354 253.617823 225.222113 230.495119 244.609894 125.936492 301.159426 367.925264 244.174118 308.318018 56.515485 313.102220 183.174780 119.632771 287.236836 159.539964 269.133796 275.223546 275.138147 186.560982 220.537979 134.003731 65.122961 365.034245 335.256618 282.448225 129.356098 224.153965 432.394496 135.712932 241.919408 
214.000000 1.000000 3.000000 a 360.846228 300.980066 253.333772 240.018749 248.290153 302.803567 437.292808 268.067156 262.274665 409.400782 241.571935 433.558531 112.071406 242.074369 392.777291 465.021505 459.509521 148.189068 20.591260 369.486130 296.951174 273.130006 285.175385 283.218997 292.909542 109.658561 439.602093 297.974831 212.473528 286.782147 18.027756 378.549865 367.865465 225.321992 391.618437 301.358590 327.575945 393.859112 56.462377 24.083189 288.735173 326.197793 116.387285 430.223198 285.043856 413.319489 431.129911 372.978552 409.695009 145.835524 454.181682 41.194660 264.850901 362.801599 316.886415 280.472815 267.675176 451.257133 362.415507 407.491104 324.568945 133.015037 339.911753 439.710132 357.816992 223.555362 163.110392 424.062495 242.330353 428.449530 
119.000000 6.000000 1.000000 a 286.440221 242.563394 330.968276 123.713378 106.780148 246.089415 379.906567 104.623133 121.630588 361.199391 111.018017 437.548854 217.793480 278.772309 215.127869 242.101219 296.001689 230.360587 327.685825 61.269895 155.724115 247.002024 176.139150 170.531522 155.621335 228.484135 271.182595 399.295630 115.433964 90.785461 340.036763 194.180329 89.358827 242.404620 341.433742 255.384025 62.641839 179.201004 283.114818 333.493628 289.430475 216.400092 342.146168 120.739389 100.657836 260.892698 359.334106 199.672231 277.077606 179.293056 240.102062 308.883473 153.075145 283.536594 111.305885 316.456948 332.415403 162.815847 90.005555 95.900991 54.817880 191.125613 416.914859 296.319085 280.044639 177.395039 319.081494 466.104066 167.839209 116.846053 
202.000000 4.000000 2.000000 a 154.777259 192.314846 164.048773 479.333913 470.261629 188.732615 98.249682 334.368061 498.046183 93.171884 341.983918 20.615528 425.650091 190.520340 260.376650 313.848690 235.552542 299.068554 399.452125 492.197115 549.481574 195.166596 258.698666 264.440920 278.729259 349.292141 241.660919 132.230859 373.851575 344.223764 416.875281 272.547244 381.005249 224.722051 104.923782 180.069431 491.153744 303.679107 441.100895 399.782441 155.183762 220.619582 309.147214 436.295771 334.341143 224.848838 118.105885 261.963738 201.156655 375.704671 300.760702 376.033243 526.258492 159.000000 326.252969 144.308697 150.332964 404.950614 374.802615 432.949189 483.223551 381.136459 90.917545 209.773688 160.863296 280.608268 254.442528 39.458839 279.331344 440.246522 
297.000000 3.000000 3.000000 a 265.035847 204.188638 174.195293 207.646334 209.403916 206.155281 345.567649 182.258059 231.400086 317.800252 158.432951 351.199374 99.809819 151.400132 296.330896 369.822931 362.095291 50.774009 89.140339 311.130198 277.218326 177.115781 188.957667 187.395304 198.398589 30.083218 342.286430 231.501620 141.226768 202.232539 107.168092 282.874530 284.859615 129.691943 299.100318 205.302216 277.200289 300.015000 105.004762 93.348808 196.860357 228.816520 90.443352 351.012820 198.635344 315.925624 337.664034 276.804986 312.371574 83.677954 358.559618 63.031738 245.934951 266.737699 227.975876 194.126248 186.761880 365.377887 278.770515 330.080293 272.259068 77.077883 269.432737 342.381366 261.704031 128.035151 98.229324 349.515379 147.248090 350.115695 
158.000000 8.000000 3.000000 a 162.483845 157.028660 277.721083 280.492424 264.357712 159.000000 237.255137 137.379038 286.372136 226.883230 165.051507 312.128179 322.560072 231.311478 56.400355 74.000000 126.087271 257.978681 393.732142 211.624668 327.006116 181.463495 122.155638 121.655251 107.615055 288.624323 102.415819 332.728117 206.707523 124.390514 410.911183 43.965896 86.683332 211.558503 211.357517 169.026625 234.625233 12.083046 379.036938 398.322733 212.058954 113.004425 363.137715 122.788436 121.313643 100.568385 214.219514 55.081757 122.380554 263.600076 68.731361 368.266208 319.319589 157.848028 87.235314 246.032518 271.066413 90.520716 83.952367 125.251746 227.125516 276.810404 332.416907 132.574507 156.952222 178.101095 315.778403 353.411941 158.685223 127.475488 
132.000000 4.000000 2.000000 a 235.478237 172.235304 190.646269 153.808322 150.903943 175.139944 326.442951 110.453610 176.476627 299.961664 85.000000 350.184237 94.762862 149.465715 241.499482 310.040320 315.317301 53.851648 156.064089 239.207023 226.556836 152.643375 135.650286 132.382023 138.679487 49.648766 293.138193 257.614052 68.359345 129.769026 171.968020 225.211012 212.002358 114.481440 279.580042 178.025279 208.925824 237.539470 139.942845 161.245155 185.784822 183.806964 159.530561 277.156995 127.318498 268.888453 314.014331 221.063339 270.203627 36.878178 300.041664 132.849539 198.035350 235.849528 158.836394 196.063765 198.962308 294.124123 206.167408 255.861291 203.246156 45.044423 288.444102 299.481218 230.783448 75.690158 145.344419 359.640098 91.389277 276.081510 
227.000000 1.000000 3.000000 a 49.040799 99.297533 141.650980 392.441078 381.461663 95.817535 60.299254 238.648277 409.019559 33.015148 250.798724 104.890419 360.168016 135.723985 154.870914 214.032708 144.360659 239.108762 363.368958 390.155097 459.570452 114.354711 162.012345 167.839209 179.724790 289.761971 144.003472 158.776573 287.767267 245.733596 382.007853 166.412139 275.811530 157.457931 13.928388 90.244113 393.071240 197.686621 389.097674 365.246492 89.022469 117.796435 287.236836 330.134821 236.027541 123.044707 54.589376 155.794737 100.244701 303.586890 200.324736 337.250649 439.182195 53.009433 223.892832 104.009615 127.015747 299.386038 269.773979 327.123830 385.040258 311.708197 139.445330 116.558998 55.317267 197.732142 227.705951 143.673240 191.324332 334.113753 
171.000000 6.000000 3.000000 a 119.641130 117.324337 55.731499 379.795998 372.413748 114.481440 143.808901 248.032256 400.000000 118.342723 249.633732 125.000000 317.042584 84.118963 223.002242 294.090122 235.722294 190.420587 291.760175 412.742050 451.601594 105.394497 179.011173 184.067922 201.295802 240.110391 230.169503 65.306967 275.661024 261.839646 309.594897 227.068272 315.868644 121.202310 108.706026 104.043260 403.853934 258.745048 331.360831 292.479059 63.529521 158.685223 205.080472 379.526020 252.115053 204.941455 147.787009 215.928229 185.585560 269.473561 279.951782 267.606054 426.298018 124.535136 253.126451 38.013156 41.109610 360.034721 309.006472 370.681804 396.233517 273.906918 65.299311 207.992788 122.641755 183.447540 147.678705 126.210142 186.868938 382.320546 
253.000000 1.000000 2.000000 a 172.072659 109.004587 152.003289 195.274166 187.608635 112.040171 264.382299 84.148678 215.204554 238.436574 72.235725 294.156421 158.533908 102.532922 183.403926 255.976561 253.617823 66.037868 202.940878 244.034834 266.812668 92.179173 75.802375 73.756356 84.646323 101.548018 232.243407 221.205787 90.906545 104.004808 220.689828 169.177422 183.308483 64.350602 217.807254 115.732450 225.568172 186.316934 200.531793 207.241405 129.711218 120.904921 176.241312 252.168594 97.185390 207.099010 251.097591 163.517583 207.135222 99.020200 244.859143 176.918060 242.002066 172.290452 120.208153 146.819617 156.400128 258.104630 176.567268 234.418429 218.490274 108.664622 245.415973 236.660094 167.242339 14.142136 140.014285 309.095455 33.421550 252.448014 
231.000000 4.000000 3.000000 a 237.951676 175.823775 163.477827 193.597521 192.823754 178.070211 322.307307 149.696359 216.981566 294.821980 126.846364 334.717792 104.675690 131.973482 263.638009 336.594712 331.049845 23.000000 122.347865 285.476794 265.414770 150.442680 156.083311 154.311374 164.939383 28.071338 310.697602 226.415547 114.629839 169.849934 140.071410 249.777901 252.463859 104.580113 275.426941 178.263849 254.662522 266.507036 127.675370 126.732001 175.000000 197.590486 113.282832 319.244420 165.846314 284.692817 312.860991 243.938517 282.214457 67.801180 325.465820 96.540147 235.357175 239.282260 194.653538 177.290722 174.289988 332.304078 246.260025 298.804284 249.146543 66.603303 261.191501 312.160215 234.200769 94.762862 103.227903 337.733623 113.863954 318.549839 
214.000000 2.000000 4.000000 a 139.402296 180.421728 163.600122 470.031914 460.496471 176.819117 80.399005 322.615871 488.271441 75.432089 331.360831 17.720045 420.676836 185.334832 243.731410 296.138481 217.559187 294.450335 399.716149 478.736880 539.560006 185.593642 246.454864 252.241947 265.956763 345.094190 223.886132 139.291062 364.485939 331.748399 417.432629 256.400078 366.087421 218.002294 88.102213 168.629772 478.987474 287.311677 438.712890 400.316125 147.122398 206.552657 311.237851 420.396242 321.895946 207.460840 100.079968 245.934951 183.730781 369.243822 283.114818 375.704671 516.988394 143.450340 312.544397 140.035710 149.214611 388.231889 359.980555 417.566761 471.020169 375.225266 100.264650 191.859323 145.602198 271.503223 255.143097 57.428216 269.156089 424.438453 
106.000000 7.000000 3.000000 a 265.346943 202.529010 194.239543 171.732350 173.104015 205.000000 351.627644 155.926265 195.450761 324.302328 130.176803 365.644636 73.736016 162.778991 282.908112 353.389304 353.748498 53.600373 110.639053 276.001812 242.002066 178.619708 175.641681 173.066461 181.320159 6.324555 332.483082 256.257683 107.517440 175.137089 126.491106 267.606054 257.157539 134.033578 304.657184 205.995146 241.132744 281.556389 100.900942 115.883562 205.156038 220.639978 126.826653 321.628668 172.803356 307.236066 341.470350 262.727996 306.400065 47.296934 342.957723 88.022724 211.066340 266.390691 204.200881 208.278659 205.243758 339.567372 251.412012 299.879976 236.326046 41.182521 291.734468 336.154726 261.292939 113.877127 128.701204 368.722118 131.745968 320.352930 
110.000000 5.000000 4.000000 a 178.193715 119.816526 99.020200 244.658946 240.260276 121.264174 257.130317 151.647618 266.737699 229.386137 138.751577 266.822038 171.991279 64.195015 224.617453 301.559281 281.737466 45.354162 170.390727 310.227336 317.491732 90.824006 123.482792 124.233651 140.089257 95.885348 264.024620 165.849329 147.871566 171.292148 189.171880 214.981395 248.805145 43.046487 210.641876 118.962179 288.452769 237.924358 192.585046 173.184872 108.558740 151.380316 117.834630 317.907219 164.027437 236.685445 249.327094 206.939605 230.054341 126.051577 289.015571 143.561833 289.587638 180.272017 183.847763 109.444050 108.226614 319.662322 241.913208 301.041525 281.780056 129.282636 197.060904 259.942301 175.328264 77.006493 73.334848 270.957561 93.770998 318.509027 
170.000000 3.000000 4.000000 a 305.366992 306.058818 426.620440 342.698118 325.848124 308.014610 363.494154 251.477633 338.042897 359.947218 277.142563 445.576032 425.338689 379.332308 196.461192 141.823834 226.742144 390.923266 517.846502 216.178167 361.260294 330.025757 265.548489 263.685419 246.910915 411.438938 213.440858 481.375114 308.600065 232.071110 533.361041 191.261601 150.903943 356.736598 347.979884 318.000000 261.191501 160.012500 488.439351 523.057358 361.005540 262.007633 501.897400 98.737024 234.829726 227.683992 340.352758 202.356122 251.406046 374.225868 153.447059 494.418851 367.049043 300.456320 206.155281 395.001266 420.096418 68.029405 156.160174 123.458495 256.725534 387.579669 479.029227 247.341869 300.532860 313.129366 459.123077 491.497711 294.409579 103.247276 
130.000000 7.000000 2.000000 a 104.172933 119.854078 88.769364 398.734247 390.253764 116.498927 111.395691 258.801082 418.007177 87.114867 263.782107 94.894678 343.735363 108.415866 212.424104 279.028672 214.161154 217.297032 324.138859 420.896662 469.572146 116.387285 185.539753 191.031411 207.002415 267.807767 211.603403 88.684835 293.518313 270.647372 342.130092 219.494875 317.176607 142.618372 80.529498 106.606754 415.817268 251.509443 361.400055 325.026153 74.632433 156.169779 238.503669 377.923273 260.768096 188.215302 117.443603 208.338667 166.973052 293.492760 265.007547 299.608077 445.569299 109.165013 257.381040 62.649820 73.756356 353.899703 310.536632 371.194019 408.015931 298.939793 71.007042 186.271308 108.558740 200.262328 180.712479 106.212052 200.683831 381.183683 
288.000000 1.000000 3.000000 a 267.478971 270.739727 391.751197 335.287936 318.290748 272.530732 324.918451 228.431609 333.294164 321.337828 255.225391 406.952086 408.015931 345.567649 158.911925 103.585713 188.679623 364.034339 494.523002 219.856772 361.465074 295.717771 234.093998 232.744495 216.760236 388.012886 174.897113 445.028089 290.037929 210.059515 510.648607 155.051604 133.206606 324.784544 309.480209 282.347304 260.931025 124.579292 469.622189 499.544793 325.221463 226.565664 473.164876 97.862148 211.454487 189.113722 301.761495 166.012048 212.821521 354.153921 114.934764 470.321167 363.852992 262.545234 180.421728 359.235299 384.688185 49.396356 137.207871 120.208153 255.515166 367.600326 441.616349 208.849228 262.762250 285.029823 428.263937 452.965782 265.919161 103.576059 
244.000000 9.000000 4.000000 a 174.002874 206.494552 163.416645 488.788298 480.388385 202.970441 122.409150 347.639181 508.138761 116.249731 353.632578 41.593269 429.219058 195.777935 281.156540 336.573915 259.113875 302.643354 396.031564 507.670169 559.707960 206.206207 272.946881 278.600072 293.640937 352.059654 264.577021 122.024588 383.637850 358.503835 413.010896 292.494444 398.843328 231.657074 126.530629 193.752419 504.706846 323.932092 441.117898 396.001263 164.757397 237.621548 303.659349 455.632527 348.604360 246.981781 142.014084 281.744565 223.394270 381.461663 323.348110 373.483601 535.590329 178.443268 342.374064 149.164339 150.880748 425.699424 392.502229 451.453209 496.842027 386.121742 78.847955 233.070805 179.888855 290.396281 251.161303 17.492856 290.601101 459.430082 
293.000000 4.000000 1.000000 a 31.780497 32.015621 128.693434 323.556796 312.339559 29.017236 124.535136 169.446157 339.847024 100.244701 181.617730 171.058470 298.670387 97.590983 113.110565 186.560982 141.650980 184.097800 317.521653 323.857994 390.302447 56.462377 92.784697 98.615415 111.211510 232.879797 129.375423 174.140748 219.364993 177.200451 336.304921 117.098249 214.553024 104.278473 79.378838 28.231188 324.607455 148.946299 333.730430 320.249902 59.093147 53.000000 253.712436 274.167832 167.409677 101.965681 110.113578 105.929222 88.238314 240.000000 172.467388 290.697437 370.202647 33.241540 157.876534 91.482239 118.296238 250.880450 208.079312 268.001866 316.602274 249.200722 171.813853 116.691902 28.231188 131.548470 195.869855 202.200396 123.223374 277.497748 
186.000000 9.000000 1.000000 a 148.690955 98.600203 58.694122 283.534830 277.915455 98.858485 219.494875 172.976877 304.947536 191.603758 165.945774 224.294449 214.972091 24.351591 213.768566 291.588751 260.311352 88.323270 203.334699 337.094942 356.186749 68.242216 125.483067 128.140548 146.030819 138.462991 245.350769 127.561750 182.877008 190.937162 222.000000 207.992788 261.843465 35.227830 173.954017 93.348808 319.907799 234.763711 233.008584 205.302216 71.168813 138.195514 133.869339 330.437589 182.386951 217.554591 213.845739 198.539669 207.183494 168.181450 278.237309 177.200451 329.218772 151.604749 195.576072 66.753277 66.037868 325.112288 254.786185 316.056957 312.822633 172.011628 155.656673 236.279496 147.003401 98.488578 76.837491 228.035085 109.895405 331.798131 
121.000000 9.000000 3.000000 a 347.195910 283.975351 275.566689 148.216059 157.686398 286.665310 435.258544 209.200860 170.002941 408.078424 181.400110 449.484149 25.000000 246.829901 352.892335 417.851648 428.488040 137.713471 106.042444 283.063597 204.570281 261.619953 248.712686 245.120379 249.577643 86.833173 405.937187 334.053888 142.842571 224.848838 110.652610 335.477272 300.216588 218.020641 388.252495 288.461436 238.732067 344.223764 41.484937 111.825757 289.338902 297.405447 176.105082 356.775840 225.842866 382.154419 424.445521 332.304078 383.803335 83.240615 408.861835 102.215459 172.386194 347.908034 259.803772 291.972601 287.424773 385.105180 295.736369 332.824278 236.478329 70.682388 371.732431 413.052055 342.814819 189.282857 199.699775 450.821472 204.628932 354.189215 
138.000000 8.000000 4.000000 a 164.984848 149.482440 268.029849 255.313533 239.286439 151.907867 246.781280 112.329871 261.690657 233.805475 140.089257 317.705839 297.634003 219.513098 68.264193 99.624294 146.030819 237.356272 371.540038 192.836718 303.199604 171.002924 105.513032 104.043260 88.238314 265.851462 121.457812 326.259099 181.342218 98.843310 388.464928 49.578221 68.095521 196.540072 216.815590 162.262134 212.602916 29.068884 354.798534 376.257890 205.060967 106.962610 344.818793 116.764721 96.041658 114.738834 224.243172 58.796258 134.402381 239.102488 93.941471 346.400058 294.679487 160.701587 61.911227 238.648277 262.617593 96.005208 63.976558 114.214710 204.941455 252.382646 329.256739 148.932871 159.012578 157.648343 299.608077 356.366384 138.311243 120.569482 
101.000000 2.000000 3.000000 a 284.416947 316.938480 431.431339 464.663319 447.800179 317.157689 299.081929 333.120098 465.816487 307.883095 360.879481 384.005208 518.425501 396.415186 203.216633 127.310644 168.077363 447.893961 586.195360 359.701265 498.217824 346.953887 308.561177 309.793480 299.207286 482.713165 174.002874 468.187996 401.741210 318.849494 603.884095 214.450460 257.608230 388.155897 304.821259 324.422564 398.322733 198.841646 574.913037 590.468458 361.929551 277.650860 544.867874 238.018907 316.734905 200.942778 279.646205 221.382023 217.947241 459.605265 139.053946 560.092849 497.595217 279.728440 282.619886 393.395475 420.315358 185.283566 259.237343 258.804946 392.318748 472.800169 451.677983 195.969385 282.449996 369.112449 491.495676 436.073388 350.024285 243.905719 
167.000000 5.000000 2.000000 a 104.278473 58.523500 169.664375 247.881020 235.440014 61.854668 200.551739 89.554453 262.488095 178.899413 105.721332 252.239965 244.245778 120.066648 93.434469 168.668314 163.783394 152.839785 292.000000 243.507700 312.032050 72.993150 16.278821 21.000000 30.000000 192.283645 141.767415 231.138487 147.339743 96.020831 310.111270 81.608823 141.396605 98.030607 158.420327 71.867934 243.429661 104.923782 290.688837 295.979729 111.427106 36.345564 251.431899 206.736547 86.267027 117.392504 182.485616 74.330344 120.507261 182.964477 156.630138 265.505179 293.819673 102.318131 79.075913 143.405021 165.559657 195.256242 134.480482 196.379734 235.416652 194.486503 239.841614 148.932871 98.086696 77.025970 202.408004 281.369863 60.166436 209.066975 
191.000000 7.000000 1.000000 a 213.084490 150.479234 187.384631 155.415572 149.241415 153.639188 306.365794 81.394103 176.388775 280.631431 57.723479 336.300461 120.602653 141.014184 212.058954 279.803502 287.235095 67.268120 185.550532 221.822001 227.782791 134.629120 107.517440 103.817147 108.908218 79.056942 264.622372 256.113256 55.226805 101.237345 201.816749 195.358645 183.847763 103.464970 259.942301 157.835357 196.573142 207.171427 169.743925 190.591186 171.618764 157.289542 180.224860 250.193925 98.005102 240.973028 292.554268 191.541118 243.526179 59.439044 269.937030 161.623018 201.695315 213.002347 128.809938 186.681547 193.610434 264.967923 177.792013 229.682389 190.157829 70.837843 283.346078 272.415124 208.009615 51.009803 157.003185 349.905702 63.788714 249.447389 
157.000000 9.000000 1.000000 a 170.531522 196.468827 143.097869 473.440598 465.575987 193.041446 131.939380 335.882420 493.259567 121.103262 340.364510 59.413803 410.162163 178.474088 279.250783 338.564617 264.007576 283.825651 374.161730 497.808196 544.871544 193.196791 262.488095 268.018656 283.769272 332.701067 267.366789 99.247166 368.741102 347.713963 391.011509 289.131458 392.045916 215.232433 127.882759 183.357574 492.866108 320.929899 420.386727 374.033421 150.986754 230.495119 281.348538 450.809272 337.829839 247.935475 149.345238 278.172608 224.742074 363.743041 325.026153 351.889187 520.089415 175.231276 333.640525 132.098448 131.244047 423.249335 385.541178 445.432374 485.077313 367.926623 56.044625 237.170825 176.045449 275.800653 229.490741 32.280025 277.238165 454.369893 
250.000000 6.000000 1.000000 a 295.530032 234.957443 198.338095 212.360542 216.517898 236.883938 374.786606 207.663189 236.008474 346.953887 182.507534 377.259857 92.086915 179.888855 326.622106 399.566015 392.944016 81.633327 59.665736 326.496554 278.632374 207.634294 219.100434 217.340746 227.727908 47.927028 373.044233 251.406046 159.878079 227.200352 77.077883 312.800256 309.510904 160.031247 328.543757 235.849528 289.389012 329.139788 79.624117 64.404969 225.938045 259.624729 89.810912 374.363460 224.379143 346.746305 367.446595 306.960910 343.257921 96.187317 388.485521 35.341194 246.629276 297.309603 254.890172 221.144749 211.683726 391.337450 303.659349 352.682577 285.112259 86.052310 291.046388 373.268000 292.289240 157.762480 114.947814 372.887382 176.782352 373.128664 
176.000000 5.000000 4.000000 a 403.193502 346.389954 395.258143 53.851648 64.195015 349.932851 499.649877 211.009478 37.483330 476.592069 194.879450 541.146930 164.757397 350.035712 356.742204 394.689752 439.711269 258.311827 285.959787 154.806331 24.515301 338.178947 285.240250 279.556792 271.648670 225.211012 414.638397 463.072349 159.298462 211.142132 290.337734 335.596484 243.577503 312.373174 455.763096 356.698752 106.531685 327.184963 217.680959 291.796162 378.191750 335.574135 342.649967 269.267525 219.146070 399.542238 482.080906 338.422812 411.491191 175.547714 391.310618 278.919343 8.062258 401.621713 245.735630 395.540137 402.314554 316.370037 243.310501 245.307970 110.535062 178.101095 492.122952 435.118375 397.182578 252.539106 346.439028 558.200681 255.000000 264.306640 
289.000000 8.000000 5.000000 a 398.829538 345.198494 405.187611 68.029405 69.028979 348.793635 495.025252 205.000000 44.283180 473.273705 193.458006 541.937266 193.196791 357.526223 342.772519 374.192464 425.114102 273.541587 315.824318 120.933866 25.079872 340.330722 281.314770 275.506806 265.384627 246.008130 400.081242 473.932485 164.268074 201.437335 321.596020 321.566478 221.382023 319.394740 452.636720 356.384624 75.584390 309.854805 250.161948 321.753011 381.650364 329.620994 365.695228 239.476512 210.344955 387.145967 476.312922 325.554911 400.930168 193.775643 372.005376 306.574624 43.324358 396.812298 233.105126 401.781035 410.965935 288.904829 222.081066 216.314586 81.252692 198.635344 500.404836 422.838030 392.634690 256.452725 364.005494 562.441108 255.994141 234.200769 
281.000000 4.000000 1.000000 a 383.725162 325.084604 367.228812 35.128336 51.195703 328.568106 479.941663 194.928192 36.069378 456.063592 175.727061 517.750905 131.867358 323.433146 345.092741 388.702971 428.042054 228.422853 253.268632 167.836230 57.280014 314.758638 266.390691 260.863949 254.701786 193.437328 403.079397 434.430662 136.623570 198.002525 257.965114 324.186675 240.973028 286.232423 435.185018 334.741691 118.258192 318.778920 185.690603 259.123523 353.747085 317.716855 310.137066 274.650687 205.087786 386.253803 463.249393 326.000000 396.637114 145.000000 384.200469 246.028454 25.000000 382.478758 234.307490 369.423876 374.898653 318.427386 239.754041 250.059993 120.216471 146.649241 464.655787 421.523428 377.878287 228.757514 315.356941 532.738210 233.085821 270.148108 
141.000000 3.000000 5.000000 a 263.210942 220.102249 311.364738 135.650286 118.701306 223.606798 356.585193 84.581322 137.032843 337.936385 94.894678 414.575687 217.204972 258.955595 192.603219 222.811580 273.979926 217.057596 321.922351 81.841310 175.025712 225.534920 153.808322 148.273396 132.943597 219.865868 249.070271 379.269034 107.280007 69.065187 335.214856 171.563399 71.840100 223.230822 318.209051 233.025750 85.440037 157.813181 281.953897 327.612576 267.839504 193.217494 330.151480 115.108644 78.816242 238.144914 336.013393 176.785180 254.031494 173.349358 220.056811 301.796289 169.446157 260.278697 87.982953 295.528340 312.237089 151.172087 71.196910 90.801982 77.491935 185.884373 395.790349 273.651238 256.813162 159.062881 303.916107 443.654145 148.141824 112.200713 
251.000000 6.000000 5.000000 a 173.761331 117.183617 194.537914 177.115781 165.641178 120.768373 270.118493 32.572995 193.155378 246.840029 34.928498 313.869400 178.518907 142.298981 152.463110 217.848571 230.893915 116.107709 246.400081 197.709383 243.772435 113.951744 56.568542 51.244512 49.729267 140.463518 207.280004 262.834549 75.166482 51.351728 263.153947 134.614264 130.230565 106.230881 226.013274 128.280942 186.196133 144.941367 231.449779 251.223009 156.284996 108.461975 228.711609 198.979898 44.011362 185.526278 253.211374 131.848398 191.512402 117.647779 208.312266 221.616786 223.600089 172.447093 68.876701 181.024860 196.022958 206.939605 123.555655 181.223619 178.549713 130.361037 281.625638 218.929212 167.868997 43.289722 193.023315 336.359926 31.384710 199.218473 
144.000000 8.000000 1.000000 a 279.177363 300.913609 420.104749 416.544115 399.572271 301.761495 311.873372 294.567480 416.146609 315.767319 322.299550 397.256844 479.009394 380.118403 183.095603 105.948101 172.652831 419.010740 555.044142 305.630496 446.284663 329.620994 281.256111 281.519093 268.600074 449.694341 170.293864 463.949351 361.088632 278.485188 572.158195 189.235303 210.297408 366.742416 309.006472 310.220889 345.913284 167.047897 537.938658 559.651677 350.682192 258.544000 521.724065 183.635509 277.704879 193.889144 290.367009 198.123699 214.755675 421.969193 119.920807 529.600793 447.343269 274.235300 244.124968 383.725162 410.463153 132.563192 212.849712 205.448290 340.242561 435.353879 452.515193 199.160739 276.030795 339.200531 471.365039 447.581278 319.803064 189.391130 
217.000000 5.000000 3.000000 a 366.030053 304.645696 331.689614 60.373835 74.886581 307.951295 460.822091 188.732615 78.102497 435.574333 164.684547 491.187337 81.437092 291.671048 342.125708 394.351366 423.850209 189.736660 201.791972 204.430917 108.683025 290.131005 252.097203 247.032387 244.401309 149.201206 399.382023 397.000000 121.148669 196.987309 206.341949 322.024844 255.031371 256.082018 414.787898 312.827428 156.083311 321.734362 134.238594 207.624661 326.386274 304.133195 262.148813 298.964881 202.074244 379.806530 445.920396 322.063658 387.290589 106.677083 388.119827 195.358645 76.485293 365.421674 234.616709 338.249908 340.731566 337.290676 252.438111 274.133179 155.913438 104.809351 429.776686 414.088155 360.573155 205.341180 272.237029 501.861535 213.588389 295.169443 
Type de surveillance de chaque endroit(target):tab[nombre de target]
a a a a a a a a a a a a a a a a a a a a a a a a a a a a a a a a a a a a a a a a a a a a a a a a a a a a a a a a a a a a a a a a a a a a a a 