Nombre des capteurs:
50
Nombre des targets:
50
Nombre de type de surveillance:
1

Caracteristiques:
100.000000 6.000000 5.000000 a 96.046864 190.588562 295.025423 438.881533 176.465294 199.123078 426.878203 346.878941 323.867257 456.773467 380.678342 280.130327 315.762569 369.542961 374.476969 116.211015 200.870605 295.000000 425.403338 295.001695 247.406548 149.214611 197.202941 454.138745 311.314953 426.568869 218.341476 287.960067 407.653039 428.914910 315.296686 438.734544 459.619408 197.648678 454.459019 89.403579 111.825757 484.381048 467.359605 243.343379 373.792723 224.321198 151.476071 434.658487 315.939868 288.173559 376.107697 418.743358 253.712436 420.868150 
161.000000 6.000000 4.000000 a 83.006024 57.489129 184.024455 368.000000 134.629120 109.786156 362.794708 269.046464 197.253644 388.032215 245.904453 148.660687 318.209051 311.269979 311.647236 29.154759 66.241981 271.919106 309.962901 271.464546 147.800541 171.679935 159.881206 376.830200 280.471032 322.691803 89.140339 158.391919 332.150568 387.093012 223.304725 320.370098 392.103303 200.838243 380.257807 52.000000 109.772492 362.229209 407.592934 108.706026 242.123935 218.487986 49.091751 386.544952 189.380569 175.684376 242.989712 284.318483 132.230859 286.225436 
126.000000 8.000000 4.000000 a 181.705806 89.274856 106.667708 264.425793 56.089215 205.766858 258.156929 166.207701 240.707291 284.176002 245.589088 186.196133 231.041122 206.194083 206.700266 93.770998 102.532922 175.855054 236.190601 175.236982 56.639209 128.316016 72.945185 274.925444 180.944743 235.535560 150.655236 127.251719 229.366519 282.846248 126.087271 250.890414 288.062493 131.244047 277.519369 110.385687 93.813645 298.638578 302.729252 123.004065 264.969810 138.311243 150.960260 281.684220 143.680200 244.806046 217.671771 286.565874 82.607506 271.248963 
160.000000 5.000000 5.000000 a 421.473605 289.705022 208.146583 310.228948 355.928364 358.615393 328.709598 271.035053 238.757199 324.679842 136.312142 237.356272 461.650301 328.841907 316.951100 362.270617 282.124086 395.790349 128.035151 394.792350 257.963176 431.601668 358.586112 292.911249 383.199687 181.648011 287.067936 190.541334 285.212202 399.566015 239.033470 110.059075 330.189340 417.432629 304.332055 389.124659 400.249922 86.023253 360.513523 241.207380 187.579317 409.591260 355.105618 382.953000 165.024241 299.748228 106.216760 131.000000 228.527898 88.459030 
269.000000 6.000000 2.000000 a 502.380334 427.889004 337.379608 179.644093 307.826250 546.074171 157.695910 225.800797 557.247701 171.746907 515.097078 507.026627 148.569849 162.409975 171.965113 420.297514 439.476962 170.141118 356.545930 170.449406 325.829710 310.757140 282.194968 202.940878 160.224842 304.253184 487.345873 410.131686 199.449242 85.094066 277.043318 375.133310 167.430583 262.480475 191.509791 422.601467 358.276430 413.881626 140.014285 445.637745 558.068096 236.408545 489.115528 103.077641 396.233517 577.658203 460.577898 548.573605 378.350367 510.722038 
225.000000 5.000000 3.000000 a 263.440695 137.091211 19.235384 200.092479 132.823191 257.122539 201.675482 104.694795 236.135554 220.707952 200.823305 188.151535 251.730014 163.682620 158.294030 179.847157 142.284925 185.884373 141.598023 184.954048 38.209946 207.617437 132.698907 203.420746 179.824915 143.125819 183.414830 88.391176 162.742127 247.842692 49.979996 157.003185 225.583687 191.366141 208.952148 201.188966 186.807387 205.798445 247.080958 131.673839 238.002101 185.024323 216.122650 240.104144 79.849859 263.427409 155.232084 238.805360 62.641839 210.646624 
138.000000 1.000000 2.000000 a 396.167894 322.837420 244.073759 149.883288 201.136769 439.829512 125.670203 145.523194 458.381937 155.080624 426.004695 406.616527 72.180330 91.049437 104.120123 313.555418 334.910436 64.132675 292.225940 64.327288 224.859956 210.116634 175.513532 175.960223 53.712196 247.008097 383.046995 314.249901 148.475587 80.622577 187.829710 312.083322 153.941547 161.049682 167.705098 316.355812 253.339693 357.453493 142.130222 344.005814 464.655787 134.000000 382.472221 95.268043 304.962293 474.788374 375.213273 462.179619 278.729259 428.376003 
256.000000 7.000000 5.000000 a 336.150264 273.470291 216.946998 186.131674 143.589693 386.103613 164.830216 144.544111 418.401721 196.824795 398.389257 364.978082 53.851648 113.225439 125.095963 255.853474 286.574598 13.000000 292.249893 14.000000 186.590461 147.122398 118.207445 210.237960 31.384710 255.391856 334.790980 280.893218 172.362989 139.176147 170.299736 312.169826 197.190263 98.045908 204.560504 256.493665 191.658551 360.817128 192.605815 301.280600 431.542582 71.007042 327.085616 149.966663 277.856078 428.516044 352.682577 436.806593 240.831892 407.686154 
268.000000 6.000000 4.000000 a 456.123887 357.393341 244.969386 63.788714 263.093139 479.683229 42.154478 128.471787 467.058883 58.855756 412.952782 420.733883 175.385290 72.277244 74.732858 368.761441 366.547405 149.053682 242.837394 148.647233 247.426757 294.090122 239.534966 88.022724 128.875909 189.475592 412.059462 318.403832 86.284413 33.136083 183.504768 260.863949 55.785303 246.343256 77.025970 378.160019 324.581269 298.223071 38.897301 363.606931 459.918471 219.494875 428.556881 13.038405 298.918049 495.993952 356.046345 443.644001 294.271983 403.271621 
155.000000 2.000000 2.000000 a 321.740579 190.420587 131.848398 295.237193 270.148108 262.651861 307.657277 227.264163 159.003145 313.576147 69.771054 143.961800 401.519613 290.396281 280.750779 263.948859 182.452734 335.161155 127.812362 334.200539 175.025712 345.249185 277.180447 285.408479 326.718533 176.875663 188.671672 93.621579 262.360439 370.826105 180.941980 122.376468 319.214661 338.036980 295.325244 291.034362 307.709278 139.903538 347.570137 141.449638 124.310096 334.723767 255.618857 357.737334 75.166482 214.709106 11.180340 96.426138 135.594985 60.083276 
193.000000 6.000000 1.000000 a 196.127510 97.349884 94.302704 250.199920 60.074953 216.538680 244.401309 151.743204 243.378306 270.046292 241.993802 189.156020 226.019911 193.196791 193.256306 108.342051 109.635761 168.439900 222.928240 167.764716 43.278170 134.974072 72.124892 260.363208 172.046505 221.056554 157.892368 122.147452 214.932548 271.007380 111.233988 238.027309 274.001825 132.574507 263.096940 125.251746 105.801701 286.220195 289.171230 125.399362 264.378517 136.693087 163.248277 269.215527 135.517527 251.071703 210.950231 282.816195 77.103826 265.271559 
126.000000 6.000000 5.000000 a 357.761093 234.136712 101.271911 110.059075 198.040400 353.624094 118.562220 47.042534 316.205629 130.146072 256.007812 274.344674 241.466354 103.817147 92.612094 271.737005 239.075302 178.373204 102.019606 177.386583 128.319913 262.680414 185.970428 108.415866 162.520768 67.119297 278.469029 169.944108 74.060786 180.886705 53.851648 122.016392 135.506457 230.202085 115.433964 290.270563 261.275716 169.755707 161.148999 224.356859 304.080581 212.941306 313.000000 167.475371 145.499141 352.278299 198.979898 286.681007 157.714933 247.163913 
137.000000 6.000000 1.000000 a 409.941459 283.698784 148.165448 89.587946 250.281841 401.004988 107.935166 86.023253 350.891721 105.645634 279.014337 313.614413 271.412969 120.503112 107.377838 324.450304 287.503043 213.377600 93.493315 212.445287 180.646063 312.569992 236.888159 75.822160 194.797331 39.395431 324.302328 210.280765 66.287254 179.936100 107.018690 110.909873 111.287915 277.218326 86.267027 343.351132 314.000000 149.465715 141.031911 268.821502 331.049845 257.730479 363.185903 162.483845 181.463495 392.230799 219.968180 304.474958 205.156038 261.000000 
276.000000 6.000000 1.000000 a 58.940648 100.623059 236.755148 430.785329 201.357890 51.078371 426.937935 331.665494 178.731642 451.066514 252.620268 143.735869 383.860652 376.750581 376.494356 90.210864 99.297533 338.992625 354.887306 338.551326 208.021633 230.672929 226.773014 438.001142 347.701021 374.766594 84.958814 194.092761 394.324739 453.710260 283.063597 362.581025 455.347120 264.560012 442.162866 99.639350 168.315181 399.782441 472.088975 132.924791 233.734893 283.783368 21.023796 452.642243 227.694971 138.003623 265.096209 286.232423 180.712479 298.839422 
242.000000 9.000000 4.000000 a 196.369550 183.439363 214.107450 305.511047 65.192024 268.126836 290.428993 223.215143 343.493814 321.701725 361.034624 289.698119 173.954017 232.490860 239.426398 131.821849 198.295234 150.163245 335.490685 150.213182 163.193137 12.369317 70.092796 324.024690 167.323041 321.068529 240.435022 243.821656 278.354091 285.156098 207.870152 352.638625 323.857994 52.773099 322.442243 121.264174 51.623638 402.404026 328.056398 230.672929 375.820436 79.158070 206.526027 292.222518 259.268201 333.241654 334.181089 402.044774 199.218473 387.865956 
257.000000 4.000000 1.000000 a 388.294991 267.615396 225.144398 369.682296 361.864616 311.139840 385.368655 313.746713 177.019773 386.160588 80.808415 190.591186 493.817780 375.659420 365.005479 343.169055 256.813162 427.351144 188.175450 426.380112 268.067156 436.326712 370.001351 355.600900 418.001196 242.835335 248.654379 181.176709 340.330722 452.762631 271.370595 174.155103 391.795865 431.018561 366.509209 370.471321 395.248023 162.815847 421.526986 214.350181 119.436175 428.123814 320.089050 437.961185 168.047612 239.453545 91.021975 57.584720 225.503880 37.363083 
218.000000 9.000000 3.000000 a 480.242647 348.080450 213.251026 142.031687 332.385319 458.224836 166.243797 170.801054 384.949347 147.979728 297.321375 357.050417 350.408333 197.327140 184.382754 397.694606 349.252058 295.629836 102.703457 294.730385 254.530941 396.737949 320.413795 117.106789 276.175669 74.732858 379.717000 260.731663 137.640837 238.033611 186.010752 106.901824 152.453272 362.012431 128.316016 418.660961 395.000000 115.312619 181.408379 323.289344 352.881000 342.467517 427.748758 218.146740 227.793766 434.557246 240.110391 312.835420 267.720003 266.176633 
293.000000 8.000000 5.000000 a 308.162295 211.804155 124.422667 143.003496 119.570063 333.114095 132.098448 59.665736 338.710791 161.074517 306.882714 287.767267 150.096636 77.103826 79.511006 220.445004 222.265607 83.725743 198.668065 82.734515 106.400188 170.000000 99.538937 159.314155 74.094534 168.190368 269.436449 193.829822 113.145923 154.146035 73.681748 218.332316 164.149322 131.795296 158.826950 231.261756 184.097800 267.917898 175.071414 226.205659 344.328332 112.361025 280.371183 152.082215 185.647515 358.414564 258.321505 344.047962 159.226254 312.757094 
201.000000 2.000000 4.000000 a 234.827596 106.437775 111.521298 315.293514 211.142132 179.568928 321.400062 227.622494 111.305885 335.477272 91.021975 71.568149 369.898635 289.110705 282.605732 181.747077 96.798760 306.297241 184.610401 305.439028 131.061054 282.177249 224.588513 312.533198 303.199604 219.790810 102.956301 38.183766 278.657496 373.262642 173.046237 187.299226 340.812265 285.170125 320.390387 209.059800 235.915239 218.009174 365.603610 54.817880 114.061387 288.133650 168.582324 364.226578 61.131007 150.096636 80.808415 132.003788 77.620873 124.422667 
211.000000 3.000000 2.000000 a 454.842830 327.964937 192.044266 88.204308 293.211528 444.253306 112.000000 124.651514 387.640297 96.566040 309.497981 353.134535 296.588941 143.544418 130.782262 369.358904 331.360831 243.606240 114.039467 242.736483 225.568172 353.058069 278.600072 64.536811 223.651515 63.324561 367.001362 251.149358 83.570330 184.458667 151.713546 126.668860 101.533246 315.448887 76.157731 388.128845 357.404533 152.689227 131.575074 311.102877 363.323547 294.375610 407.590481 164.878743 220.791757 431.741821 250.439613 331.157062 248.887525 285.854858 
129.000000 5.000000 4.000000 a 72.111026 168.964493 279.401145 432.483526 170.484603 174.427635 421.722658 338.378486 299.107004 450.906864 357.548598 255.925770 321.840022 365.016438 369.131413 96.332757 178.532910 296.057427 409.503358 295.974661 233.420222 154.402073 193.038856 446.561306 311.194473 413.323118 194.030925 267.854438 400.132478 428.010514 303.705449 422.152816 454.009912 201.221271 447.501955 70.837843 108.074049 466.904701 463.303356 221.000000 349.493920 227.035240 126.570139 432.611835 296.804650 263.190045 354.798534 395.248023 235.467620 398.503450 
190.000000 3.000000 3.000000 a 213.335417 78.644771 89.157165 297.405447 174.942848 173.611636 301.094669 204.948774 136.517398 317.907219 127.015747 87.464278 336.382223 264.319882 258.971041 151.604749 72.622311 273.748059 187.085542 272.919402 98.229324 246.073160 188.743212 297.410491 271.900717 214.149481 95.036835 24.698178 260.188393 348.420723 149.883288 193.496770 323.037150 249.146543 304.305767 178.734440 200.897984 230.495119 346.135811 38.639358 148.384635 252.675681 150.585524 340.794660 58.523500 163.783394 108.673824 168.026784 43.829214 157.432525 
222.000000 4.000000 5.000000 a 284.634854 178.986033 87.726849 161.446586 108.756609 301.240767 155.463822 64.288413 301.280600 181.135309 270.118493 250.697028 183.657290 106.254412 104.923782 196.573142 188.480768 117.341382 177.200451 116.387285 70.327804 172.351385 95.462034 173.002890 110.476242 156.028843 234.829726 156.208194 126.921235 187.829710 46.173586 196.061215 185.024323 142.663941 174.942848 210.829315 173.184872 246.351375 200.442012 189.736660 306.804498 129.120099 251.047804 183.521116 148.976508 322.297999 222.946182 307.782391 122.024588 277.881270 
101.000000 2.000000 5.000000 a 409.763346 335.882420 254.701786 148.660687 214.730063 453.176566 124.064499 153.055545 470.269072 152.069063 436.189179 418.760075 79.025312 95.524866 108.295891 327.136057 347.850543 77.665951 298.055364 77.878110 236.966242 223.020178 189.108435 174.897113 67.082039 251.447808 395.941915 325.484255 150.651917 72.006944 197.466453 317.800252 150.455974 174.000000 166.012048 329.951512 266.822038 362.328580 136.235091 356.349547 475.600673 147.054412 395.941915 88.413800 315.349013 487.418711 384.707681 471.958685 290.628629 437.457426 
299.000000 6.000000 4.000000 a 413.656863 284.606746 148.475587 107.823931 260.823695 399.606056 127.224212 102.000000 342.539049 122.641755 266.692707 307.600390 290.477194 140.288987 127.192767 329.423739 287.391719 231.486501 76.059187 230.540669 185.539753 325.465820 248.917657 91.547802 213.321354 21.260292 322.055896 205.703670 86.313383 199.612124 114.825955 92.439169 128.222463 291.811583 102.615788 349.425242 323.641777 129.522199 158.372977 266.001880 319.765539 273.270928 364.400878 181.892826 175.251248 386.213671 207.523493 290.408333 204.921936 246.107700 
198.000000 8.000000 1.000000 a 115.117331 105.475116 232.484408 436.955375 233.205918 23.259407 436.323275 339.092908 124.887950 457.542348 208.597699 99.247166 417.699653 390.570096 388.414727 131.468627 96.301610 366.957763 337.551478 366.394596 215.520301 274.612454 257.379098 440.832168 372.840448 365.075335 56.320511 175.413796 399.722404 471.314120 286.574598 342.317104 462.247769 302.909227 446.365321 148.141824 212.461761 374.363460 481.923230 112.751940 182.477396 319.037615 59.464275 467.847197 208.865986 81.024688 230.846269 238.648277 175.729906 257.031127 
232.000000 2.000000 5.000000 a 525.330372 388.897159 270.933571 265.228204 413.266258 479.150290 289.043249 274.488615 373.246567 271.773803 272.259068 362.405850 465.098914 313.848690 300.695860 452.747170 385.323241 405.642700 141.650980 404.683827 321.068529 484.879366 407.259131 240.750909 387.847908 163.193137 402.517080 288.849442 256.222560 361.448475 269.786953 126.589889 276.226356 457.595892 252.051582 477.428529 469.897861 82.680106 304.962293 349.566875 325.960120 442.037329 463.732682 341.708940 255.994141 431.973379 228.442553 271.066413 313.453346 227.220158 
134.000000 9.000000 4.000000 a 498.545886 374.973332 240.018749 83.006024 327.867351 493.004057 106.892469 156.588633 439.450794 79.404030 360.911346 404.398318 302.696217 155.128979 144.256716 411.830062 379.222890 258.042632 164.477962 257.287777 269.312087 381.643813 310.618737 57.801384 237.002110 115.169440 416.389241 301.797946 99.809819 170.836179 193.961336 175.422347 82.225300 340.308683 64.884513 429.010489 392.800204 194.617574 107.116759 360.867012 414.972288 316.936902 454.136543 150.442680 272.016544 483.037266 301.943703 381.608438 297.026935 335.882420 
101.000000 4.000000 2.000000 a 315.944615 228.254244 149.372019 146.686741 122.065556 347.968389 131.867358 77.878110 360.801885 162.855764 331.837310 309.071189 124.458829 74.040529 80.529498 229.340358 239.585058 58.215118 222.315092 57.218878 127.287077 161.533278 98.858485 166.138496 48.754487 188.904738 287.383020 217.506322 121.659361 141.223228 99.297533 242.123935 165.148418 118.848643 163.856645 237.413142 184.295958 291.322845 171.642069 246.657657 368.321870 96.208108 293.143310 142.351677 210.641876 378.021163 283.825651 369.283089 181.157390 338.363710 
236.000000 1.000000 5.000000 a 310.787709 175.453698 96.187317 260.969347 239.282260 263.229938 272.310485 189.992105 178.084250 279.803502 102.176318 151.845316 364.540807 253.239018 243.805250 245.350769 170.073514 298.115749 104.479663 297.149794 142.274383 314.879342 244.386988 252.669745 289.352726 147.827602 185.809042 74.249579 227.167339 334.215499 143.387587 104.479663 285.408479 304.724466 262.154535 271.810596 281.391187 134.658828 313.178863 132.740348 153.182897 300.059994 247.396443 321.552484 46.065171 228.000000 45.000000 133.003759 109.590146 97.498718 
248.000000 7.000000 1.000000 a 141.534448 23.259407 144.031247 347.139741 161.148999 109.293184 346.620830 249.327094 137.087563 367.724081 175.570499 84.011904 341.989766 301.763152 299.162163 93.380940 8.602325 286.262118 257.846854 285.602871 126.194295 218.833270 182.428068 351.284785 289.803382 279.807076 40.000000 97.128780 309.919344 383.438391 196.786687 265.414770 372.425832 236.038133 356.665109 120.074977 162.431524 303.209499 392.226975 39.204592 175.071414 247.258974 77.897368 379.189926 130.587136 133.794619 174.774140 214.282524 87.022985 216.122650 
189.000000 9.000000 2.000000 a 212.602916 168.442869 258.056195 465.620017 306.556683 110.022725 470.057443 374.000000 53.450912 486.001029 155.900609 81.939002 487.225820 432.708909 427.796681 220.109064 154.201167 429.923249 331.102703 429.214399 260.409293 359.599778 328.024389 464.009698 431.789300 370.669664 107.703296 186.252517 428.590714 516.551062 318.943569 330.074234 491.232124 380.875308 471.561237 240.852652 299.386038 350.291307 514.954367 140.602276 110.136279 392.826934 155.293271 509.557651 213.046943 17.117243 199.904977 172.362989 208.856410 204.834079 
198.000000 5.000000 4.000000 a 494.616013 412.334815 314.413740 146.741269 298.804284 532.347631 125.590605 200.262328 535.860056 138.050715 489.395546 486.806943 156.236999 137.178716 145.344419 410.440008 423.236341 163.990853 325.748369 164.103626 307.092820 310.001613 273.358739 169.499263 150.442680 272.787463 470.596430 387.769261 168.620877 54.918121 253.242966 344.023255 133.633828 261.007663 157.990506 414.879501 353.141615 381.697524 106.004717 426.567697 533.903549 234.076910 476.945490 70.936591 371.948921 559.160084 433.881320 521.852470 358.276430 482.943061 
115.000000 6.000000 4.000000 a 365.198576 245.130577 115.520561 93.230896 197.800404 365.875662 100.000000 33.615473 333.444148 113.652981 275.065447 290.461701 226.497241 85.070559 73.539105 278.226526 250.966133 164.924225 118.713942 163.954262 136.619911 258.862898 183.504768 94.641429 147.959454 77.884530 291.852703 186.214930 56.356011 161.471360 61.131007 138.610966 118.848643 223.651515 100.439036 295.411577 262.087772 185.067555 143.387587 238.665037 322.670110 204.707108 323.125363 148.165448 163.134913 367.979619 218.247566 306.008170 170.836179 266.580194 
216.000000 2.000000 2.000000 a 208.580920 86.585218 127.941393 335.386344 206.041258 150.416090 339.882333 244.233495 96.876210 355.793479 106.042444 48.332184 373.755268 304.021381 298.502931 161.969133 74.672619 312.025640 212.595861 311.218573 137.000000 273.514168 222.283603 334.264865 310.876181 245.589088 74.094534 56.320511 298.328678 388.155897 189.169236 215.956014 361.005540 281.460477 341.584543 189.113722 223.020178 247.163913 384.707681 32.756679 114.978259 287.167199 141.428427 380.338008 86.145226 126.241831 107.628992 145.715476 82.807005 145.989726 
106.000000 5.000000 1.000000 a 88.232647 132.815662 231.248784 381.907057 120.598507 173.072239 371.554841 287.480434 279.044799 400.472221 325.281417 230.783448 282.081548 315.179314 318.943569 57.280014 144.806768 250.545405 361.624114 250.379712 183.918460 117.136672 144.031247 395.739814 264.486295 363.473520 171.000000 226.550215 349.332220 380.257807 253.124475 374.982666 403.655794 159.890588 396.788357 30.413813 61.392182 420.800428 413.566198 186.601179 324.118805 184.097800 114.791115 384.046872 253.428491 252.744931 316.185072 364.540807 190.688227 363.034434 
299.000000 4.000000 5.000000 a 121.334249 124.036285 201.675482 343.447230 81.614950 192.002604 332.746149 249.899980 280.472815 361.857707 314.498013 228.875512 247.315588 276.226356 280.142821 57.775427 138.014492 212.602916 331.633834 212.398211 152.161099 87.692645 105.004762 357.755503 226.000000 329.912110 173.441633 207.238992 311.294073 341.375160 217.974769 346.036125 364.972602 125.299641 358.541490 44.045431 25.806976 393.204781 374.593113 176.819117 320.006250 148.003378 130.667517 345.023188 230.887418 262.573799 298.690475 354.830946 167.358896 348.483859 
231.000000 3.000000 2.000000 a 376.591290 244.524027 109.562767 143.836713 238.008403 356.721180 159.201131 103.077641 296.664794 161.226549 222.441003 262.070601 297.486134 156.952222 144.806768 294.735475 246.132078 234.061958 46.173586 233.070805 152.820156 307.709278 230.054341 132.280006 218.515446 30.149627 278.648524 161.049682 114.389685 228.078934 92.086915 66.121101 166.883193 279.544272 142.425419 316.431667 297.880849 113.863954 196.022958 222.324088 274.781732 264.461717 324.279201 212.348770 129.869165 340.634702 163.367683 248.068539 164.201096 205.080472 
268.000000 4.000000 3.000000 a 389.781990 315.349013 236.315467 146.710599 194.486503 432.588719 122.800651 138.513537 450.587394 152.869225 418.292960 398.848342 73.600272 85.375641 98.508883 306.806128 327.365239 58.309519 285.686892 58.420887 217.082933 205.411782 168.884576 172.629661 46.518813 241.018671 375.481025 306.444122 143.610585 82.346828 180.235956 305.576504 152.003289 156.320184 164.730082 309.974192 247.487373 351.240658 141.675686 336.269237 456.863218 129.139460 375.406446 95.692215 297.228868 467.124180 367.619368 454.529427 270.933571 420.862210 
116.000000 3.000000 5.000000 a 355.534808 247.131544 236.393739 405.172803 358.521966 269.614540 418.474611 338.368143 128.701204 422.965720 57.218878 154.741720 506.805683 401.621713 392.103303 321.927010 234.394966 441.045349 229.473310 440.113622 271.646830 430.196467 370.411933 393.801981 434.263745 282.519026 216.270664 177.552809 373.134024 482.221941 290.423828 218.490274 428.621045 431.477694 404.144776 348.776433 382.953000 215.362485 457.498634 193.499354 68.622154 432.261495 287.626494 469.018123 175.328264 190.142052 103.464970 16.492423 222.315092 57.688820 
203.000000 2.000000 4.000000 a 356.561355 226.108381 161.049682 304.699852 303.488056 293.831584 319.427613 246.130047 179.869397 321.864878 80.006250 173.118457 427.369863 308.150937 297.607124 299.786591 217.866932 360.879481 126.605687 359.901375 207.067622 378.903682 309.270108 292.056501 351.001424 180.055547 221.774660 129.282636 274.200656 385.861374 204.266982 115.883562 327.519465 369.716107 302.645007 326.879183 342.811902 120.266371 356.855713 176.479461 135.447407 365.021917 289.944822 371.441785 108.466585 239.008368 41.012193 91.241438 170.449406 45.221676 
136.000000 2.000000 4.000000 a 440.072721 336.400059 219.802184 39.319207 249.929990 458.877979 15.033296 103.788246 441.389850 42.201896 385.404982 395.941915 184.252544 55.326305 53.460266 352.204486 344.920281 147.871566 214.674172 147.299016 225.683407 287.471738 227.543402 65.306967 126.751726 161.554944 389.625461 292.919784 57.982756 58.249464 158.760826 232.819673 41.725292 241.167991 55.659680 363.232708 313.049517 270.880047 43.104524 339.954409 432.899526 215.111599 409.355591 40.311289 272.405947 471.895115 328.246858 415.727074 270.623354 375.133310 
162.000000 1.000000 3.000000 a 101.833197 104.292857 235.008510 437.634551 227.246562 18.248288 436.247636 339.284541 138.003623 458.180096 220.002273 110.308658 411.680702 389.370004 387.659645 122.613213 96.747093 362.314780 343.431216 361.780320 215.195260 265.800677 251.813423 442.295150 368.895649 369.283089 61.983869 180.941980 400.519662 469.336766 287.522173 348.862437 462.792610 295.574018 447.517597 137.767921 203.435493 382.102081 481.804940 117.902502 195.233194 312.507600 48.764741 466.438635 214.646221 94.005319 240.216569 250.800718 178.025279 268.069021 
283.000000 2.000000 3.000000 a 148.384635 12.041595 126.019840 326.171734 140.160622 129.711218 325.010769 227.899100 155.438091 346.717464 182.660888 101.192885 319.657629 279.379670 277.041513 86.406018 15.231546 263.423613 245.220309 262.756541 104.120123 201.062179 160.654910 331.102703 266.810794 263.685419 63.007936 89.196412 289.067466 360.756150 176.139150 254.190873 351.336021 215.564376 336.154726 113.718952 147.275253 294.350132 370.599514 44.283180 188.520556 225.763150 90.520716 356.753416 121.016528 156.284996 174.264167 222.623000 69.634761 219.692968 
100.000000 2.000000 5.000000 a 462.208827 396.429060 318.056599 190.318155 270.118493 511.751893 166.075284 213.936907 533.346042 187.579317 499.299509 481.552697 101.004950 153.055545 164.842349 382.472221 408.814139 132.593363 355.077456 133.093952 299.816611 266.182268 244.632377 215.837902 127.283149 305.805494 457.039386 388.881730 201.556444 95.707889 260.345924 374.486315 184.352922 218.789854 205.292474 382.744040 316.589640 416.918457 161.607549 418.846034 539.003711 193.680149 453.313357 116.103402 378.600053 549.286810 447.281790 534.754149 353.691956 499.553801 
222.000000 6.000000 4.000000 a 494.022267 373.085781 239.534966 66.843100 319.231891 492.447967 89.888820 148.627050 444.325331 61.098281 368.799403 407.470244 286.001748 140.758659 130.598622 406.745621 378.047616 243.310501 174.025860 242.588128 265.588027 370.472671 301.001661 43.416587 222.144097 122.188379 416.646133 303.980263 88.588938 152.082215 190.055255 186.453748 63.600314 328.054873 48.414874 422.984633 384.231701 209.021530 88.090862 361.686328 422.170582 304.080581 451.692373 131.700418 275.312550 486.079212 309.657876 391.071605 296.379824 345.845341 
190.000000 5.000000 3.000000 a 461.156156 357.740129 240.187427 45.880279 270.351623 480.220783 29.068884 124.615408 461.341522 38.209946 403.407982 416.390442 194.164878 76.026311 74.813100 373.343006 366.203495 163.477827 228.109623 162.984662 246.981781 305.812034 247.630774 68.468971 142.705991 174.002874 410.785832 313.063891 74.249579 53.758720 179.426865 245.589088 34.928498 258.860967 57.140179 384.105454 333.084073 281.256111 23.086793 360.846228 451.655842 232.417727 430.726131 33.376639 291.815010 492.603289 345.781723 432.897216 291.547595 391.560979 
257.000000 4.000000 2.000000 a 419.411492 288.646843 152.882308 120.830460 271.309786 401.707605 141.039002 115.870618 339.342010 134.629120 260.309431 306.365794 305.360443 155.322246 142.225174 336.181499 290.688837 246.032518 65.855903 245.081619 192.751135 337.250649 260.311352 102.902867 228.035085 15.033296 323.681943 206.009709 100.975244 213.740497 124.470880 80.603970 140.132081 304.591530 114.280357 356.886537 333.457643 115.247560 170.469939 267.366789 314.159195 286.574598 368.469809 195.747286 174.484956 384.807744 201.246118 282.391572 208.482613 237.421566 
208.000000 7.000000 2.000000 a 210.237960 183.305756 280.864736 488.943760 320.632188 106.117859 492.757547 396.247397 79.075913 509.392776 181.320159 105.650367 503.063614 454.093603 449.588701 228.122774 169.711520 447.269494 356.876729 446.592656 280.401498 369.875655 342.986880 487.939545 450.051108 395.883821 121.753850 209.976189 451.798628 537.651374 341.281409 356.035111 514.572638 393.855303 495.291833 246.840029 308.609786 376.350900 537.841984 161.037263 133.723596 407.171954 158.808060 531.207116 237.690976 28.301943 225.977875 195.941318 230.097805 229.923900 
278.000000 8.000000 3.000000 a 283.853836 163.517583 47.010637 170.836179 132.007576 285.110505 171.081852 73.736016 267.686384 191.415778 228.844926 219.738481 227.015418 132.060592 126.763559 197.699267 170.155811 160.589539 141.031911 159.624560 54.589376 203.226475 125.781557 176.102243 152.463110 130.418557 213.046943 119.603512 133.660016 216.226733 21.023796 158.776573 196.122411 179.936100 180.800996 216.538680 192.096330 208.971290 216.621790 162.560758 268.151077 169.499263 241.033193 208.542562 107.703296 294.716813 180.013888 265.699078 93.230896 234.682765 
Type de surveillance de chaque endroit(target):tab[nombre de target]
a a a a a a a a a a a a a a a a a a a a a a a a a a a a a a a a a a a a a a a a a a a a a a a a a a 