Nombre des capteurs:
50
Nombre des targets:
30
Nombre de type de surveillance:
1

Caracteristiques:
280.000000 3.000000 2.000000 a 282.816195 327.360657 147.299016 173.979884 202.940878 292.099298 438.826845 351.262010 173.011560 229.054579 367.491497 376.430604 312.846608 290.423828 173.692257 362.398951 194.139125 298.001678 194.537914 201.717624 404.223948 114.214710 294.552203 115.017390 90.138782 445.004494 234.642281 194.833262 110.981981 96.046864 
163.000000 2.000000 4.000000 a 302.233354 350.035712 70.349129 179.902752 251.668433 210.618138 311.314953 453.485391 77.129761 406.004926 456.946386 413.146463 288.875406 185.440017 265.324330 388.207419 241.660919 162.520768 172.733899 44.721360 269.601558 201.427406 365.492818 106.775465 161.198635 413.696749 134.182711 59.076222 95.189285 140.730238 
263.000000 8.000000 3.000000 a 53.160135 92.779308 222.575830 103.227903 34.669872 161.297861 297.435707 175.413796 316.834342 225.887140 174.897113 144.461067 107.814656 187.672587 68.249542 127.882759 45.221676 225.179928 112.924754 315.158690 281.055155 122.702893 82.764727 279.692688 164.176734 220.513038 179.254010 320.975077 236.135554 290.027585 
151.000000 6.000000 4.000000 a 280.964411 303.817379 309.342852 255.156815 221.334588 371.012129 519.466072 232.939906 361.686328 43.931765 259.695976 323.066557 338.285382 386.401346 171.944759 324.137317 220.984162 412.001214 280.444290 385.219418 496.009072 191.481070 232.561820 304.198948 219.492597 441.072556 348.891100 381.030183 287.000000 287.647354 
188.000000 3.000000 2.000000 a 88.005682 98.615415 262.154535 163.012269 148.030402 93.509358 174.874241 261.076617 357.095225 359.210245 245.601303 151.426550 26.400758 126.822711 196.725697 122.641755 152.315462 167.800477 148.097941 340.000000 170.496334 223.778909 171.397200 339.613015 248.163253 117.953381 163.917662 351.069794 293.620503 361.060937 
190.000000 4.000000 4.000000 a 105.475116 87.206651 316.260968 211.142132 181.408379 148.553021 198.204440 245.220309 411.928392 373.207717 224.543982 118.532696 68.883960 181.107703 226.152603 92.720009 188.095720 221.000000 199.371513 395.701908 204.677796 265.369554 168.014880 392.164506 294.898288 66.189123 219.938628 406.558729 346.013006 412.074022 
227.000000 3.000000 2.000000 a 329.771133 355.613554 323.649502 288.300191 264.614814 408.905857 559.325487 287.271648 362.167089 91.760558 314.407379 377.361895 384.688185 421.046316 215.000000 377.482450 262.731802 442.936790 313.912408 390.266576 533.318854 219.665655 286.434984 304.198948 238.321212 492.541369 378.350367 383.950518 295.169443 282.398654 
155.000000 1.000000 5.000000 a 320.306104 368.957992 94.540996 191.128229 248.040319 280.044639 409.646189 429.180615 69.871310 330.915397 440.541712 426.564180 331.061928 266.309970 237.655212 406.988943 237.547890 258.804946 200.584147 103.870111 370.202647 165.680415 357.015406 15.556349 119.632771 465.317096 206.518764 93.962759 55.081757 18.601075 
121.000000 6.000000 1.000000 a 317.176607 366.083324 83.096330 186.978608 247.032387 270.118493 396.879075 432.510115 56.008928 341.039587 442.831797 424.746984 324.895368 254.950976 239.943743 404.357515 236.448726 245.692898 194.486503 88.022724 357.056018 167.764716 357.761093 2.236068 120.933866 458.651284 195.368882 78.854296 47.759816 34.655447 
111.000000 6.000000 1.000000 a 95.885348 55.785303 335.886886 221.720545 175.823775 186.389377 250.287834 197.590486 432.897216 342.211923 175.045708 66.940272 93.380940 220.220344 213.527516 43.566042 184.567061 261.721226 215.647861 420.933486 255.765518 264.741383 130.667517 406.787414 300.509567 83.486526 250.351753 430.447442 360.854541 423.135912 
109.000000 9.000000 5.000000 a 152.453272 188.488726 176.011363 121.753850 158.398232 14.866069 154.207652 335.431066 263.590592 379.890774 327.110073 249.881972 109.178753 20.615528 203.592731 221.472346 155.206314 62.625873 96.540147 240.684441 124.482931 192.852275 239.169396 258.031006 196.331353 218.892668 64.776539 253.355481 214.755675 285.187658 
207.000000 7.000000 1.000000 a 84.291162 129.541499 184.621234 67.623960 5.000000 153.075145 298.966553 207.077280 277.901062 223.660457 209.914268 183.831445 124.615408 173.954017 48.795492 166.087326 5.656854 207.299301 82.734515 277.618443 277.411247 84.929382 119.201510 240.052078 124.775799 249.465428 154.003247 282.846248 196.664689 250.529439 
147.000000 8.000000 1.000000 a 190.031576 237.625756 73.552702 76.118329 146.751491 114.039467 249.018072 349.262079 166.571306 336.174062 349.847109 300.820545 178.734440 101.651365 172.104619 275.775271 137.786066 105.261579 62.177166 151.476071 212.438226 126.530629 257.619875 155.029030 109.123783 308.292069 42.544095 161.384634 111.543713 181.994505 
124.000000 7.000000 5.000000 a 237.951676 286.832704 45.221676 108.078675 168.514094 203.376498 342.422254 359.562234 116.828935 293.138193 367.850513 345.606713 248.171312 194.797331 166.412139 325.098447 157.892368 196.369550 117.885538 126.530629 305.511047 95.713113 280.722283 77.414469 50.289164 382.623836 135.930129 127.121989 33.241540 95.189285 
181.000000 6.000000 3.000000 a 299.015050 348.051720 50.119856 169.008876 236.326046 233.788366 353.134535 431.844880 47.201695 362.106338 439.004556 409.176001 298.107363 215.083705 239.069028 386.649712 225.754291 201.717624 170.469939 54.451814 312.621177 169.056204 350.237063 48.414874 123.490890 429.504366 156.818366 53.712196 44.407207 82.462113 
224.000000 6.000000 1.000000 a 85.211502 130.249760 184.805303 68.154237 5.385165 154.434452 300.374766 206.545395 277.915455 222.283603 209.575762 184.260685 125.924581 175.231276 47.381431 166.688332 5.830952 208.482613 83.600239 277.838082 278.792037 84.172442 119.016806 239.827021 124.326184 250.569352 155.000000 282.991166 196.542616 250.121970 
127.000000 2.000000 4.000000 a 369.898635 418.713506 120.933866 241.149331 309.685324 290.330846 391.000000 505.609533 32.388269 427.929901 512.800156 480.618352 363.798021 266.308092 312.699536 457.280002 299.152135 243.501540 240.052078 36.496575 349.022922 242.142520 423.803020 90.138782 195.880065 491.846521 213.018779 23.706539 114.965212 113.951744 
112.000000 6.000000 1.000000 a 289.000000 244.476993 531.613581 411.661269 342.953350 417.614655 480.046873 174.244082 625.799489 367.447955 152.505738 181.570923 322.374006 451.541803 350.406906 209.811820 353.556219 493.668917 416.865686 623.796441 490.486493 421.674045 230.288949 585.976962 467.603464 274.016423 470.443408 630.025396 544.008272 591.929894 
142.000000 7.000000 4.000000 a 280.071419 328.124976 49.091751 156.773722 228.473193 193.847879 303.028052 430.227847 85.052925 385.083108 433.761455 391.061376 268.763837 170.836179 242.231294 366.415065 218.442212 152.210381 150.233152 61.294372 261.919835 179.047480 342.379906 101.242284 140.014285 395.459227 116.456000 73.054774 80.262071 135.092561 
147.000000 4.000000 5.000000 a 115.247560 127.279221 261.633331 172.626765 168.362704 80.777472 146.109548 289.927577 354.231563 384.246015 274.242593 178.126360 52.153619 111.395691 217.848571 149.566039 171.327172 150.073315 154.324334 334.175104 142.126704 237.806644 200.024998 341.391271 257.670332 123.490890 156.780101 346.140145 295.959457 364.927390 
297.000000 6.000000 4.000000 a 198.917068 219.276082 252.035712 204.200881 229.712864 80.280757 71.063352 380.147340 331.255189 452.924939 366.072397 271.346642 138.600144 80.777472 278.028775 242.825040 228.825261 95.707889 179.493732 302.524379 50.695167 275.408787 287.221169 334.044907 280.007143 193.669822 140.463518 316.829607 293.001706 363.232708 
105.000000 9.000000 1.000000 a 260.324797 288.792313 267.710665 219.401459 193.600103 338.576432 488.635856 241.960741 320.039060 78.294317 266.086452 315.835400 314.078016 351.809608 144.031247 313.198020 191.671594 375.410442 244.951016 343.246267 463.259107 152.947703 224.287762 262.710868 178.317133 424.872922 311.494783 339.157780 245.000000 247.121428 
223.000000 7.000000 4.000000 a 96.104110 142.947543 168.220094 51.865210 21.260292 147.299016 295.787086 222.970850 261.629509 229.941297 226.214500 198.829072 129.807550 165.604952 53.665631 180.155488 10.816654 196.987309 69.007246 261.222128 272.253558 73.171033 135.602360 224.396970 110.308658 258.379566 141.286942 266.452622 180.693110 235.681989 
106.000000 1.000000 5.000000 a 174.722637 195.125601 245.458754 187.301895 208.038458 63.976558 90.785461 355.820179 329.086615 430.930389 341.843531 247.945559 114.271606 74.060786 256.850151 219.317122 207.713745 99.317672 163.370744 302.630137 74.953319 258.213090 262.937255 327.673618 266.030073 177.234308 133.184083 316.362134 285.156098 355.609336 
140.000000 3.000000 1.000000 a 239.643485 288.729978 18.027756 109.201648 176.309387 188.095720 321.603794 373.359076 107.056060 318.025156 379.668276 349.425242 242.571639 175.727061 181.573677 327.299557 165.758861 173.092461 112.805142 108.240473 283.557754 114.284732 290.387672 81.884064 73.027392 375.825757 115.952577 111.830228 37.054015 107.466274 
200.000000 7.000000 5.000000 a 270.484750 267.551864 381.035431 320.449684 327.001529 200.202398 82.292162 427.141663 460.017391 542.351362 405.616814 297.060600 209.322717 209.162616 376.619171 273.645756 329.334177 223.181540 297.859027 430.047672 122.702893 389.974358 347.519784 463.158720 401.808412 167.863039 268.990706 444.703272 421.521055 491.906495 
182.000000 1.000000 1.000000 a 198.171643 196.412831 331.074010 256.815109 256.826790 144.086779 94.921020 357.692605 417.193001 470.252060 337.432956 230.653420 137.440896 161.941347 306.235204 205.572372 259.824941 187.275199 235.987288 391.342561 117.413798 324.410234 275.811530 413.001211 340.523127 115.948264 219.513098 404.980246 369.228926 439.501991 
204.000000 1.000000 3.000000 a 187.882942 211.021326 237.035862 188.217959 215.230109 64.443774 87.005747 370.388985 317.694822 438.507697 357.274404 265.188612 129.189783 65.306967 263.210942 236.457184 214.021027 84.118963 163.444180 289.836161 63.071388 259.433999 276.557408 319.152001 263.893918 195.897933 125.131930 303.916107 277.722883 348.037354 
167.000000 7.000000 3.000000 a 211.896201 217.112874 315.838566 252.764713 262.274665 132.698907 61.983869 380.110510 398.057785 480.916833 361.437408 256.976653 149.030198 144.086779 311.948714 230.633909 263.933704 163.572614 230.082594 370.109443 83.868945 322.530619 294.271983 398.057785 334.053888 149.264865 203.553433 384.266834 355.609336 426.063376 
143.000000 6.000000 1.000000 a 256.628136 214.037380 496.338594 376.706783 307.210026 388.928014 460.434577 136.682113 589.932199 331.422691 114.494541 152.738338 294.108823 422.664169 313.129366 181.532366 317.775078 464.811790 382.920357 588.847179 468.123915 384.629692 193.767902 549.305015 430.759794 259.649764 438.634244 594.727669 507.720395 554.732368 
129.000000 8.000000 4.000000 a 369.009485 385.810834 400.132478 351.411440 315.226902 466.502947 613.959282 283.196045 443.010158 97.082439 312.827428 394.868332 428.740014 482.511140 266.450746 400.824151 315.653291 508.236166 376.693509 470.230794 591.481192 287.043551 308.868904 385.011688 312.083322 522.398315 444.983146 464.388846 373.965239 363.727920 
239.000000 5.000000 1.000000 a 112.805142 156.425701 159.062881 73.355300 104.675690 52.345009 203.383874 290.056891 254.348187 325.779066 284.738477 219.968180 90.735880 70.880181 149.482440 193.217494 101.133575 107.074740 50.960769 239.140126 177.101666 143.961800 194.002577 237.118114 155.502412 221.045244 69.892775 249.435362 191.366141 259.932684 
147.000000 2.000000 3.000000 a 253.237043 302.167172 42.011903 123.065023 184.133104 214.032708 350.127120 374.669187 101.788997 303.726851 383.220563 361.120479 262.185049 203.494472 181.463495 340.477606 173.510807 202.141040 131.700418 113.780490 312.385979 110.276924 296.285335 62.169124 63.976558 396.440412 143.961800 113.296072 17.691806 82.152298 
236.000000 5.000000 5.000000 a 36.400549 70.178344 242.588128 122.494898 57.245087 164.103626 292.535468 163.917662 337.681803 236.326046 160.031247 121.655251 97.616597 193.023315 89.202018 104.809351 67.601775 232.363939 129.139460 334.619187 279.293752 145.784087 68.154237 301.763152 186.935818 200.960195 191.376592 340.969207 257.800310 312.705932 
174.000000 7.000000 1.000000 a 266.745197 220.537979 512.656805 392.444901 325.504224 391.318285 449.026725 172.675997 607.852778 369.845914 147.220922 156.984076 296.082759 425.311650 337.083076 184.361059 336.133902 467.338207 396.046714 604.107606 460.440007 407.240715 215.501740 570.035964 452.403581 242.018594 446.838897 610.946806 527.147987 577.644354 
191.000000 5.000000 1.000000 a 255.327241 273.031134 319.014106 249.226804 204.685124 357.917588 503.000994 190.850727 380.612664 18.788294 218.112356 286.832704 315.382308 376.554113 157.543645 290.193039 206.312869 405.561339 273.543415 400.655713 482.420978 192.898937 198.010101 324.336245 228.008772 410.078041 344.688265 398.026381 301.797946 311.451441 
293.000000 5.000000 2.000000 a 36.400549 81.467785 219.127817 104.062481 73.409809 107.042048 235.815606 218.185701 316.223023 287.767267 210.280765 144.941367 48.754487 137.615406 121.938509 119.503138 78.447435 178.373204 98.737024 306.649637 221.208047 154.262763 122.004098 289.006920 185.129684 177.000000 145.989726 315.220558 243.074063 305.851271 
146.000000 1.000000 2.000000 a 167.868997 165.075740 337.203203 230.273750 161.009317 301.517827 427.796681 64.404969 421.200665 142.579802 87.664132 161.136588 230.586209 328.975683 139.713994 170.856665 169.011834 366.546041 247.212459 429.377456 416.818906 209.251045 84.403791 372.690220 255.890602 295.255821 317.833290 431.653796 336.823396 371.496972 
126.000000 4.000000 2.000000 a 315.279241 347.748472 272.787463 252.794383 242.439683 376.300412 527.640976 306.726262 305.655034 127.663621 331.146493 378.639670 364.588809 384.668689 194.794764 374.354110 238.415604 402.677290 278.095307 334.905957 498.775501 181.793839 287.250762 247.808394 191.971352 482.001037 337.515926 327.981707 241.629882 225.079986 
279.000000 5.000000 1.000000 a 247.226617 294.905069 45.967380 127.534309 199.541976 160.162418 275.943835 402.195226 116.726175 369.956754 404.361225 358.075411 234.360833 138.708327 217.910532 333.048045 189.873642 124.535136 118.224363 95.770559 235.747747 160.028123 312.462798 121.115647 127.094453 361.088632 82.565126 107.154095 88.005682 153.235113 
150.000000 6.000000 4.000000 a 214.394496 194.640695 410.542324 299.487896 228.063588 355.012676 466.691547 31.320920 496.303335 191.525455 55.226805 164.195006 272.574760 385.219418 213.590730 184.718705 237.170825 424.990588 313.899665 503.239506 461.637304 284.318483 126.003968 448.416101 331.157062 304.685083 381.849447 506.063237 411.938102 447.420384 
276.000000 5.000000 4.000000 a 244.239636 289.290511 128.160056 135.856542 164.575211 255.906233 404.248686 322.076078 175.934647 219.672483 336.440188 339.649820 273.885012 256.320112 138.191896 324.784544 155.563492 267.074896 157.305435 198.090888 370.827453 75.425460 259.886514 119.854078 54.378304 406.001232 202.566039 194.139125 100.244701 111.503363 
184.000000 7.000000 4.000000 a 258.518858 241.598841 439.547495 333.541602 263.696796 397.850474 513.320563 78.790862 521.123786 181.342218 102.415819 211.917437 318.135191 427.117080 242.297338 232.594067 272.016544 466.038625 350.008571 531.143107 507.158752 310.035482 169.705627 470.593243 355.983146 352.278299 419.869027 532.778566 436.946221 466.392539 
295.000000 7.000000 4.000000 a 255.501468 255.837839 359.089125 300.101649 309.090602 179.002793 63.820060 417.163038 438.028538 526.317395 396.678711 289.281869 193.414064 187.259179 358.765940 264.705497 311.014469 201.248602 277.194877 408.178882 102.552426 370.001351 334.940293 441.194968 380.879246 166.075284 247.097147 422.800189 399.656102 470.022340 
259.000000 2.000000 3.000000 a 207.870152 164.693655 450.039998 330.024242 261.690657 339.536449 414.004831 113.216607 544.488751 311.057872 85.094066 103.445638 244.761108 373.268000 271.532687 132.280006 272.310485 415.415455 335.219331 542.137436 420.309410 342.023391 150.206524 505.489861 387.486774 218.050453 389.717847 548.445986 463.072349 512.445119 
210.000000 7.000000 3.000000 a 227.200352 272.855273 118.127050 117.175083 147.959454 237.497368 386.214966 312.544397 175.823775 222.092323 325.614803 324.445681 255.566038 238.522536 124.867930 308.804145 138.654246 250.415654 138.715536 194.486503 353.171347 58.463664 246.617112 122.090131 36.878178 388.020618 185.607112 192.002604 95.634722 118.869677 
116.000000 8.000000 1.000000 a 172.351385 137.524543 403.718962 284.929816 214.273190 311.438597 404.619574 60.406953 496.371836 255.706863 30.364453 89.844310 220.102249 344.188902 218.487986 115.572488 224.735400 385.876923 293.109195 496.614539 405.177739 290.036205 100.005000 454.912079 336.269237 226.991189 353.084976 501.952189 413.706418 460.092382 
132.000000 7.000000 2.000000 a 156.387340 121.115647 380.490473 273.227012 236.103791 210.845915 231.250946 252.239965 476.299276 407.185461 226.450878 117.686023 132.517923 242.330353 276.761630 103.812331 244.000000 280.722283 262.840256 460.017391 247.347933 323.303263 195.000000 455.764193 355.675414 24.351591 283.867927 470.941610 409.591260 474.886302 
292.000000 5.000000 5.000000 a 246.975707 210.459022 475.336723 357.643677 286.225436 385.416658 471.831538 96.896852 566.467122 285.590616 82.134037 156.000000 292.959042 418.389770 285.035086 184.133104 296.502951 460.192351 366.885541 568.466358 475.206271 357.207223 172.037787 522.804935 404.030939 281.156540 427.692647 573.205024 482.995859 525.677658 
274.000000 2.000000 1.000000 a 252.253840 261.965647 320.951710 274.870879 294.645550 150.880748 15.811388 425.281084 395.456698 516.500726 407.520552 304.258114 189.171880 151.568466 343.889517 277.510360 294.932196 158.619040 250.491517 364.067301 53.758720 345.962426 337.235823 402.435088 351.550850 195.969385 210.641876 379.005277 362.604468 432.483526 
Type de surveillance de chaque endroit(target):tab[nombre de target]
a a a a a a a a a a a a a a a a a a a a a a a a a a a a a a 