Nombre des capteurs:
30
Nombre des targets:
100
Nombre de type de surveillance:
1

Caracteristiques:
271.000000 7.000000 3.000000 a 268.486499 63.134776 348.833771 295.489425 415.985577 208.614477 448.091509 127.632284 184.000000 433.626567 115.974135 118.966382 243.821656 205.039021 431.223840 216.566387 431.045241 175.641681 308.876998 99.859902 155.364089 367.306412 356.407071 314.111445 232.937760 490.180579 133.003759 380.236768 213.002347 163.835283 210.850658 95.084173 187.181730 315.356941 379.084423 279.206017 454.120028 303.679107 270.024073 82.807005 145.096520 323.482612 264.622372 171.011696 113.282832 125.035995 424.905872 406.253615 323.097509 93.021503 439.496303 196.254936 44.944410 307.175845 367.164813 290.244724 233.053642 255.515166 311.321377 342.912525 407.141253 146.154028 326.847059 381.693594 226.079632 461.341522 68.709534 362.856721 252.491584 338.533602 311.207326 438.749359 297.899312 281.655818 156.051274 86.371292 386.948317 484.024793 299.841625 338.325287 178.899413 158.142341 270.129599 434.626276 190.223553 222.847481 42.154478 241.207380 425.913137 508.917479 360.206885 281.858120 274.838134 26.570661 77.025970 201.357890 52.801515 123.227432 187.949461 221.415898 
113.000000 2.000000 1.000000 a 255.548430 25.495098 306.341313 323.706657 375.712656 185.440017 436.176570 154.434452 222.036033 428.042054 128.444541 144.682411 199.602104 201.734975 420.601950 185.270073 441.075957 128.817701 327.617155 122.376468 197.408207 337.653669 364.200494 320.315469 189.694491 481.062366 88.192970 338.337110 228.600087 179.627392 196.412831 72.449983 222.182358 273.543415 361.072015 290.227497 444.356839 324.833804 258.791422 97.082439 154.547727 348.104869 224.323427 174.450566 87.595662 100.568385 415.943506 393.103040 281.602557 94.302704 404.105184 168.023808 14.422205 335.232755 350.853246 279.546061 205.353354 282.821498 328.975683 339.942642 402.412723 108.115679 305.360443 392.451271 200.449495 427.354654 69.835521 322.237490 207.547585 312.872178 341.470350 420.353423 314.992063 291.496141 194.987179 71.217975 366.580141 474.371163 290.945012 329.028874 132.276226 165.592874 277.838082 397.854245 143.683680 238.933045 76.295478 248.654379 431.149626 503.011928 345.376606 287.360401 263.765047 72.401657 37.054015 240.692750 53.366656 89.089842 147.122398 179.947214 
153.000000 2.000000 3.000000 a 185.539753 75.432089 310.111270 241.250907 368.048910 136.499084 363.881849 78.447435 160.124951 348.539811 40.024992 68.622154 217.800367 119.954158 346.701601 156.540730 352.022727 178.263849 238.882816 46.518813 150.073315 298.492881 275.670093 232.280003 203.342076 405.306057 125.419297 338.402128 139.463257 91.093359 129.869165 50.566788 153.443801 275.408787 298.055364 200.808366 369.384623 237.084373 186.303516 19.104973 65.000000 262.246068 222.272355 87.045965 63.411355 68.014704 340.066170 322.567822 281.737466 9.000000 379.253214 132.619757 75.179785 252.446034 285.170125 206.189233 165.801086 200.159936 239.927072 257.947669 322.074526 192.346042 249.128481 303.199604 156.204994 398.080394 19.723083 317.308998 229.712864 265.000000 261.017241 357.593344 225.849507 202.272094 138.130373 36.055513 307.566253 399.239277 215.232433 253.692728 176.819117 76.400262 189.129585 377.385744 185.658288 149.856598 58.077534 159.928109 343.758636 423.831334 277.461709 199.529446 191.018324 84.723078 80.305666 180.767807 131.590273 86.608314 154.301653 186.131674 
208.000000 1.000000 5.000000 a 285.854858 64.280635 346.538598 322.024844 416.213887 220.839308 466.274597 154.155765 209.193690 454.209203 140.356688 145.413204 239.259274 225.763150 449.911102 224.002232 455.940786 164.657220 335.017910 125.896783 178.907797 376.132955 380.741382 338.000000 229.786858 509.530176 127.953116 378.652875 238.562361 189.251156 227.305961 106.099010 213.122031 313.904444 394.442645 304.095380 473.177557 330.043936 288.105883 107.056060 169.070991 350.035712 264.841462 193.610434 123.178732 135.793962 444.235298 423.858467 322.009317 113.811247 444.208284 205.548048 47.010637 333.713949 383.301448 308.609786 242.825040 282.081548 337.338109 364.232069 427.983645 123.761868 340.365979 406.684153 237.035862 467.172345 88.481637 362.724413 246.710356 349.778501 337.615166 454.009912 323.830202 306.307036 181.069048 100.568385 401.154584 503.160014 318.943569 357.370956 169.201064 181.727818 294.278779 438.180328 180.800996 248.509557 68.709534 265.211237 449.728807 529.472379 377.000000 305.499591 293.001706 50.000000 77.103826 226.019911 26.419690 128.191263 187.640614 220.410980 
208.000000 6.000000 1.000000 a 175.025712 123.357205 339.599764 193.093242 391.255671 148.717854 345.162281 38.897301 122.788436 322.622070 9.848858 31.906112 255.264569 100.498756 326.718533 178.751224 311.295679 224.243172 192.509740 25.709920 123.308556 306.543635 236.907155 195.256242 239.927072 382.648664 171.303824 365.689759 94.154129 44.777226 128.316016 95.351980 112.160599 305.059011 289.001730 159.452187 347.979884 189.736660 173.141561 38.470768 29.120440 214.158820 252.301407 60.016664 103.730420 103.754518 318.201194 306.276019 310.485104 48.166378 393.547964 153.912313 121.148669 204.244951 274.220714 190.947637 180.944743 152.029602 194.092761 230.586209 295.575709 240.149953 247.256951 261.963738 169.307413 409.547311 66.708320 342.896486 268.001866 268.555395 213.150182 347.324056 180.247053 161.966046 106.042444 82.298238 301.479684 377.275761 196.956848 234.394966 222.031529 43.011626 150.986754 394.062178 230.169503 104.316825 81.055537 122.441823 306.960910 397.416658 264.756492 163.600122 177.282261 109.402925 128.561269 143.533968 171.011696 128.390031 191.541118 221.056554 
208.000000 6.000000 2.000000 a 210.924157 439.802228 343.209848 390.898964 311.081983 282.063823 41.785165 404.694947 454.990110 99.639350 378.113740 404.738187 379.205749 280.251673 61.983869 299.200602 243.244733 441.354733 317.416131 406.078810 481.001039 190.078931 228.530086 233.122286 369.329122 61.392182 417.968898 334.598267 327.441598 353.884162 269.091063 392.230799 434.180838 334.786499 106.606754 275.746260 55.973208 335.679907 209.888065 405.034566 351.489687 363.600055 328.933124 320.413795 377.524834 364.540807 77.077883 74.148500 329.460165 387.537095 241.099564 305.712283 452.482044 390.928382 114.061387 190.394328 272.253558 382.266922 309.226454 166.544288 117.183617 522.345671 167.263266 248.229732 271.823472 224.008928 410.780964 314.014331 389.235147 177.991573 410.962285 56.435804 307.375991 268.287160 458.004367 395.904029 109.713263 54.405882 183.469343 146.669697 431.908555 337.871277 263.336287 259.976922 428.360829 325.123054 452.845448 279.257945 198.035350 100.841460 119.402680 246.357464 205.231577 480.634997 432.010417 468.364175 517.088000 383.172285 365.941252 355.692283 
272.000000 1.000000 2.000000 a 208.434642 439.344967 383.709526 346.005780 360.702093 288.918674 40.792156 383.207516 423.738127 47.518417 363.296023 384.766163 404.728304 267.239593 45.607017 313.829572 183.221178 457.423218 272.038600 389.597228 453.471058 230.893915 179.977776 194.092761 393.021628 18.681542 427.551167 379.317809 298.429221 331.789090 267.402319 391.092061 402.657423 370.648081 130.188325 239.002092 21.095023 290.477194 204.413796 393.005089 334.928351 315.412428 356.602019 304.776968 378.403224 365.715737 47.169906 79.924965 366.456000 378.799419 295.108455 315.420354 450.015555 344.646195 128.701204 183.619171 286.174772 342.593053 263.797271 135.517527 73.006849 531.989662 187.832372 194.164878 282.874530 280.944834 403.406743 356.770234 416.069706 208.146583 364.335011 104.043260 264.200681 232.008621 430.276655 392.390112 142.635900 15.297059 172.409396 134.111894 448.447321 321.006230 230.867928 313.001597 446.467244 294.334843 441.077091 251.700219 138.809222 48.466483 127.283149 214.032708 199.424171 469.552979 433.295511 435.073557 513.881309 387.939428 381.933240 377.021220 
235.000000 9.000000 1.000000 a 77.491935 229.455878 174.771279 332.243886 196.367003 72.027772 205.548048 251.097591 327.566787 223.651515 208.081715 246.237690 164.137138 132.653684 196.229458 76.321688 312.006410 218.160491 280.415763 236.592477 337.001484 91.706052 242.985596 207.369236 151.604749 256.750852 196.412831 187.275199 219.221349 212.758079 88.192970 185.873613 310.909955 149.083869 116.931604 218.247566 220.800815 292.261869 87.595662 222.991031 192.314846 327.226221 119.251834 166.532279 168.442869 155.929471 198.768710 162.265215 148.660687 198.979898 181.110464 87.361319 244.965304 338.940998 113.569362 95.634722 50.695167 301.973509 275.181758 169.295599 206.242576 299.981666 56.080300 278.958778 54.589376 195.017948 216.279911 161.049682 176.283862 58.215118 356.653894 172.037787 263.856021 212.532350 317.521653 194.092761 116.107709 248.652368 110.222502 129.073622 208.798946 183.087411 195.432853 184.629358 205.779008 224.474943 265.181070 184.740358 278.729259 289.000000 114.825955 187.552659 89.286057 289.209267 219.255559 346.746305 308.298557 167.442527 142.635900 135.207248 
111.000000 5.000000 1.000000 a 307.275121 79.429214 352.278299 346.273014 423.954007 239.175668 487.923150 179.011173 231.147139 477.331122 165.423698 170.393662 243.680118 249.238841 471.895115 238.838858 481.049893 163.783394 360.199944 151.092687 199.040197 391.230111 405.690769 362.801599 235.637433 531.879686 134.123078 384.896090 263.797271 214.478437 248.364651 125.251746 236.135554 320.600998 414.306650 329.218772 495.372587 355.105618 309.958062 132.136293 194.000000 374.769262 273.386174 218.013761 141.209065 154.120083 466.621903 445.179739 328.987842 137.767921 455.758708 221.939181 64.845971 357.972066 403.714008 330.588869 259.262415 306.543635 362.552065 387.827281 451.270429 109.123783 359.071024 431.820565 254.371775 479.600876 112.294256 370.353885 249.881972 366.805125 361.437408 473.710882 349.057302 331.368375 202.891597 121.642920 420.202332 525.380814 341.344401 379.680129 169.593632 206.518764 319.188032 448.763858 181.245690 273.748059 93.520051 290.082747 474.473392 552.535972 397.859272 330.219624 314.892045 72.367120 90.354856 247.244818 2.236068 142.688472 196.621464 228.319951 
105.000000 3.000000 4.000000 a 243.905719 406.148987 189.620674 496.991952 130.357202 259.563094 215.956014 439.751066 513.416985 271.641308 397.508490 435.295302 271.359540 315.734065 224.902201 246.519776 409.224877 355.326610 432.758593 426.057508 525.517840 97.800818 364.901357 346.226804 269.364066 256.780062 355.928364 167.597733 396.137602 398.548617 276.342179 367.967390 495.564325 199.060292 162.289864 374.476969 238.096619 448.361461 251.001992 411.830062 380.678342 482.248898 223.651515 353.239296 349.656975 338.255820 239.081576 199.722307 190.664627 387.220867 53.254108 266.925083 423.382806 501.278366 179.201004 244.264201 230.982683 473.600042 425.737008 282.605732 273.534276 447.772264 165.855359 395.834561 239.852038 28.442925 402.613959 157.003185 275.392447 137.295302 520.696649 151.109232 417.929420 367.288715 505.399842 378.318649 140.662717 249.064249 250.798724 237.766692 345.615393 370.548242 353.814923 73.246160 337.499630 399.111513 452.311839 353.638233 365.224588 296.674906 192.426609 340.442359 249.377224 474.751514 394.020304 531.768747 483.037266 342.146168 292.225940 266.326867 
230.000000 5.000000 3.000000 a 183.461168 403.837839 287.123667 396.727866 254.756747 243.920069 72.422372 386.374171 445.000000 131.061054 354.509520 385.063631 328.097546 258.000000 84.219950 255.264569 274.045617 394.665681 325.508832 383.334058 467.017130 134.629120 243.657547 237.674147 319.188032 114.070154 375.421097 278.016187 318.026728 337.249166 237.918053 357.463285 424.796422 279.873186 69.584481 275.878596 94.371606 343.080166 185.024323 378.565714 330.006061 373.973261 277.243575 299.001672 341.525987 328.562018 99.859902 69.404611 274.235300 358.719946 186.096749 264.916968 417.824126 398.421887 84.005952 168.240899 229.436266 382.346701 317.616120 168.813507 138.683092 478.831912 124.482931 269.408612 230.991342 171.058470 380.465504 257.623757 337.456664 127.914034 418.527180 12.083046 313.249102 268.262931 444.541337 362.856721 63.071388 106.004717 165.746795 135.059246 385.032466 317.014195 259.724854 204.550727 380.644191 317.505905 425.396286 270.185122 228.816520 154.051939 94.530418 243.460469 181.000000 452.262092 394.897455 460.219513 482.270671 344.308002 320.062494 306.910410 
145.000000 2.000000 5.000000 a 66.098411 193.752419 290.903764 205.455591 323.817850 92.574294 232.422030 140.356688 205.936884 214.723077 111.085553 139.000000 239.409691 13.892444 214.410821 135.148067 237.153958 249.238841 162.594588 138.917242 222.800359 214.149481 158.959114 114.490174 223.271136 271.935654 204.088216 309.467284 90.509668 92.649879 51.419841 146.754898 187.459329 259.615100 177.721693 103.237590 236.425464 171.093542 61.814238 139.645981 84.480767 205.302216 213.927558 53.338541 138.956828 128.280942 206.864690 193.018134 262.087772 126.051577 307.975648 117.106789 201.419959 213.009389 162.111073 78.025637 119.616052 173.510807 159.138305 124.807852 188.366664 300.926901 143.781084 192.333044 106.892469 318.675383 151.172087 283.832697 253.444274 171.327172 229.817319 235.008510 145.910932 100.000000 201.062179 144.312162 192.033851 266.101484 83.743656 121.564798 242.860042 71.112587 82.024387 312.860991 246.221445 95.900991 187.747170 61.131007 219.672483 290.015517 152.029602 83.198558 65.375837 216.157350 190.790461 223.707398 263.427409 156.540730 186.077941 202.200396 
177.000000 6.000000 2.000000 a 206.021844 422.859315 426.381285 271.532687 417.228954 290.523665 113.534136 339.449554 365.321776 53.851648 329.778714 343.069964 425.681806 242.662317 100.846418 324.260698 95.268043 463.389685 199.000000 352.601758 399.321925 281.215220 107.563934 136.857590 411.873767 99.644368 425.471503 428.168191 247.923375 289.471933 259.017374 375.527629 344.419802 407.237032 175.410946 180.886705 93.600214 217.036863 198.436388 362.111861 300.374766 237.446836 382.461763 273.402633 366.230802 354.572983 86.330759 127.475488 404.776482 353.135951 359.901375 319.023510 430.376579 268.464150 165.027270 179.493732 297.607124 275.049087 191.010471 106.042444 58.309519 526.935480 218.506293 111.830228 290.688837 350.565258 378.609297 403.495973 438.456383 247.655002 287.391719 175.559107 194.658676 175.231276 376.430604 373.448792 194.486503 101.607086 164.477962 134.833230 455.355905 286.818758 180.272017 375.840392 455.632527 241.456000 408.814139 206.787330 51.478151 85.842880 156.540730 165.529454 193.793705 437.385414 419.448447 373.696401 491.406146 380.753201 390.590578 393.264542 
178.000000 1.000000 3.000000 a 153.378617 247.588368 99.503769 404.499691 125.896783 119.473847 254.911749 305.738450 386.846223 285.043856 259.082998 299.260756 120.602653 200.412075 250.319795 92.114060 385.468546 197.585425 355.472924 285.408479 390.548332 79.322128 318.276609 283.301959 114.236597 306.804498 195.028203 111.615411 288.402497 274.488615 151.855194 213.215853 372.055103 77.665951 164.283292 293.342803 273.534276 366.721966 163.514525 266.129668 249.569630 401.598058 69.404611 228.405341 194.794764 184.694342 256.462473 215.406592 75.325958 240.260276 132.774244 115.870618 265.318676 411.768139 168.237927 171.020467 86.833173 372.239170 350.463978 242.249871 271.459021 288.792313 111.198022 354.141215 99.247166 155.389832 251.445819 85.492690 128.817701 86.330759 428.886931 206.206207 338.824438 287.847182 373.162163 225.197691 153.834326 298.318622 185.129684 199.123078 187.747170 242.909448 270.495841 129.096863 180.834178 294.687971 301.378500 257.877878 350.142828 342.883362 174.140748 263.229938 165.245272 321.179078 234.940418 406.901708 323.187252 183.991848 131.381125 107.224064 
177.000000 4.000000 2.000000 a 210.192769 109.553640 356.349547 209.059800 412.698437 175.328264 381.997382 39.623226 114.769334 359.538593 39.115214 30.083218 264.614814 136.780847 363.628932 200.142449 343.726636 221.382023 219.346757 11.661904 103.276328 336.122002 270.839436 230.204257 250.199920 419.648663 169.168555 384.187454 124.651514 76.485293 160.380797 96.566040 110.421918 321.636441 324.260698 192.416216 384.958439 214.217180 208.865986 27.802878 66.098411 234.974467 268.486499 96.772930 110.258786 114.551299 355.185867 342.838154 327.786516 53.075418 420.315358 175.635987 102.176318 220.637712 309.854805 227.125516 206.421898 168.344884 221.894119 267.471494 332.469547 222.811580 280.401498 294.241397 195.724296 437.776199 56.648036 362.614120 276.441676 299.861635 226.614210 382.953000 208.585714 195.576072 91.586025 81.633327 336.037200 414.270443 233.574399 271.182595 220.791757 80.006250 185.800969 419.533074 230.184708 134.182711 48.010416 157.813181 341.552339 434.263745 300.707499 199.138143 213.138453 74.953319 118.258192 135.148067 142.239235 133.135270 201.159141 232.948492 
178.000000 3.000000 4.000000 a 204.120063 344.615728 455.496432 112.000000 473.254688 267.226496 246.008130 221.070125 220.476756 191.128229 231.948270 228.037278 415.077101 183.883115 226.503863 309.523828 95.257546 421.658630 43.462628 245.051015 258.990347 343.080166 59.059292 75.153177 399.031327 253.568531 373.020107 468.651256 132.075736 181.471761 226.079632 304.586605 200.960195 427.162732 257.108926 74.148500 233.856794 59.439044 193.961336 264.622372 205.730406 77.878110 385.996114 191.324332 302.881165 294.923719 210.705956 232.422030 428.133157 266.602701 436.940499 293.001706 345.731109 108.558740 239.708156 188.308258 290.241279 122.090131 37.215588 136.561342 170.393662 460.340092 264.886768 50.635956 278.513913 437.824166 290.263673 442.403662 429.094395 299.294170 127.577427 290.043100 48.104054 76.236474 237.760384 296.556909 278.548021 253.001976 176.229963 181.024860 416.102151 195.777935 94.085068 447.653884 420.448570 122.036880 303.804213 119.050409 114.280357 245.717317 226.373585 95.885348 192.275844 330.151480 346.324992 224.510579 396.890413 324.513482 361.935077 378.011905 
253.000000 4.000000 4.000000 a 271.602651 493.170356 474.756780 331.730312 455.860724 356.068814 136.003676 410.571553 433.240118 97.575612 401.329042 414.366987 485.273119 313.359219 133.660016 387.249274 135.635541 528.674758 261.919835 424.128518 468.351364 323.729826 174.324410 207.530721 472.267932 94.371606 492.886397 472.517725 318.554548 360.833757 326.914362 445.558077 412.536059 459.087138 219.317122 250.697028 114.070154 279.202436 264.877330 433.619649 371.927412 295.042370 439.620291 344.818793 435.635168 423.727507 125.419297 167.693172 455.636917 424.332417 391.287618 384.219989 501.123737 327.184963 213.506440 245.000000 359.984722 339.889688 254.326562 175.385290 117.324337 595.383910 271.429549 169.578890 354.261203 377.127299 449.782169 449.181478 497.494724 296.445611 345.005797 200.249844 259.886514 245.415973 445.646721 443.969594 234.776489 101.414989 230.672929 197.202941 520.311445 358.357364 251.366267 409.044007 519.849978 311.724237 480.370690 278.212149 105.929222 56.797887 208.216234 236.907155 260.048072 508.944987 489.336285 440.454311 562.541554 449.197061 454.658113 454.594325 
292.000000 3.000000 1.000000 a 232.551070 463.608671 380.265697 388.063139 348.936957 308.449348 51.894123 417.608668 462.053027 89.560036 394.640343 418.516427 412.768700 297.270920 69.375788 328.782603 225.000000 471.920544 314.085975 421.797345 490.474260 226.850171 222.407284 234.232790 402.304611 31.144823 446.010090 372.200215 335.596484 366.285408 291.611042 415.588739 441.028344 370.951479 137.244308 278.648524 50.000000 332.520676 230.078248 423.114642 366.979563 357.997207 363.001377 336.267750 401.748678 388.850871 79.309520 95.189285 365.853796 407.237032 278.729259 333.402160 475.395625 386.959946 141.354165 209.697401 301.424949 383.407094 305.839827 172.185946 113.282832 550.630548 197.994949 237.118114 299.868304 261.068956 431.230797 351.368752 423.207987 212.037732 406.724723 93.230896 305.746627 271.471914 467.312529 418.168626 143.694120 28.301943 200.524313 162.225152 462.622957 353.140199 269.007435 297.699513 459.621583 332.150568 471.189983 288.086792 181.110464 66.407831 143.951381 252.017857 225.204352 499.396636 456.580771 474.105473 539.793479 409.118565 396.285251 387.865956 
100.000000 2.000000 5.000000 a 254.678228 283.044166 480.729654 39.824616 518.833307 278.567766 364.573724 135.299667 90.686272 318.044022 172.539850 145.220522 410.464371 193.041446 344.188902 318.290748 234.008547 387.218285 98.005102 168.107109 131.795296 406.863614 189.023808 173.002890 394.446448 382.890324 334.320206 502.047806 105.118980 129.653384 241.813978 258.381501 76.661594 447.653884 347.541364 130.919823 357.246414 81.024688 246.756965 196.002551 161.012422 77.620873 397.654373 169.955877 265.346943 263.153947 330.080293 339.649820 451.388968 211.255769 501.881460 295.194851 276.875423 51.039201 329.620994 253.239018 309.803163 24.166092 105.683490 240.127050 293.318939 397.543708 331.621773 191.023559 296.769271 510.392006 227.035240 476.966456 423.933957 362.729927 52.172790 394.417292 102.019606 138.513537 115.377641 245.381336 366.661970 380.788655 248.501509 272.117622 384.703782 160.626897 147.166572 507.720395 392.429612 99.704564 217.497126 143.600139 254.011811 381.005249 316.627541 163.082801 248.032256 237.255137 290.084470 88.232647 311.004823 290.063786 348.168063 374.177765 
214.000000 4.000000 5.000000 a 234.446156 237.018987 446.740417 83.773504 489.522216 245.837345 364.880802 89.005618 56.462377 324.154284 128.786645 99.000000 371.016172 165.423698 344.583807 283.536594 259.422435 343.211305 120.933866 122.016392 95.131488 384.793451 203.002463 177.228666 355.223873 389.082254 290.258505 469.774414 82.764727 91.268834 212.136748 214.357179 36.891733 413.001211 336.275185 132.060592 360.312364 108.004630 227.774011 150.269757 121.198185 116.606175 361.780320 135.723985 222.524156 221.382023 331.730312 335.359509 417.329606 166.904164 478.440174 259.599692 230.425693 95.462034 318.788331 237.693079 277.996403 46.861498 127.015747 239.108762 298.006711 351.039884 312.693140 212.720474 265.096209 489.277018 181.397354 445.314496 384.213482 341.708940 98.843310 387.397728 118.473626 139.003597 75.073298 200.897984 353.939260 386.000000 235.722294 264.370952 341.123145 123.422040 142.021125 482.700735 349.252058 81.908486 170.836179 129.340636 272.591269 391.950252 306.426174 159.022011 229.895628 191.002618 244.460631 64.195015 264.560012 247.250885 307.923692 335.417650 
228.000000 8.000000 4.000000 a 164.076202 342.286430 413.672576 167.092789 424.407823 238.549785 185.148589 239.081576 257.856549 131.734582 237.604714 244.018442 385.519131 166.436174 165.529454 279.078842 81.939002 404.163333 93.214806 256.737220 292.882229 290.998282 4.000000 41.182521 369.997297 195.532606 359.254784 423.785323 145.890370 191.801981 199.379036 297.894277 237.084373 387.675122 199.401605 76.850504 173.692257 111.628849 154.029218 270.867126 208.741467 137.058382 351.022791 186.603858 292.535468 282.651729 149.816554 171.825493 387.620949 266.902604 383.005222 266.326867 346.620830 165.677397 182.526710 143.401534 256.499513 167.242339 85.000000 79.404030 109.772492 454.093603 214.189169 40.049969 246.077224 381.955495 292.063349 397.634254 399.321925 248.485412 185.440017 229.444983 87.005747 72.801099 270.248034 292.605537 221.009050 194.283298 129.247824 125.706006 397.508490 196.328806 83.546394 394.910116 400.281151 138.061580 315.012698 112.698713 73.783467 192.023436 169.460910 74.094534 151.162165 342.986880 341.533307 265.746119 403.536863 311.430570 338.119801 349.452429 
142.000000 8.000000 4.000000 a 346.897679 355.759750 571.909084 95.462034 611.376316 370.049997 444.437847 210.059515 136.033084 393.010178 254.001968 219.986363 497.562056 285.524080 424.279389 408.949875 285.063151 466.691547 168.866811 242.785914 168.715737 499.124233 260.247959 254.654668 481.789373 456.477820 413.885250 593.913293 197.739728 217.478735 334.073345 338.496676 136.132289 538.487697 435.983945 216.953912 434.587160 150.545674 338.753598 271.646830 247.757946 125.602548 487.754036 260.464969 347.908034 347.437764 409.257865 423.670863 542.517281 290.998282 594.299588 385.358275 346.434698 95.603347 417.967702 344.245552 401.647856 115.364639 177.087549 323.447059 370.341734 464.844060 423.291861 251.676380 388.634790 602.313042 302.512810 569.007909 510.722038 454.842830 75.927597 479.860396 179.234483 224.510579 164.003049 324.445681 455.738960 455.496432 338.514401 359.334106 465.241873 249.435362 235.747747 600.334074 473.845967 192.379833 281.641616 235.372046 315.336328 448.878603 404.741893 250.585315 339.824955 295.061011 364.779385 119.339851 368.490163 372.542615 434.373112 461.989177 
274.000000 6.000000 3.000000 a 67.082039 279.958926 314.238763 222.847481 326.638944 148.771637 149.856598 217.993119 267.800299 126.763559 196.654519 218.888099 291.454971 101.872469 130.541181 186.123615 173.738309 320.713268 157.003185 222.946182 293.000000 196.022958 103.406963 72.201108 276.508589 185.326738 281.256111 324.513482 140.160622 166.736319 114.825955 232.142198 247.212459 288.626056 119.364986 99.864909 150.864177 172.678893 57.723479 226.790652 168.243871 206.480023 253.870045 138.159328 222.103579 210.278387 121.037184 115.624392 288.362619 214.032708 290.423828 177.395039 288.639914 226.296266 101.355809 44.102154 161.409417 204.394227 150.073315 38.418745 100.404183 382.478758 117.720007 139.301831 152.345003 292.965868 239.140126 298.328678 304.960653 152.118375 246.018292 167.044904 142.214627 92.417531 270.016666 231.138487 139.269523 179.980555 29.832868 43.965896 313.049517 154.324334 81.394103 300.640982 314.159195 138.852440 274.765354 91.923882 145.151645 202.054448 88.192970 66.037868 53.935146 303.329853 275.829658 282.113452 351.205068 236.292192 249.771896 256.632032 
140.000000 3.000000 1.000000 a 180.235956 310.927644 116.297033 438.912292 97.744565 172.307864 229.512527 358.022346 436.286603 271.223155 313.081459 352.438647 177.564073 242.117740 229.965215 152.777616 389.935892 259.383885 382.498366 340.649380 443.765704 40.049969 330.992447 302.317714 174.040225 279.529963 259.113875 109.041277 328.207252 321.794966 196.946693 274.774453 420.020238 113.137085 146.030819 320.914319 250.449596 395.854771 189.401690 323.630963 299.954997 430.767919 128.160056 275.436018 256.345470 245.568728 239.676866 196.651977 106.216760 298.216364 72.917762 174.888536 328.466132 444.946064 156.460858 190.031576 141.152400 410.241392 376.511620 249.537572 263.427409 351.455545 113.088461 365.568051 151.795916 92.227978 311.449835 86.977008 183.199345 78.771822 463.249393 171.233758 366.379585 314.515500 425.067054 286.024474 128.875909 271.016605 201.258540 203.160035 249.609695 291.528729 298.529731 75.166482 241.919408 333.048045 361.437408 291.446393 350.188521 318.209051 166.460205 288.225606 189.488786 382.460455 298.484505 455.702754 387.063302 247.072864 195.358645 169.779268 
106.000000 3.000000 3.000000 a 42.579338 249.927990 294.049316 223.517337 312.605182 119.540788 172.696265 196.367003 253.049402 155.595630 170.880075 196.237101 264.357712 73.925638 154.402073 158.268759 200.084982 290.688837 163.917662 198.176689 275.049087 187.445992 126.015872 87.863531 249.098374 211.804155 250.726943 306.740933 127.137721 146.000000 84.380092 201.972770 233.077240 266.720828 126.826653 102.615788 176.264007 177.609121 32.388269 199.812412 143.391074 212.407627 229.008733 112.538882 191.637679 179.744263 146.700375 134.536240 267.166615 185.647515 282.985865 148.060798 259.017374 228.449119 109.635761 29.732137 134.729358 199.984999 157.952525 69.028979 129.807550 351.870715 109.622078 162.000000 124.779806 288.586209 210.487529 280.494207 278.039566 142.762040 247.491414 180.601772 147.871566 96.020831 252.448014 201.400099 144.308697 205.936884 26.476405 61.983869 283.155434 129.634100 80.721744 291.400069 284.543494 128.035151 247.913291 80.950602 174.183811 230.783448 97.862148 69.641941 30.364453 276.318657 245.538184 268.821502 322.009317 205.681793 220.510771 228.877697 
168.000000 7.000000 5.000000 a 218.826415 337.511481 105.418215 477.462040 64.000000 206.891276 256.425428 393.418352 472.698635 302.238317 347.726904 387.485484 188.692872 279.780271 259.094577 183.109257 425.417442 274.710757 421.028503 374.774599 478.900825 74.040529 368.241768 340.414453 188.403822 304.645696 281.087175 87.817994 366.292233 358.600056 233.824721 304.258114 456.807399 114.061387 178.126360 359.488526 278.037767 434.438718 228.002193 356.501052 335.882420 469.345289 143.683680 312.200256 285.847862 275.786149 270.046292 227.107904 105.546198 330.770313 43.000000 206.494552 355.449012 483.529730 190.247208 228.442553 174.888536 448.575523 415.004819 286.295302 296.445611 367.604407 150.734867 402.504658 186.300832 69.856997 342.486496 72.835431 191.635070 116.297033 501.806736 194.743421 404.934563 353.069398 460.682103 316.291005 159.201131 296.249895 239.426398 239.741527 265.188612 327.940543 337.120157 38.470768 256.345470 371.285604 392.439804 329.959088 384.783056 344.106088 201.099478 326.741488 228.078934 412.225666 324.568945 492.309862 411.757210 274.366543 217.147415 188.215302 
255.000000 4.000000 3.000000 a 110.163515 169.425500 163.981706 332.453004 209.897594 38.483763 268.001866 220.056811 302.299520 279.873186 172.861216 213.213508 114.586212 127.224212 257.108926 11.401754 349.841393 154.896740 292.769534 198.768710 304.277834 143.055933 275.138147 234.053413 99.463561 318.399121 131.487642 186.678869 213.328385 192.439601 78.847955 129.869165 288.503033 131.061054 181.207064 232.467202 281.858120 301.240767 119.331471 179.426865 165.462987 335.216348 83.677954 147.634684 111.543713 100.284595 257.856549 224.162887 134.629120 153.629424 217.572976 29.410882 186.067192 340.872410 176.184562 135.679770 16.643317 297.127919 289.084763 212.508823 259.624729 235.002128 120.673112 310.852055 25.079872 237.539470 165.939748 162.689889 128.269248 120.166551 356.501052 237.023206 276.052531 228.396585 287.417814 140.616500 181.107703 310.517310 151.162165 179.824915 145.835524 160.312195 210.297408 215.473896 144.013888 220.988687 215.935175 191.379205 321.976707 348.737724 175.504986 207.472890 123.227432 237.118114 158.145503 322.639117 247.703452 105.801701 79.309520 79.699435 
229.000000 1.000000 3.000000 a 329.528451 105.118980 317.529526 410.757836 393.303954 250.798724 507.868093 241.350368 302.026489 505.920942 217.186556 231.864184 209.468375 284.627827 493.844105 237.539470 528.140133 121.696343 416.385639 210.161842 271.974263 385.032466 450.708331 406.420964 206.009709 555.201765 117.652029 350.770580 317.304270 268.391505 271.060879 150.986754 305.026228 289.499568 426.690755 378.058197 518.205558 413.512999 334.306745 185.744448 242.851807 436.290041 249.649755 261.007663 160.589539 172.817823 490.890008 464.010776 298.429221 182.123584 436.175423 227.297162 102.956301 422.365955 418.819770 355.046476 262.560469 370.129707 417.714017 420.757650 481.240065 38.948684 367.631609 479.877068 261.296766 462.497568 158.344561 340.530469 211.858443 368.419598 427.628343 484.385177 403.707815 379.011873 274.000000 154.841855 428.878771 548.032846 367.821968 404.855530 130.311166 253.410734 364.771161 426.229985 140.801278 327.653781 158.268759 335.703738 516.242191 580.007759 415.202360 373.405945 339.299278 143.087386 106.962610 319.100298 72.277244 150.083310 179.513231 205.292474 
286.000000 5.000000 4.000000 a 62.425956 169.198109 235.255181 260.284460 273.177598 35.355339 242.627286 165.710591 242.689102 239.069028 123.693169 161.049682 183.010929 54.561891 227.481867 77.929455 286.122351 201.295802 219.865868 152.610616 251.602862 176.782352 209.121974 166.048186 167.002994 288.466636 161.604455 255.440795 142.042247 128.405607 6.000000 121.198185 226.603177 203.273215 169.779268 160.131196 251.557151 228.160032 67.208630 142.088001 106.887792 262.154535 156.732256 82.006097 107.615055 94.868330 223.805719 199.459269 206.169833 120.337027 265.994361 61.400326 181.245690 268.411997 158.113883 87.863531 63.529521 226.101747 216.363121 158.091746 215.076730 264.024620 120.004167 244.000000 50.537115 280.446073 141.410749 230.288949 197.022841 138.740765 284.478470 229.444983 203.179723 156.460858 232.107734 124.651514 178.361991 281.513765 101.138519 137.644470 193.940713 97.943861 138.361844 268.302069 195.818794 149.093930 187.384631 118.359621 263.180546 312.814642 151.924323 137.178716 72.180330 213.588389 162.533074 262.154535 245.817005 118.088950 132.909744 146.030819 
273.000000 7.000000 2.000000 a 96.829747 145.206749 205.548048 293.027302 252.105137 14.866069 271.670757 178.002809 259.932684 274.133179 131.228808 171.405951 143.422453 90.255194 258.156929 42.544095 327.061156 161.533278 257.670332 157.889202 262.688028 174.942848 250.121970 206.980675 127.251719 319.715499 125.175876 228.973798 173.461811 150.243136 46.872167 100.129916 246.077224 172.037787 191.509791 199.251098 282.708330 264.775376 103.730420 140.406553 123.036580 298.077171 122.155638 106.000000 83.198558 70.405966 256.222560 227.747667 176.139150 115.247560 256.082018 21.095023 159.878079 301.850957 182.704680 123.405835 42.154478 256.719691 254.656632 196.977156 251.286689 229.316375 134.766465 284.971928 32.388269 274.235300 130.751673 205.104851 157.457931 144.222051 316.848544 250.319795 241.132744 196.022958 245.415973 108.041659 196.061215 312.347563 137.876757 172.154001 153.844077 118.067777 178.002809 255.360529 155.241747 181.648011 180.188790 156.160174 303.461694 346.493867 178.891028 177.721693 108.466585 203.482186 136.124943 280.242752 223.912930 86.452299 91.923882 106.169676 
Type de surveillance de chaque endroit(target):tab[nombre de target]
a a a a a a a a a a a a a a a a a a a a a a a a a a a a a a a a a a a a a a a a a a a a a a a a a a a a a a a a a a a a a a a a a a a a a a a a a a a a a a a a a a a a a a a a a a a a a a a a a a a a 