Nombre des capteurs:
50
Nombre des targets:
70
Nombre de type de surveillance:
1

Caracteristiques:
186.000000 3.000000 4.000000 a 399.440859 399.752423 299.252402 354.682957 522.598316 225.610283 417.258912 330.552568 239.827021 528.985822 411.491191 531.896606 108.664622 351.870715 474.236228 209.773688 150.416090 249.040157 273.514168 384.398231 322.099364 236.033896 333.588069 498.092361 375.708664 248.453215 405.838638 274.116763 29.154759 496.847059 390.417725 116.077560 297.605443 393.753730 501.662237 473.972573 349.692722 444.203782 355.844067 227.793766 286.174772 484.235480 354.498237 176.255496 339.754323 351.461235 488.439351 488.758632 393.264542 505.395884 309.027507 241.406297 415.784800 44.045431 117.902502 96.519428 406.276999 201.558924 441.601630 347.230471 210.342578 182.002747 411.121637 318.863607 79.120162 397.146069 272.970694 161.805439 10.198039 405.602022 
183.000000 2.000000 2.000000 a 276.741757 279.715927 243.600082 281.753438 382.099463 105.475116 284.622557 196.061215 100.319490 386.068647 278.280434 388.387693 114.214710 209.480309 342.614944 161.443489 76.026311 106.508216 219.592805 283.444880 238.849325 170.238069 191.384430 354.701283 252.039679 170.815690 265.137700 134.658828 127.314571 358.675341 258.520792 147.122398 156.780101 289.774050 358.898314 330.492057 207.002415 317.716855 217.375252 149.495819 143.055933 341.621135 235.172277 109.713263 203.769478 208.806130 346.459233 345.253530 264.775376 363.001377 179.446371 163.981706 277.272429 115.104301 76.118329 52.392748 275.771645 131.137333 300.121642 205.548048 157.724443 53.235327 293.288254 204.198433 126.495059 265.932322 188.366664 92.455395 135.148067 265.559786 
158.000000 2.000000 4.000000 a 196.308431 208.000000 345.418587 325.591769 129.988461 234.797785 126.589889 139.445330 202.566039 98.386991 122.576507 99.859902 374.157721 95.210294 171.493440 335.524962 310.394910 188.215302 340.599472 273.941600 305.722096 323.595426 111.789982 64.202804 171.268795 293.293368 63.788714 173.072239 416.019230 134.331679 131.041978 402.681015 142.888068 266.923210 73.681748 45.607017 87.664132 189.401690 106.212052 303.169919 150.658554 59.682493 206.167408 312.160215 141.226768 93.300589 87.298339 58.180753 168.074388 81.024688 167.904735 304.960653 83.192548 402.196469 342.001462 339.555592 158.344561 314.331036 72.180330 104.292857 329.511760 258.644544 220.084075 208.153789 400.622016 134.406101 281.007117 311.700176 425.913137 70.604532 
164.000000 4.000000 1.000000 a 204.919496 214.170493 487.923150 465.842248 31.780497 370.946088 258.131749 281.712620 310.203159 123.405835 255.988281 71.028163 504.528493 199.288735 126.668860 475.615391 441.780488 302.049665 483.140766 281.902465 340.242561 389.549740 217.204972 109.786156 310.009677 435.049422 204.009804 276.016304 535.840461 69.641941 268.985130 534.887839 277.650860 270.445928 131.946959 98.005102 224.178500 167.529102 248.696602 375.373148 266.340008 140.730238 240.607564 448.201963 214.979069 200.324736 62.609903 89.677199 188.743212 140.470638 309.898370 371.682660 218.215490 523.454869 444.504218 460.257537 172.661519 394.062178 108.466585 203.027092 469.554044 386.393582 217.366051 350.629434 527.944126 270.780354 423.457200 445.486251 540.800333 210.085697 
285.000000 3.000000 4.000000 a 424.905872 433.601199 54.405882 34.058773 431.115994 152.800524 194.054116 169.047331 269.453150 352.638625 193.569109 386.970283 220.327030 292.856620 448.646854 120.353646 187.320581 252.960471 67.955868 471.052014 453.964756 407.332788 285.938805 341.900570 135.959553 81.394103 239.000000 281.204552 299.015050 429.577700 176.255496 225.534920 201.695315 471.815642 328.635056 345.013043 235.314683 446.413485 198.436388 383.418831 254.636997 313.107010 401.363925 154.434452 331.941260 288.979238 388.161049 354.114388 399.881232 325.356727 146.184815 395.824456 226.973567 284.007042 323.154762 253.810953 401.403787 371.981182 359.738794 298.464403 118.608600 199.210943 449.244922 95.801879 252.958495 176.400113 60.539243 171.642069 326.153338 233.034332 
219.000000 2.000000 4.000000 a 199.007538 204.364870 265.452444 284.964910 289.872386 102.396289 220.227155 135.830777 18.601075 299.260756 213.283848 297.759970 196.002551 117.200683 255.548430 205.080472 139.176147 14.212670 246.611030 225.842866 202.940878 166.087326 99.045444 266.204808 204.024508 190.031576 185.946229 45.398238 219.665655 267.346217 197.040605 228.475382 85.005882 228.868958 272.737969 239.760297 123.693169 235.172277 145.993151 141.396605 51.662365 256.048823 163.487003 159.665275 115.741090 116.661905 254.125953 254.656632 182.043951 277.848880 131.867358 151.287805 202.529010 207.347534 141.322327 144.253250 190.850727 138.755180 207.771509 113.207774 199.612124 82.024387 219.317122 175.513532 214.888343 205.060967 196.814634 149.164339 225.966812 187.925517 
194.000000 8.000000 2.000000 a 480.453952 490.388621 136.312142 74.464757 451.807481 239.635139 199.449242 217.278623 346.459233 348.896833 202.410474 392.460189 318.127333 343.208392 488.431162 217.517815 284.270997 327.832274 158.685223 536.731777 529.479934 491.956299 340.966274 348.558460 156.185787 178.907797 261.090023 351.216457 397.000000 458.495365 193.940713 321.753011 263.077935 535.620201 329.815100 362.360318 280.178515 494.078941 237.153958 467.492246 320.600998 317.623992 464.172382 252.144800 390.041023 339.013274 410.468026 367.926623 453.206355 323.790055 204.452929 478.831912 241.598841 382.032721 417.041964 350.663657 451.575021 458.843110 392.036988 350.827593 216.187419 289.799931 505.715335 154.457114 350.515335 189.973682 156.179384 269.031597 424.199246 254.031494 
252.000000 8.000000 1.000000 a 202.871881 199.484335 390.824769 422.733959 360.034721 236.381048 367.147109 286.141573 137.116739 414.914449 360.090266 397.756207 251.602862 222.892351 287.367361 311.295679 225.842866 157.508730 367.763511 169.097605 104.019229 20.591260 207.299301 378.216869 355.078864 315.868644 322.684056 152.118375 222.193609 326.259099 345.684828 281.726818 234.104677 179.627392 391.618437 343.351132 260.155723 249.881972 291.830430 15.811388 184.043473 377.385744 158.041134 259.557315 182.156526 225.088871 337.379608 357.850527 207.241405 398.994987 282.846248 24.351591 343.093282 219.317122 104.923782 179.922205 222.928240 19.235384 291.650476 213.740497 307.434546 191.167466 207.347534 324.077151 250.000000 353.747085 329.819648 242.390181 208.038458 326.344910 
218.000000 1.000000 1.000000 a 507.930113 518.046330 161.623018 101.242284 472.217111 271.016605 220.238507 245.489307 377.196235 364.027471 223.886132 409.565624 347.012968 370.449727 512.884002 246.018292 314.841230 358.414564 185.310550 565.713709 559.801751 523.146251 368.972899 366.477830 181.705806 209.162616 283.980633 381.221720 426.168981 480.767095 217.568380 349.290710 292.487607 564.315515 346.561683 382.753184 307.058626 520.074033 263.600076 498.658200 350.237063 335.431066 492.878281 282.304800 418.273834 366.230802 431.570388 387.408054 480.392548 339.889688 234.068366 509.918621 263.281218 411.351431 448.264431 381.295161 478.206023 490.159158 415.502106 378.350367 245.018367 321.161953 533.273851 184.835062 379.064638 212.896689 186.903719 299.401069 453.689321 276.826661 
278.000000 5.000000 3.000000 a 203.553433 207.038644 282.072686 307.546744 312.947280 121.016528 255.440795 170.293864 31.240999 331.507164 248.515593 327.140643 186.217615 144.312162 269.118933 212.903734 136.894120 46.818800 261.222128 217.267117 183.806964 135.959553 125.936492 297.598723 237.394187 206.014563 220.784963 64.660653 197.668915 287.513478 232.002155 219.228192 120.149906 222.173356 305.378454 269.267525 158.145503 244.000000 181.339461 111.413644 83.240615 289.000000 163.150238 163.624570 131.095385 144.499135 279.517441 284.253408 191.023559 310.885831 164.222410 122.873919 237.756178 186.850207 108.452755 125.574679 202.074244 105.513032 232.398365 138.657852 207.954322 85.428333 221.020361 204.707108 200.242353 240.000000 216.393161 150.000000 200.302272 222.948425 
235.000000 4.000000 4.000000 a 383.676947 383.631333 308.501216 362.327200 510.617274 224.216413 414.468334 326.915891 228.547588 521.464284 408.511934 522.575353 118.139748 341.320963 459.735794 218.160491 152.453272 239.018828 282.603963 366.460093 303.323260 217.009216 322.964394 489.837728 375.065328 254.031494 399.944996 262.528094 41.340053 483.993802 387.764104 129.865315 291.496141 376.017287 494.313666 464.582608 342.414953 428.851956 350.910245 209.497017 276.479656 477.037734 338.496676 181.011049 326.741488 341.118748 477.325884 479.451770 378.428329 498.401445 306.615394 222.899080 410.942818 52.810984 101.192885 92.849340 391.760131 183.207533 430.261548 336.243959 218.213199 178.000000 394.684684 319.682655 91.678787 394.707487 278.028775 165.366260 12.041595 400.049997 
109.000000 4.000000 4.000000 a 364.954792 376.463810 278.792037 232.019396 281.641616 259.617026 74.027022 161.276161 305.014754 160.440020 81.006173 209.468375 394.275285 238.537209 342.982507 315.990506 336.752134 285.001754 287.417814 438.320659 457.170646 452.244403 246.840029 170.073514 110.788086 264.915081 127.389168 289.884460 459.918471 298.760774 98.310732 413.058107 209.289273 432.930710 147.166572 195.849432 183.564702 361.875669 149.083869 428.514877 257.031127 140.132081 366.349560 319.907799 292.369629 234.695547 245.601303 196.086716 336.154726 138.924440 177.417587 434.883893 103.121288 444.212787 426.820805 390.800461 328.420462 431.115994 244.321509 248.620192 311.295679 306.757233 389.666524 171.711968 426.929737 90.609050 241.867732 329.074460 479.475755 121.490740 
255.000000 9.000000 5.000000 a 278.741816 288.294988 190.168346 180.499307 284.142570 98.183502 94.366308 18.027756 154.638288 228.844926 88.684835 251.718096 239.507829 143.125819 297.321375 182.035711 178.002809 134.406101 183.787921 333.757397 330.720426 305.555232 138.697513 208.355465 64.132675 136.970800 101.237345 151.604749 298.800937 279.508497 67.542579 263.138747 61.294372 332.532705 201.764714 202.410474 83.934498 296.568710 50.803543 280.930596 119.281180 184.260685 261.084278 168.505193 187.256509 139.086304 241.207380 213.693706 252.287534 201.853908 14.212670 290.001724 100.603181 283.323137 263.827595 227.437904 252.295462 278.485188 209.380037 149.723078 176.204427 142.677959 303.771296 55.659680 270.495841 74.464757 124.036285 173.484870 316.689122 97.493590 
206.000000 7.000000 3.000000 a 128.140548 139.359248 416.558519 404.085387 69.641941 284.177761 213.700725 208.753443 213.283848 143.377125 209.251045 107.912001 412.059462 105.109467 84.148678 392.328944 350.408333 206.305599 408.148257 209.239098 256.719691 296.514755 122.155638 108.521887 253.870045 356.202190 148.485690 178.921771 439.587306 53.009433 215.260308 443.243725 192.379833 199.812412 131.673839 70.007142 144.124946 107.935166 178.868667 280.743655 171.898226 127.534309 153.805071 360.173569 117.592517 106.892469 41.231056 78.854296 104.479663 141.873183 234.616709 278.237309 170.135240 427.571047 346.831371 364.539435 90.022219 298.202951 17.464249 107.331263 386.249919 293.789040 147.959454 281.618536 433.941240 219.585974 348.206835 355.643080 443.717252 155.653461 
272.000000 5.000000 5.000000 a 304.105245 308.585482 195.000000 234.138848 389.997436 68.680419 259.383885 172.887246 121.004132 376.968168 253.602050 385.840641 90.824006 216.157350 362.006906 114.201576 33.376639 118.869677 171.058470 320.600998 281.824413 217.497126 199.323857 348.518292 219.640616 122.588743 250.798724 152.069063 134.525091 370.623798 232.561820 122.527548 144.422990 325.725344 349.356551 328.951364 198.977386 341.646016 199.444228 195.849432 149.602807 331.651926 265.699078 62.681736 222.315092 214.555354 351.511024 343.176340 288.444102 352.164734 151.211772 210.000000 259.017374 119.402680 121.490740 62.936476 297.516386 178.910592 307.143289 214.448129 110.113578 27.784888 323.047984 166.207701 114.546934 239.353295 141.152400 47.010637 151.700363 249.927990 
227.000000 9.000000 4.000000 a 118.338498 127.581347 335.524962 338.309030 187.216452 183.534738 199.489348 146.102704 95.718337 220.410980 192.753729 206.700266 299.040131 30.066593 155.206314 293.492760 239.653917 90.476516 321.846237 176.400113 189.907872 199.842438 22.671568 183.872238 212.513529 265.962403 140.684043 61.294372 322.262316 163.370744 186.142419 331.096663 105.118980 173.657709 197.185192 150.296374 88.204308 142.414887 131.400152 179.535512 61.032778 183.371208 102.800778 254.568262 26.907248 33.376639 154.207652 165.124196 93.230896 204.782812 162.077142 181.218101 164.468842 310.536632 230.555850 247.759964 96.540147 191.846293 106.887792 20.000000 287.563906 182.010989 143.122325 214.226516 318.849494 193.458006 264.393646 247.212459 326.075145 146.164291 
209.000000 7.000000 1.000000 a 276.421779 275.118156 340.939877 382.382008 417.915063 205.922315 372.388238 284.803441 150.376195 450.530798 365.629594 442.468078 177.628826 259.624729 356.679128 254.017716 168.359734 167.370846 315.990506 253.396922 190.042101 104.307238 241.679540 415.769167 347.005764 270.601183 341.211078 179.387848 137.295302 387.671252 347.669383 204.787695 237.892833 263.245133 424.858800 385.240185 278.691586 322.758424 299.908319 96.176920 203.273215 408.788454 230.783448 203.867604 232.690782 260.547500 389.179907 400.216192 274.854507 430.712201 273.045784 109.457754 357.576565 136.014705 27.802878 108.903627 289.352726 69.871310 341.883021 252.414342 251.340407 154.029218 285.077183 303.516062 170.000000 355.489803 289.318164 185.550532 122.016392 343.198193 
284.000000 8.000000 1.000000 a 424.340665 428.914910 147.030609 206.518764 499.432678 150.233152 324.692162 252.121003 241.132744 466.012875 320.663375 483.888417 53.907328 328.220962 479.718668 66.640828 87.091905 237.303603 122.409150 439.076303 395.021518 321.711050 312.808248 442.712096 271.228686 116.811814 337.397392 271.149405 127.812362 483.674477 298.804284 42.047592 243.460469 444.792086 438.630824 429.697568 297.934557 461.156156 284.522407 303.275452 264.200681 420.925171 385.975388 72.801099 340.777053 325.983128 458.864904 442.882603 408.060045 439.323343 224.142812 318.070747 338.421335 115.870618 203.403540 122.319254 416.529711 281.886502 417.164236 328.105166 70.327804 144.086779 443.383581 209.609160 77.162167 303.488056 141.523850 77.646635 157.664200 334.498132 
154.000000 8.000000 1.000000 a 111.018017 118.473626 341.153924 348.668897 206.651881 183.635509 222.649949 162.274459 80.653580 247.329739 215.779981 231.948270 288.683217 57.035077 162.806634 292.330293 231.864184 81.098705 325.729949 158.417171 165.075740 172.586210 45.354162 210.622886 231.008658 269.118933 166.111408 47.518417 305.895407 179.568928 207.537948 321.278695 116.038787 157.289542 224.350173 176.283862 110.168053 143.055933 151.818971 152.486065 62.241465 210.641876 85.912746 250.199920 23.086793 60.008333 176.479461 190.979056 90.448881 232.019396 174.642492 153.951291 189.422807 294.961014 208.942576 233.053642 98.127468 165.529454 129.189783 47.169906 286.555405 174.347354 134.078335 226.459709 306.218876 215.111599 270.098130 241.074677 307.717403 171.268795 
120.000000 4.000000 3.000000 a 239.098306 246.400081 213.805987 227.466481 295.989865 57.035077 172.696265 84.344532 77.420927 277.893865 166.138496 286.818758 187.448660 125.299641 281.028468 167.074834 123.943536 59.413803 197.699267 277.908258 261.428767 225.461748 111.112556 249.160591 147.763324 141.039002 153.218798 87.982953 231.795168 280.446073 147.312593 216.898594 45.276926 279.372511 250.331780 230.341051 99.639350 268.466013 104.201727 200.771014 66.490601 232.690782 210.190390 131.244047 147.512711 122.808794 255.890602 244.364482 217.366051 253.464001 73.979727 211.101871 164.176734 217.276322 181.218101 156.208194 222.611770 196.022958 213.600094 126.253713 161.111762 72.138755 261.946559 115.485930 213.600094 155.029030 143.178211 127.224212 245.203997 153.101274 
221.000000 3.000000 1.000000 a 120.016666 119.854078 376.384112 395.500948 268.212602 213.328385 298.375602 227.635674 92.617493 326.455204 291.358885 306.615394 280.030355 138.130373 200.062490 311.207326 235.053185 108.894444 356.910353 118.680243 93.813645 93.300589 125.195847 289.359638 298.291803 300.665928 245.601303 85.586214 275.544915 235.104232 280.515597 312.846608 176.005682 124.149104 304.384625 253.308113 186.343768 165.945774 224.521714 76.321688 118.511603 291.192376 74.672619 262.291822 91.760558 141.031911 245.348731 267.540651 118.406081 312.358768 232.699377 74.672619 268.152941 268.001866 162.689889 213.037555 133.416641 95.482983 199.922485 128.249756 306.132324 183.847763 131.468627 281.277443 289.110705 288.405964 308.025973 248.583990 269.764712 250.319795 
179.000000 9.000000 2.000000 a 90.785461 101.138519 367.326830 368.061136 161.616831 216.520207 216.614866 173.066461 124.482931 213.234613 210.237960 192.106741 330.588869 46.754679 122.331517 326.496554 271.919106 121.753850 354.153921 157.889202 183.534738 207.867746 51.264022 175.934647 236.381048 298.492881 153.394915 90.249654 350.663657 134.461891 206.526027 362.856721 136.014705 153.169840 192.665513 139.014388 110.390217 110.163515 154.207652 190.118384 94.005319 181.011049 86.034877 287.445647 24.207437 50.990195 133.003759 153.075145 63.513778 201.300770 191.407941 189.256440 178.011236 339.477540 253.917309 277.194877 64.513564 205.973299 86.284413 39.115214 320.563566 214.219514 116.180893 243.353652 349.463875 213.335417 296.287023 279.835666 352.881000 159.705980 
245.000000 8.000000 1.000000 a 62.625873 73.817342 398.934832 399.410816 148.054044 247.267062 242.243679 203.744939 149.452334 220.111335 236.135554 191.846293 357.531817 76.850504 93.941471 357.099426 300.166620 149.345238 385.648804 136.926988 173.738309 211.255769 82.873397 183.010929 265.548489 329.875734 177.228666 116.297033 373.343006 116.103402 234.079046 390.083324 167.630546 130.387883 202.484567 144.170038 139.807010 78.587531 183.357574 196.379734 124.326184 193.041446 71.007042 317.056777 45.891176 80.993827 126.846364 156.818366 33.970576 211.853723 222.748737 193.126901 201.910871 362.856721 271.576877 301.424949 32.893768 215.232433 84.528102 70.213959 351.199374 242.507732 87.965902 274.592425 375.000000 240.565999 327.881076 308.784715 373.664288 183.918460 
122.000000 7.000000 4.000000 a 264.660159 275.670093 252.871509 228.875512 227.035240 171.405951 41.629317 63.031738 193.372697 154.304893 34.885527 182.016483 314.006369 130.510536 261.021072 256.517056 251.549200 173.738309 251.033862 332.737133 346.023121 339.328749 136.165341 137.317151 73.979727 209.468375 33.541020 176.918060 369.737745 230.540669 34.438351 338.422812 100.424101 328.660919 127.769323 139.291062 71.168813 270.542048 38.327536 315.699224 144.222051 110.724884 259.493738 243.938517 183.883115 126.400158 184.545387 148.030402 236.027541 127.015747 89.498603 321.908372 25.000000 354.564522 321.161953 296.006757 231.224999 319.039183 163.719272 140.160622 250.798724 210.430511 290.036205 116.661905 344.308002 39.408121 193.217494 248.195487 385.538584 27.073973 
278.000000 8.000000 1.000000 a 226.338242 237.760384 299.132078 277.848880 177.766701 199.248588 82.006097 96.566040 190.685605 120.507261 77.103826 138.513537 341.397129 101.788997 214.149481 294.538622 277.713882 173.254149 295.435272 299.282475 321.278695 326.496554 113.159180 95.707889 123.454445 250.193925 16.155494 166.721324 389.740940 181.298097 83.486526 368.274354 112.698713 293.846899 92.849340 91.049437 62.169124 226.982378 63.158531 304.200592 137.927517 75.073298 227.668619 275.495916 154.987096 98.310732 135.148067 101.118742 197.496835 95.524866 125.355494 308.274229 38.897301 375.217270 327.012232 313.949040 190.601679 311.541330 115.602768 111.986606 288.617394 229.941297 251.286689 161.895028 369.718812 87.321246 236.349318 277.028879 402.412723 23.259407 
297.000000 4.000000 2.000000 a 458.978213 469.527422 179.738699 119.037809 412.801405 249.098374 162.496154 201.457191 343.087452 302.165518 166.868211 348.281495 348.037354 321.740579 457.919207 250.577333 306.080055 323.340378 198.635344 521.110353 521.415381 492.692602 322.386414 305.643583 132.548104 205.506691 228.019736 342.312723 424.951762 423.075643 163.670401 356.089876 251.962299 518.713794 285.224473 323.542887 258.118190 467.748864 214.282524 468.000000 309.854805 274.608813 447.639364 277.221933 371.963708 317.498031 372.839107 327.482824 430.837556 278.325349 195.897933 478.126552 206.021844 409.480158 430.405623 371.066032 427.369863 462.398097 359.469053 330.310460 248.116908 301.179349 484.430594 153.075145 381.295161 158.003165 180.601772 292.494444 450.521920 220.809873 
211.000000 4.000000 2.000000 a 158.685223 168.107109 297.674319 298.318622 203.393707 151.400132 164.137138 105.550936 90.426766 210.380607 157.203690 206.552657 277.319311 30.413813 187.771137 261.122577 215.390343 77.103826 285.159604 215.870331 223.432316 221.110832 18.788294 176.119278 172.733899 230.097805 111.072049 61.983869 309.612661 185.809042 148.485690 308.292069 66.098411 213.663287 184.707877 148.553021 51.546096 179.936100 92.784697 198.645413 39.623226 168.860889 142.425419 225.938045 67.268120 28.160256 165.218038 163.465593 132.834483 190.790461 121.803120 203.009852 133.090195 296.664794 229.923900 233.430932 134.480482 206.320140 120.540450 32.388269 255.096060 159.012578 183.611002 173.908022 300.176615 156.080108 226.770809 220.755521 317.039430 115.433964 
175.000000 9.000000 5.000000 a 340.800528 349.482475 118.270876 116.498927 356.113746 83.952367 142.411376 90.005555 189.760375 293.615395 139.230025 320.876923 199.489348 209.659247 366.715148 121.264174 146.986394 172.002907 112.294256 387.837595 374.037431 333.928136 202.081667 276.644176 87.000000 71.281134 169.779268 198.494332 270.203627 351.199374 117.991525 216.614866 117.630778 388.270524 267.441582 273.514168 154.573607 362.944899 122.331517 309.467284 170.891779 250.503493 317.573614 124.811858 247.824535 205.876176 313.159704 284.255167 315.900301 266.159726 63.953108 320.881598 163.783394 254.401258 265.188612 208.959326 317.724724 301.094669 281.026689 214.888343 116.103402 135.959553 365.126006 25.495098 232.723011 121.494856 53.450912 136.297469 293.073370 164.975756 
144.000000 8.000000 5.000000 a 150.416090 138.751577 554.979279 572.197518 310.272461 391.900498 447.447204 392.439804 271.007380 420.214231 440.922896 381.344988 445.737591 275.610232 213.396345 488.373832 408.770107 286.015734 535.510971 73.430239 97.293371 181.223619 271.906234 384.783056 461.069409 479.296359 384.662189 257.856549 422.094776 272.090059 435.440007 477.330074 344.483672 79.120162 406.773893 345.583564 337.551478 174.025860 380.711177 192.675894 287.085353 399.592292 146.727639 438.360582 222.712820 279.737377 312.443595 355.624802 178.036513 416.688133 403.112887 178.058979 409.298180 418.896169 304.507800 374.723898 189.190380 217.807254 284.073934 266.062023 483.497673 360.955676 128.891427 453.982379 447.930798 442.661270 486.272557 423.500885 407.276319 391.000000 
159.000000 7.000000 3.000000 a 307.610143 317.516929 507.559849 473.469112 135.830777 419.147945 262.937255 316.205629 384.294158 104.694795 263.655078 88.459030 560.200857 271.447969 232.484408 513.904660 496.380902 372.110199 508.178118 386.337935 441.480464 483.504912 289.748167 125.095963 321.375170 467.713588 230.763949 352.018465 602.588583 174.269906 282.469467 587.983843 329.013678 375.202612 130.545011 146.454771 274.007299 272.767300 283.241946 467.004283 334.551939 147.732867 339.629210 495.807422 301.171048 271.060879 146.013698 131.552271 288.499567 132.196823 344.802842 465.123639 234.200769 588.891331 523.197859 526.103602 272.800293 483.140766 191.062817 278.028775 508.067909 445.407678 321.906819 374.209834 587.218017 281.186771 451.313638 496.743395 611.657584 234.401365 
232.000000 2.000000 5.000000 a 148.627050 156.169779 303.461694 311.751504 227.068272 146.509385 198.640379 129.799846 56.639209 247.315588 191.603758 239.885389 257.963176 56.727418 195.133288 255.765518 198.927122 49.396356 288.085057 193.414064 191.407941 183.000000 38.418745 212.228650 199.969998 231.521057 149.030198 24.186773 282.171933 204.313485 180.612846 290.077576 80.622577 193.217494 222.171105 182.200439 87.464278 178.907797 124.595345 160.252925 24.596748 206.700266 122.319254 215.037206 57.428216 57.201399 192.255039 197.200406 127.098387 228.600087 139.301831 165.075740 170.293864 270.149958 195.064092 207.183494 133.304163 167.693172 145.426958 51.088159 249.929990 141.230308 171.773106 190.591186 277.800288 188.488726 232.417727 206.968597 287.062711 153.029409 
140.000000 9.000000 2.000000 a 177.282261 181.002762 299.686503 321.104344 289.006920 136.821051 250.241883 168.881615 19.924859 314.429642 243.205674 307.001629 212.461761 123.810339 242.866218 234.718981 161.644672 40.261644 279.946423 194.427364 166.973052 131.041978 105.683490 279.578254 238.321212 223.832527 209.659247 43.266615 223.289050 262.573799 228.372503 245.458754 116.726175 198.600101 288.958475 249.467433 146.509385 217.524711 175.045708 106.480045 69.426220 273.130006 137.524543 186.681547 105.588825 124.535136 256.797586 264.463608 164.550904 295.061011 167.314076 115.520561 228.484135 212.809774 128.222463 151.921032 175.684376 107.004673 209.475536 117.153745 229.538668 107.856386 195.164034 211.985849 226.715681 236.433923 232.010776 173.979884 224.722051 212.577045 
177.000000 6.000000 1.000000 a 365.164347 373.250586 87.555697 101.044545 389.621611 85.802098 176.954796 123.583980 203.383874 329.077498 174.071824 356.089876 175.208447 237.976890 396.164107 88.526832 130.003846 187.608635 78.102497 407.155990 387.620949 340.390952 228.729097 311.964742 120.104121 37.483330 204.970730 217.204972 249.903982 383.334058 153.075145 188.732615 144.100659 408.533964 302.907577 308.084404 186.217615 390.032050 156.553505 316.436408 192.753729 285.954542 338.881985 101.980390 272.237029 234.394966 346.763608 319.081494 341.410310 301.617307 96.020831 328.817579 199.251098 234.269076 259.763354 195.432853 344.396574 305.286750 313.193231 242.332416 83.868945 133.330417 388.892016 60.033324 208.734281 156.246600 18.248288 116.520384 274.754436 200.282301 
131.000000 7.000000 3.000000 a 212.708721 219.535874 241.962807 256.534598 282.179021 81.743501 187.864313 102.239914 49.648766 277.366184 181.000000 280.927037 198.539669 108.503456 259.433999 190.517716 136.970800 30.610456 225.077764 249.110417 232.658548 199.864954 92.179173 246.174735 170.073514 168.240899 158.344561 59.481089 233.692105 263.600076 164.048773 229.651911 52.773099 250.798724 250.225898 223.329353 98.473347 244.182309 114.756263 175.191324 43.289722 233.002146 182.156526 150.332964 122.690668 106.775465 243.772435 237.892833 192.200416 254.466108 98.081599 184.772834 172.976877 220.095434 168.573426 157.206870 198.567369 172.626765 199.323857 107.447662 184.699756 80.230917 234.982978 143.122325 221.652882 172.026161 171.677022 143.377125 243.741667 159.539964 
214.000000 4.000000 1.000000 a 206.344372 206.526027 328.866234 359.806893 342.286430 173.415686 313.039934 228.875512 82.607506 378.001323 306.058818 367.783904 202.032176 185.714835 283.543647 251.602862 167.725967 102.176318 306.243367 197.162370 147.122398 81.688432 168.154691 342.579918 296.249895 253.538952 274.565111 106.775465 189.391130 312.409987 290.139622 233.976495 178.044938 205.009756 352.953255 310.929252 211.419015 251.602862 238.302329 58.728187 134.391220 337.409247 161.276161 200.062490 157.003185 186.954540 313.576147 325.858865 201.836568 359.324366 223.008968 72.622311 293.025596 182.617086 76.485293 131.685231 215.745220 47.169906 266.317480 178.016853 247.420694 128.817701 218.050453 262.291822 206.700266 298.167738 267.001873 183.619171 183.098334 277.362579 
241.000000 3.000000 1.000000 a 351.710108 358.520571 109.713263 144.585615 400.092489 57.280014 213.550931 142.667445 176.663522 356.237280 209.423017 377.000000 124.084649 236.000000 393.615294 56.515485 77.058419 164.711870 88.752465 384.157520 356.400056 301.126219 223.378602 334.623669 161.400124 34.058773 228.122774 197.648678 197.101497 388.764710 187.544661 141.240929 143.784561 387.072345 329.074460 324.766070 195.028203 381.903129 175.801024 278.044960 179.869397 311.494783 320.224921 49.648766 260.837114 233.019313 358.156390 337.215065 330.653898 329.277998 114.127122 291.341724 227.705951 181.408379 210.950231 143.013985 336.047616 264.092787 319.770230 238.209991 50.447993 90.686272 373.935823 100.124922 157.470632 192.338244 51.923020 63.387696 221.650626 224.757647 
202.000000 5.000000 4.000000 a 82.758685 93.380940 376.523572 377.022546 156.310588 225.641308 223.322637 181.694799 132.034087 213.841062 217.036863 190.546582 338.824438 55.000000 113.534136 335.596484 280.472815 130.049990 363.373087 152.118375 181.069048 209.308385 60.406953 176.504957 244.403355 307.709278 159.389460 98.030607 357.770876 127.863208 213.925221 371.171120 145.165423 146.860478 194.126248 138.852440 118.444080 100.960388 162.188162 192.353841 103.004854 183.133831 81.492331 296.330896 29.410882 59.203040 129.541499 152.554908 55.000000 203.009852 200.359677 190.790461 184.067922 346.770818 259.563094 284.692817 55.362442 209.121974 83.630138 47.885280 329.669532 222.766694 108.208133 252.253840 357.337376 220.619582 305.491407 288.563684 359.469053 165.846314 
251.000000 3.000000 2.000000 a 148.141824 136.473441 567.208075 582.279143 300.106648 404.223948 450.139978 398.968670 283.323137 414.566038 443.765704 373.776671 463.487864 279.016129 203.157574 502.871753 424.626895 297.321375 548.362107 78.517514 116.520384 202.002475 276.817629 379.859184 466.617616 491.863802 386.214966 267.800299 442.159473 262.373779 439.400728 495.367540 352.369125 80.603970 402.482298 340.929612 341.880096 165.746795 385.440008 212.143819 295.677189 396.243612 151.558570 453.401588 227.266364 283.210169 305.290026 350.222786 176.663522 412.536059 411.097312 197.732142 410.911183 438.525940 324.299245 392.867662 186.252517 237.682561 279.901768 269.803632 497.864439 375.406446 124.651514 462.481351 466.734400 446.425806 497.845358 438.985193 428.029205 392.746738 
162.000000 3.000000 3.000000 a 390.000000 389.637011 319.870286 374.038768 519.416981 236.222353 426.244062 338.576432 237.928561 532.113710 420.259444 532.587082 129.294238 350.907395 467.004283 229.682389 164.614702 248.937743 294.001701 370.482118 306.106191 219.447032 332.532705 500.252936 387.104637 266.007519 411.096096 271.707563 51.078371 492.319002 399.566015 139.531358 302.645007 380.295937 505.024752 474.587189 353.208154 435.488232 362.306500 213.234613 286.483856 487.800164 344.650548 193.041446 335.076111 350.796237 486.575791 489.483401 385.502270 509.219010 318.472919 226.274170 422.338727 63.788714 107.424392 104.752088 399.058893 186.935818 439.423486 345.635646 229.836899 189.694491 400.384815 331.820735 101.769347 406.539051 290.062062 177.476759 21.189620 411.285789 
134.000000 8.000000 3.000000 a 322.125752 333.430652 255.001961 216.910120 258.311827 213.358853 23.086793 111.323852 254.017716 154.116839 30.016662 196.010204 351.536627 191.449732 308.457452 279.780271 292.063349 234.002137 259.538051 392.983460 408.570679 401.529575 198.385987 152.190670 72.006944 229.314195 82.419658 239.286439 414.236647 269.786953 48.703183 372.343927 158.382449 388.278251 133.540256 169.162644 133.929086 323.241396 98.127468 377.719473 206.286209 121.202310 320.220237 278.028775 245.220309 187.459329 218.689277 173.011560 293.293368 128.035151 129.769026 384.266834 57.801384 398.650223 376.745272 343.502547 286.895451 380.131556 209.117192 201.357890 274.652508 258.683204 347.241991 133.056379 383.575286 41.629317 208.213832 285.686892 432.677709 75.716577 
129.000000 5.000000 1.000000 a 111.830228 121.659361 344.530115 345.706523 175.316856 194.208651 200.084982 151.604749 107.703296 212.360542 193.494186 196.725697 311.006431 28.178006 144.031247 304.236750 251.435877 102.528045 331.368375 174.186681 192.398025 207.125566 28.635642 175.513532 216.379297 275.757140 139.176147 73.246160 334.282814 151.287805 188.215302 343.017492 113.296072 170.601876 189.842040 140.943251 90.785461 132.966161 134.536240 187.523332 72.339477 176.638048 100.846418 265.911639 25.961510 32.249031 142.835570 155.640612 85.475143 197.772597 169.118302 188.451585 163.413586 322.591072 241.830519 259.832638 87.281155 200.870605 95.462034 18.601075 298.283422 193.829822 137.003650 221.162836 330.915397 195.304890 273.484917 258.804946 337.936385 145.031031 
189.000000 3.000000 2.000000 a 313.636733 318.912214 171.187032 208.971290 388.476512 49.929951 242.156974 157.892368 131.034347 366.836476 236.698120 378.957781 95.210294 215.935175 366.771046 94.413982 31.400637 125.035995 147.827602 335.596484 300.640982 239.718585 200.124961 340.036763 199.323857 97.754795 239.106671 159.113167 151.158857 371.356971 215.232433 123.891081 136.213068 339.977940 339.178419 322.987616 191.436674 349.012894 186.681547 217.414351 151.251446 321.386061 277.308492 45.354162 228.140308 213.883146 348.769265 336.823396 296.108088 341.320963 133.988806 231.248784 245.246814 135.532284 146.778745 84.717177 304.059205 201.734975 305.812034 215.415877 89.693924 33.526109 333.766385 143.753261 123.745707 221.652882 115.879247 35.355339 171.081852 237.587878 
151.000000 9.000000 1.000000 a 116.709040 128.319913 399.144084 389.281389 93.193347 263.058929 206.021844 192.418814 189.707670 155.157984 201.009950 125.419297 389.281389 82.565126 90.553851 371.845398 327.940543 182.945347 389.802514 197.144617 239.883305 275.601161 99.161484 118.608600 241.969006 337.005935 139.617334 155.331903 416.069706 73.164199 204.787695 420.630479 172.235304 188.663722 139.832042 79.309520 126.589889 105.209315 164.124952 259.140888 148.929514 132.815662 136.824705 338.529172 94.641429 84.646323 62.681736 91.021975 90.448881 149.682998 217.223387 257.186703 162.742127 404.108896 323.371304 341.115816 77.878110 275.974637 18.110770 84.172442 365.775888 271.088546 138.827231 265.635088 410.823563 209.773688 330.025757 333.546099 420.119031 146.823023 
101.000000 3.000000 5.000000 a 401.758634 407.152306 119.050409 175.000000 467.148799 117.153745 285.954542 215.081380 219.317122 428.920739 282.028367 448.322429 71.700767 298.117427 452.487569 30.265492 70.710678 212.762779 93.214806 422.839213 384.157520 316.311555 283.591255 406.532901 232.206804 78.294317 300.536188 246.894714 151.198545 453.118086 260.209531 75.584390 210.161842 427.603789 401.661549 394.974683 263.761256 436.371401 247.887071 295.974661 236.256217 384.022135 365.570787 43.185646 315.077768 295.601083 425.960092 407.848011 383.689979 402.057210 186.775266 310.473831 300.672579 137.116739 205.372832 124.807852 391.103567 276.812211 385.488002 298.827710 32.572995 121.597697 422.035544 170.590152 103.000000 264.764046 103.315052 55.713553 179.869397 297.378547 
144.000000 1.000000 5.000000 a 233.283090 244.806046 387.659645 360.088878 112.645462 291.293666 149.335193 189.475592 263.774525 39.623226 148.030402 47.265209 432.453466 154.353490 186.300832 387.485484 368.636678 249.609695 385.883402 313.958596 354.361397 379.947365 171.735261 2.828427 204.296353 342.527371 104.675690 233.692105 476.623541 134.182711 163.517583 460.123896 201.467119 305.290026 25.238859 37.656341 146.754898 214.888343 156.169779 360.513523 212.037732 29.732137 252.001984 368.046193 195.256242 152.947703 80.603970 29.681644 207.280004 35.510562 218.233820 361.265830 112.751940 462.622957 403.267901 400.224937 194.486503 373.065678 99.297533 162.692962 381.580922 318.347295 254.466108 251.543237 459.778207 164.076202 327.604945 368.880740 487.015400 109.201648 
151.000000 9.000000 2.000000 a 320.031248 325.412046 164.295466 202.871881 392.787474 50.328918 241.900806 158.700977 137.673527 368.897005 236.579796 381.938477 92.956979 220.707952 372.377497 87.235314 29.832868 131.186890 140.801278 342.597431 307.845741 246.805592 205.138977 342.603269 197.772597 91.301698 240.831892 165.302753 152.200526 376.172833 214.981395 120.569482 139.291062 346.913534 341.247711 326.259099 194.494216 355.069007 188.175450 224.555116 156.553505 323.445513 283.985915 38.639358 234.034186 218.563492 352.822902 339.979411 302.238317 343.185081 134.033578 238.411409 246.272207 136.473441 152.643375 88.141931 310.006452 208.741467 310.227336 220.435932 82.492424 40.496913 340.311622 141.155942 122.576507 221.237429 110.054532 30.364453 173.080906 239.106671 
104.000000 7.000000 2.000000 a 226.920691 237.065392 466.744041 441.001134 59.033889 359.346629 230.627405 263.910970 310.517310 87.132084 229.218237 36.055513 496.759499 197.496835 155.389832 460.743964 433.290895 300.128306 463.672298 306.365794 360.302651 402.951610 215.863383 79.511006 285.028069 417.929420 182.013736 277.189466 533.254161 96.130120 244.073759 526.117858 266.542680 295.526649 99.040396 79.849859 211.624668 194.064422 230.419183 386.988372 263.153947 110.317723 258.358278 436.811172 222.182358 197.739728 65.368188 67.446275 207.280004 106.625513 292.588448 384.662189 193.093242 520.201884 447.947542 457.001094 191.637679 403.886123 111.830228 202.940878 454.737287 379.585300 242.192073 329.812068 521.844805 245.008163 404.604745 435.588108 540.268452 187.416648 
196.000000 2.000000 1.000000 a 104.048066 94.556861 476.488195 494.171023 277.200289 313.408679 377.955024 317.616120 192.520129 370.066210 371.214224 337.616647 372.055103 206.693009 186.131674 410.589820 332.174653 207.711338 457.078768 35.227830 37.802116 121.165177 200.369658 333.216146 387.200207 400.821656 317.770357 180.313616 355.005634 239.098306 363.940929 404.209104 268.365423 47.634021 353.111880 294.083322 266.176633 144.027775 308.369908 125.574679 210.535033 343.576775 80.411442 360.966757 152.846328 210.618138 269.284236 306.006536 125.323581 362.505172 326.712412 112.294256 342.052628 350.241345 237.052737 302.001656 140.035710 151.845316 233.008584 196.697738 405.631606 283.114818 93.477270 377.037133 376.697491 371.429670 407.825943 346.508297 343.227330 323.669585 
243.000000 9.000000 5.000000 a 325.000000 331.725790 135.247921 164.984848 377.689026 30.594117 204.276773 126.605687 149.883288 340.308683 199.481829 358.265265 127.640119 211.236834 368.195600 80.056230 70.519501 137.786066 115.247560 357.326182 330.478441 277.366184 198.022726 316.840654 156.540730 59.203040 211.624668 170.762994 194.200927 365.038354 177.589414 149.913308 120.619236 360.180510 312.865786 304.726107 173.611636 355.675414 158.685223 253.917309 153.583853 295.133868 293.307006 55.226805 234.437625 208.405854 336.185960 317.630288 304.198948 313.765836 99.247166 266.917590 213.693706 178.392825 193.403723 132.242202 309.859646 241.101638 296.593999 213.000000 74.027022 67.742158 347.121016 98.030607 159.849930 183.218449 71.561163 61.911227 216.342321 208.904284 
180.000000 8.000000 1.000000 a 300.281535 311.464284 430.069762 393.801981 150.269757 353.638233 185.000000 247.032387 337.017804 36.359318 186.453748 68.308125 496.338594 228.868958 241.205307 442.326802 432.833686 322.051238 432.113411 381.379077 426.075111 454.400704 246.058936 72.111026 243.846263 394.533902 162.606888 307.694654 545.066968 183.109257 206.421898 522.404058 268.106322 371.841364 63.253458 108.673824 215.232433 275.573947 215.520301 435.129866 284.717404 80.721744 323.130005 428.600047 269.519944 227.343353 135.959553 95.524866 276.016304 60.207973 274.870879 435.721241 161.037263 530.648660 476.274081 469.045840 262.047706 447.725362 168.297356 237.320458 436.646310 385.451683 319.507433 299.282475 525.101895 204.266982 376.670944 431.375706 556.970376 164.805946 
Type de surveillance de chaque endroit(target):tab[nombre de target]
a a a a a a a a a a a a a a a a a a a a a a a a a a a a a a a a a a a a a a a a a a a a a a a a a a a a a a a a a a a a a a a a a a a a a a 