Nombre des capteurs:
20
Nombre des targets:
70
Nombre de type de surveillance:
1

Caracteristiques:
143.000000 7.000000 3.000000 a 396.812298 31.780497 386.544952 399.929994 390.117931 237.286746 375.213273 519.840360 289.705022 311.733861 159.113167 365.246492 256.158154 514.309245 482.958590 371.486204 256.867670 322.578673 177.538728 456.074555 467.209803 229.836899 85.211502 162.117242 363.093652 221.054292 406.109591 338.053250 392.378644 457.739009 280.919917 483.264938 559.046510 400.359838 442.557341 412.662089 114.109596 119.774789 292.494444 568.031689 479.525807 381.451176 544.206762 114.284732 497.756969 255.820249 136.058811 218.229237 440.028408 269.235956 335.886886 484.357306 72.897188 442.670306 207.460840 518.170821 198.363303 376.198086 306.574624 432.906456 124.169239 236.211769 467.778794 110.634533 107.298649 357.917588 617.353221 485.556382 504.575069 51.623638 
114.000000 5.000000 2.000000 a 134.316790 286.923335 383.189248 142.635900 145.344419 223.557599 303.427092 399.721153 6.324555 261.199158 174.568038 90.686272 67.067131 291.624759 353.510962 98.432718 29.427878 295.935804 115.849040 180.013888 238.398826 155.666310 210.038092 281.156540 153.310143 72.277244 294.183616 234.437625 135.092561 264.775376 228.659135 342.005848 321.726592 343.925864 218.009174 178.193715 172.122050 240.842272 257.841036 354.966196 432.733174 101.212647 337.440365 170.557908 378.191750 242.621104 151.489274 88.413800 225.157722 120.569482 85.094066 201.467119 215.027905 213.527516 201.228726 282.294173 104.484449 98.954535 26.172505 318.114759 171.397200 154.857999 227.407124 209.162616 178.044938 78.854296 410.728621 231.624696 376.299083 252.198335 
270.000000 9.000000 1.000000 a 144.419528 254.921557 273.056771 143.850617 129.402473 120.066648 196.290601 307.995130 115.108644 151.092687 111.946416 131.217377 160.099969 251.246891 263.058929 197.952014 92.973114 185.827877 96.834911 210.059515 202.800394 56.515485 179.471446 201.486972 98.600203 75.802375 195.002564 128.891427 137.186005 201.375272 118.848643 255.440795 294.608214 236.239285 178.218966 148.529458 177.200451 178.664490 148.054044 308.183387 326.098145 153.160047 285.804129 159.862441 285.476794 136.209398 165.846314 157.012738 176.867182 11.180340 88.955045 250.353750 192.408420 178.101095 106.962610 253.653307 160.514797 194.200927 108.208133 221.144749 190.538710 52.810984 203.420746 160.850863 179.136819 174.917123 360.471913 223.230822 286.400070 218.764714 
127.000000 1.000000 2.000000 a 287.360401 399.602302 108.041659 276.817629 254.566298 187.747170 49.040799 100.409163 345.110127 112.720894 279.894623 313.676585 397.573893 230.360587 80.006250 408.335646 329.674081 105.759160 314.636298 336.772921 227.975876 222.811580 351.353099 275.800653 210.240339 311.006431 53.150729 108.903627 276.898899 165.109055 146.996599 94.047860 279.515653 37.363083 217.267117 234.763711 383.443607 304.568547 131.518060 240.033331 94.578010 332.825780 216.390850 358.715765 81.400246 168.190368 381.035431 393.471727 200.551739 226.565664 277.272429 386.453102 368.730254 225.417391 220.735135 257.163372 394.248653 400.480961 330.296836 46.173586 403.635975 218.449079 250.265859 318.352006 381.844209 385.498379 262.611881 284.191837 93.295230 372.683512 
234.000000 7.000000 4.000000 a 312.750699 632.247578 393.410727 302.034766 295.575709 425.699424 318.097469 207.009662 440.156790 365.301246 489.326067 359.869421 507.673123 149.308406 207.624661 445.395330 449.177025 378.724174 488.439351 304.685083 202.474690 418.609603 564.335007 531.681296 297.607124 459.018518 267.988806 320.089050 308.765283 191.175312 382.205442 194.180329 133.093952 324.784544 223.163617 262.611881 568.862022 540.578394 385.253164 85.866175 330.054541 363.628932 106.018866 551.071683 214.347848 416.082924 556.486298 525.129508 218.490274 384.376118 356.029493 334.073345 579.390197 227.270764 446.995526 164.000000 536.455963 433.813324 416.635332 249.649755 581.123911 412.243860 216.314586 538.275952 570.818710 431.230797 31.240999 224.899978 199.572042 598.453006 
188.000000 7.000000 1.000000 a 60.901560 348.936957 376.350900 70.774289 79.630396 240.682363 285.043856 356.854312 72.180330 257.031127 220.081803 15.811388 138.130373 223.573254 310.934077 93.621579 95.770559 293.155249 173.979884 106.887792 170.880075 177.724506 270.647372 319.939057 106.892469 129.282636 263.427409 216.926255 63.906181 208.000000 231.449779 296.529931 249.435362 325.399754 153.394915 113.282832 241.660919 289.062277 259.615100 287.452605 409.316503 33.015148 272.124971 235.906761 336.899095 254.772447 222.272355 163.343197 163.688729 127.534309 38.948684 135.944842 278.469029 147.512711 228.063588 211.101871 179.401784 85.475143 48.836462 283.557754 243.731410 174.289988 156.780101 262.840256 246.856233 71.470274 343.423936 157.632484 332.453004 313.001597 
286.000000 7.000000 3.000000 a 371.285604 28.653098 330.287753 372.855200 360.489944 186.231039 322.490310 468.095076 278.028775 259.493738 120.307938 344.911583 257.344128 475.946426 432.677709 365.875662 243.018518 268.152941 157.457931 433.756844 431.270217 189.156020 62.289646 105.683490 328.274276 202.632673 356.005618 289.836161 365.625491 415.906239 230.601388 434.165867 522.738941 346.030345 406.590703 379.811795 118.532696 66.850580 239.770724 526.851972 423.851389 363.185903 502.412181 105.990566 446.305949 203.226475 139.086304 221.081433 402.377932 234.360833 310.942117 466.550104 62.393910 407.590481 159.176003 482.371226 202.743681 368.917335 291.439531 382.341470 137.058382 195.532606 434.246474 70.774289 110.923397 349.516809 574.325692 454.851624 453.789599 23.323808 
109.000000 7.000000 2.000000 a 317.370446 123.878973 403.971534 322.800248 317.590932 231.311478 365.470929 500.329891 196.308431 303.516062 135.369864 279.451248 152.738338 454.842830 458.363393 270.440382 167.943443 325.221463 109.836242 370.475370 403.897264 193.847879 81.859636 203.592731 301.537726 142.270868 383.641760 312.473999 315.000000 408.006127 267.320033 454.234521 494.292424 398.436946 380.064468 345.094190 30.675723 147.329563 288.001736 513.813196 485.807575 292.494444 492.001016 55.326305 477.545809 254.125953 42.520583 114.856432 381.167942 214.755675 258.031006 392.746738 69.065187 378.382082 196.367003 453.260411 94.762862 276.327704 216.453228 411.144743 20.248457 199.248588 399.741166 112.641023 32.140317 259.277843 566.805963 411.986650 481.368881 102.727796 
248.000000 5.000000 5.000000 a 358.912246 423.135912 75.690158 348.542680 326.156404 224.501670 101.592323 125.936492 409.092899 154.466825 320.451244 383.594838 457.411194 296.769271 131.213566 476.806040 390.570096 130.862523 364.496914 408.952320 298.739017 273.124514 386.011658 292.308057 280.800641 367.375829 125.159898 170.698565 348.397761 234.804174 191.588100 150.136604 343.739727 61.400326 289.006920 306.913669 426.339067 331.354795 168.026784 297.754933 30.016662 403.267901 276.052531 400.550871 118.000000 201.896013 427.029273 449.499722 272.200294 286.527486 345.742679 458.632751 403.435249 297.235597 259.433999 324.839961 448.037945 469.400682 395.941915 115.663304 448.071423 269.833282 321.479393 351.980113 423.680304 453.719076 311.000000 355.287208 133.003759 400.730583 
108.000000 3.000000 4.000000 a 131.213566 263.007604 292.071909 132.003788 119.920807 139.606590 213.138453 319.626344 96.041658 170.038231 123.166554 113.771701 144.533733 249.777901 274.142299 178.103902 76.485293 205.060967 96.938125 195.829007 199.584569 74.672619 186.043006 217.680959 96.332757 67.230945 208.614477 144.806768 124.907966 204.553172 138.408815 265.345058 290.908920 253.402841 175.385290 142.635900 176.867182 191.387042 167.600716 308.637328 342.838154 135.366170 287.141080 161.969133 297.329783 156.028843 163.404406 145.000000 175.931805 29.410882 73.000000 234.360833 197.739728 174.315805 124.919974 249.803923 150.615404 174.401835 88.391176 234.104677 188.002660 71.589105 197.853481 170.496334 179.610690 155.080624 362.019337 215.132517 297.417215 226.636272 
253.000000 9.000000 1.000000 a 135.591298 340.036763 436.644020 146.891116 158.382449 282.577423 351.647551 434.065663 54.589376 314.803113 234.917007 89.106678 84.581322 299.774916 387.930406 38.639358 89.319651 350.305581 174.140748 159.012578 247.891105 214.895323 265.088664 341.790872 183.182969 132.257325 335.934517 282.363241 140.890028 287.001742 284.191837 374.213843 320.923667 392.353157 231.698079 191.846293 220.004545 300.281535 313.359219 363.572551 479.193072 85.088190 349.482475 223.056047 413.619390 300.760702 198.224620 120.503112 242.528349 175.068558 110.855762 165.894545 268.091402 225.428481 261.543495 284.622557 140.246212 42.190046 57.801384 357.755503 214.357179 213.572002 231.728289 267.366789 226.715681 25.495098 419.411492 226.931708 409.849973 306.528955 
173.000000 8.000000 1.000000 a 94.530418 382.426464 433.623108 106.677083 123.693169 294.979660 341.808426 406.794789 89.805345 314.213303 264.213928 56.824291 138.755180 254.892134 361.448475 45.099889 124.100766 350.332699 210.038092 104.307238 205.156038 229.993478 305.321142 368.013587 160.589539 165.193826 318.290748 274.000000 102.591423 252.192387 288.027776 345.880037 271.022139 382.020942 192.439601 154.719100 266.610202 332.340187 316.412705 317.955972 464.944083 40.607881 306.106191 266.054506 387.703495 310.161248 245.446532 172.661519 205.526154 182.131820 96.208108 110.788086 310.551123 185.172892 279.692688 236.780489 191.708111 34.014703 76.419893 337.241753 263.746090 227.191549 186.303516 302.661527 272.809457 32.449961 373.246567 176.819117 382.172736 347.575891 
155.000000 7.000000 4.000000 a 287.503043 138.405202 238.002101 286.471639 270.440382 76.661594 214.767316 359.204677 226.241022 151.168780 47.634021 271.346642 233.540146 372.236484 322.869943 318.308027 191.449732 164.684547 113.569362 353.171347 330.770313 90.027773 91.350972 61.351447 231.320125 148.946299 246.099573 179.805450 280.030355 309.245857 120.673112 324.075608 420.904977 241.665057 306.400065 284.344861 140.943251 43.863424 132.230859 420.211851 324.692162 292.350817 395.364389 114.843372 337.170580 95.634722 149.164339 206.596225 300.188274 142.021125 231.106036 392.509872 108.664622 308.520664 49.819675 381.466906 195.064092 318.001572 231.521057 272.635288 164.560019 95.801879 336.786282 57.218878 136.341483 297.753254 466.181295 360.922429 344.223764 109.128365 
295.000000 6.000000 3.000000 a 295.480964 390.866985 93.005376 285.217461 262.756541 180.936453 44.045431 112.805142 347.908034 106.230881 274.565111 320.062494 398.610085 244.264201 94.921020 413.672576 331.061928 95.131488 312.040062 346.561683 240.187427 220.036361 344.818793 265.444910 217.200368 310.586542 62.801274 109.895405 284.945609 178.084250 141.876707 109.178753 293.782232 22.472205 228.560714 244.321509 379.011873 296.204321 123.975804 255.007843 89.050547 339.676317 231.261756 353.951974 94.873600 160.464949 377.445360 393.066152 212.000000 227.343353 282.554420 396.334455 362.249914 236.579796 214.646221 270.691707 393.071240 406.123134 333.923644 60.207973 399.656102 216.002315 262.087772 311.488363 377.131277 390.663538 277.722883 296.070937 107.354553 364.773903 
296.000000 9.000000 4.000000 a 318.059743 464.486814 151.396830 306.545266 285.772637 252.239965 113.635382 42.379240 393.279799 177.279440 343.198193 350.783409 449.872204 225.796368 55.217751 448.035713 381.608438 169.838158 374.488985 358.600056 238.304427 283.444880 415.496089 340.147027 247.679228 367.049043 97.082439 165.873446 308.150937 173.311858 210.622886 75.451971 268.799182 94.752309 234.104677 260.345924 445.597352 369.437410 196.328806 217.720004 85.866175 367.870901 197.800404 421.294434 34.928498 233.002146 442.115370 449.010022 217.248705 281.016014 318.863607 406.988943 432.823290 242.695282 284.763059 255.454497 451.320285 439.182195 376.268521 72.180330 465.188134 278.657496 262.413795 382.719218 444.325331 426.010563 227.140925 294.884723 49.819675 437.457426 
197.000000 6.000000 3.000000 a 196.540072 246.174735 203.118192 192.353841 172.742583 56.435804 136.091881 266.266784 186.206874 82.280010 106.230881 194.989743 225.248751 260.725910 224.928878 269.001859 161.136588 115.485930 132.242202 262.427133 221.045244 40.607881 181.958787 157.892368 127.141653 133.240384 149.576068 78.434686 187.299226 197.517088 47.707442 222.353322 310.014516 173.666347 197.121790 179.805450 203.442867 155.080624 76.843998 308.525526 264.047344 217.349948 283.804510 180.013888 243.495380 67.082039 199.278699 214.979069 189.612763 62.289646 151.168780 307.327187 198.338095 200.092479 62.609903 271.184439 213.588389 264.781042 179.610690 177.087549 222.463480 36.055513 229.296751 153.153518 202.704218 245.814971 355.332239 256.134730 247.717581 212.981220 
235.000000 1.000000 5.000000 a 216.946998 526.273693 317.056777 205.353354 195.248560 322.931881 229.008733 159.511755 338.681266 267.798432 382.733589 263.053227 405.823853 57.271284 137.277092 354.682957 345.028984 286.204472 381.400052 224.075880 104.580113 312.014423 457.498634 429.906967 191.637679 352.784637 176.739922 218.691564 211.265236 84.148678 280.531638 118.258192 81.835200 245.002041 121.297156 161.554944 461.806236 435.600735 286.923335 31.400637 275.436018 270.253585 8.062258 443.906522 155.241747 315.293514 449.677662 421.086689 113.846388 277.218326 253.665134 263.210942 472.423539 126.905477 342.242604 84.693565 431.566913 343.471978 315.635866 165.075740 474.341649 305.630496 124.036285 431.928235 463.703569 338.031064 75.927597 143.836713 141.031911 492.135144 
187.000000 5.000000 5.000000 a 362.994490 89.560036 269.091063 362.465171 346.953887 142.611360 271.204720 417.603879 290.082747 210.354463 111.364267 344.052322 283.989436 447.675105 385.250568 381.608438 254.420911 213.377600 169.189243 428.197384 407.237032 166.865215 96.208108 44.011362 308.240166 211.518321 309.741828 248.477363 355.856713 383.157931 186.678869 388.911301 496.910455 290.738714 382.962139 361.265830 159.831161 42.953463 189.931567 493.766139 364.584695 364.351479 468.625650 139.176147 396.531209 154.857999 176.479461 251.246891 376.324328 218.332316 305.321142 466.001073 106.831643 385.240185 124.390514 457.770685 235.476113 382.732282 298.879574 334.856686 182.123584 172.699160 413.630270 77.826731 152.839785 362.626530 537.998141 437.833302 405.241903 79.699435 
263.000000 9.000000 1.000000 a 376.538179 368.913269 14.764823 367.604407 344.802842 190.876924 112.871608 195.747286 402.810129 136.751600 284.580393 393.151370 442.459038 344.268790 191.588100 479.930203 379.011873 102.420701 337.640341 433.498558 336.300461 251.077677 342.000000 236.349318 295.797228 349.284984 158.113883 174.828487 365.920756 276.524863 170.390727 208.038458 394.263871 81.492331 322.117991 331.887029 389.607495 282.023049 141.852036 355.275949 93.434469 414.424903 331.798131 363.320795 184.176546 167.609666 393.742302 428.724853 306.228673 277.411247 351.688783 483.157324 359.022283 329.633129 224.964442 369.943239 424.095508 474.004219 393.498412 160.801119 412.549391 249.369204 356.900546 308.014610 385.875628 456.501917 375.033332 390.806858 198.668065 350.525320 
271.000000 7.000000 4.000000 a 203.061567 500.275924 293.552380 191.128229 178.756818 296.184064 203.541151 146.492321 320.213991 241.105786 357.106427 247.977822 386.870779 56.850682 118.308918 342.005848 324.599754 260.017307 357.594743 217.720004 92.913939 286.386103 432.112254 403.112887 170.073514 330.334679 151.198545 191.859323 196.430649 59.405387 253.712436 98.432718 96.254870 221.273586 105.304321 145.120639 437.905241 409.238317 260.163410 57.567352 257.233357 257.007782 32.015621 419.500894 138.924440 288.461436 426.307401 400.552119 95.126232 253.001976 235.053185 260.000000 447.213595 112.040171 315.800570 87.206651 410.329136 331.054376 297.593683 141.173652 450.998891 280.017857 115.208507 406.125596 439.605505 324.260698 101.138519 140.117808 125.642350 466.318561 
Type de surveillance de chaque endroit(target):tab[nombre de target]
a a a a a a a a a a a a a a a a a a a a a a a a a a a a a a a a a a a a a a a a a a a a a a a a a a a a a a a a a a a a a a a a a a a a a a 