Nombre des capteurs:
50
Nombre des targets:
50
Nombre de type de surveillance:
1

Caracteristiques:
260.000000 9.000000 3.000000 a 353.510962 232.107734 426.568869 349.022922 205.827598 360.112482 244.789706 123.223374 353.899703 247.588368 364.446155 113.159180 196.621464 137.306227 190.420587 367.619368 156.051274 411.806994 302.238317 397.518553 164.514437 319.081494 373.033511 241.745734 122.776219 193.680149 90.022219 184.271539 406.752996 234.132441 190.065778 481.302400 349.206243 461.235298 457.782700 427.907700 154.149278 402.464905 379.697248 403.435249 279.256155 228.442553 425.714693 399.684876 318.987461 119.339851 33.421550 441.131500 315.179314 249.194703 
165.000000 6.000000 3.000000 a 273.162955 111.615411 321.753011 279.064509 225.461748 283.494268 137.266165 50.000000 220.184014 135.085158 215.613079 128.658463 130.138388 62.968246 54.918121 233.452351 101.843016 352.676906 242.404620 241.588493 213.590730 194.743421 301.094669 205.915031 80.411442 109.635761 120.415946 109.288609 353.638233 196.758736 92.633687 341.584543 282.766688 313.550634 317.195523 318.064459 74.846510 250.059993 223.396508 339.911753 130.000000 221.652882 331.368375 353.926546 292.042805 109.041277 124.326184 336.756589 265.800677 144.201248 
154.000000 5.000000 1.000000 a 122.653985 263.347679 126.716218 142.621878 246.058936 134.658828 87.658428 211.400095 299.107004 284.411673 83.384651 234.241329 147.248090 193.352011 150.206524 41.109610 300.043330 208.031248 143.003496 222.569090 273.600073 302.001656 152.957510 171.956390 207.576492 140.064271 249.018072 297.754933 216.910120 169.162644 274.767174 154.201167 150.216510 149.251466 132.457540 119.251834 272.734303 122.409150 208.403455 192.421413 92.574294 213.241647 145.907505 227.160736 214.058403 312.230684 300.913609 140.943251 168.297356 85.276022 
296.000000 6.000000 5.000000 a 83.054199 429.941857 60.440053 90.801982 271.412969 77.103826 213.321354 339.699868 470.558179 452.238875 238.212090 324.211351 242.206523 316.665439 296.013513 175.601822 452.305207 75.026662 138.246157 383.735586 316.715961 473.874456 68.541958 202.526541 321.686182 252.039679 346.577553 455.763096 90.620086 207.927872 434.544589 202.247373 93.407708 240.902470 199.912481 76.400262 425.048233 261.705942 372.228424 65.513357 262.975284 233.790505 29.068884 109.252002 165.556637 455.449229 415.019277 57.035077 136.418474 206.460650 
154.000000 1.000000 3.000000 a 144.170038 250.409664 216.831732 143.178211 114.140265 151.953940 59.236813 118.308918 337.312911 274.614275 206.736547 101.192885 16.155494 94.540996 102.083299 182.035711 242.744722 213.251026 100.463924 309.040450 133.775932 322.456199 166.904164 63.134776 95.524866 36.235342 121.396046 254.096438 212.115535 54.561891 237.794029 293.756702 145.065502 289.200622 272.943218 219.462981 217.506322 249.689808 291.000000 202.111355 146.413797 91.547802 215.127869 210.487529 147.248090 237.008439 188.000000 231.157955 121.593585 58.180753 
155.000000 3.000000 5.000000 a 363.617931 47.434165 403.183581 371.296378 314.058912 374.471628 226.773014 133.775932 167.502239 59.228372 266.475140 209.172178 224.971109 153.600130 144.402216 300.958469 39.698866 445.417781 336.434243 236.763595 294.884723 130.969462 392.593938 300.541179 166.355042 204.352636 193.535526 20.099751 447.088358 291.358885 4.123106 397.819054 375.453060 360.069438 373.460841 397.327321 35.014283 290.822970 221.815238 432.185146 190.515091 314.200573 416.524909 448.040177 386.839760 77.524190 160.252925 417.929420 360.302651 233.944438 
117.000000 5.000000 3.000000 a 144.627107 216.363121 182.164761 156.984076 200.848201 156.339374 28.160256 143.586211 276.875423 239.384628 119.883277 169.917627 88.323270 125.355494 85.094066 105.815878 239.852038 230.729279 135.532284 228.372503 220.036361 270.839436 175.285481 137.003650 140.003571 75.663730 182.857868 241.281993 235.518577 131.137333 219.695243 220.056811 162.788206 207.212451 197.205477 178.404036 212.398211 162.791277 211.142132 216.178167 66.760767 174.152232 193.535526 240.842272 203.081265 248.243832 232.912001 197.144617 162.791277 31.064449 
208.000000 7.000000 4.000000 a 241.174211 132.909744 258.955595 255.691220 279.001792 253.242966 120.702113 148.448644 176.708800 152.764525 111.004504 211.966979 161.198635 144.899965 87.091905 147.299016 185.722912 328.344331 235.544051 144.734239 284.903492 172.557237 272.347205 228.473193 165.954813 139.000000 213.768566 176.229963 334.187073 221.054292 152.118375 241.993802 261.904563 207.135222 217.559187 250.539418 160.589539 140.459959 126.115027 313.344858 39.962482 260.101903 277.838082 340.407109 301.761495 208.568933 234.763711 272.946881 262.733705 126.716218 
174.000000 6.000000 3.000000 a 292.022259 402.781579 215.856434 315.014285 463.605436 299.152135 307.689779 417.321219 366.292233 414.903603 177.544361 453.521775 368.403312 403.886123 350.372659 180.380154 470.392389 343.956393 340.777053 243.647286 494.354124 392.509872 308.812241 386.626435 421.213722 359.089125 466.022532 457.183770 358.788238 385.612500 433.169713 74.464757 322.567822 79.605276 90.443352 200.444506 446.198386 146.563979 246.172704 331.108743 263.433103 428.239419 246.953437 376.144919 403.350964 494.616013 508.702270 214.932548 358.860697 306.178053 
266.000000 8.000000 5.000000 a 371.441785 10.816654 400.552119 381.871706 346.135811 382.920357 236.619948 167.287178 119.037809 14.317821 247.584329 245.751907 246.813695 183.575598 159.364362 290.318790 86.954011 456.247740 351.518136 195.887723 331.725790 83.186537 401.647856 323.208911 199.582063 224.439301 232.819673 60.440053 459.526931 314.230807 46.173586 378.064809 386.846223 336.007440 354.203331 392.919839 81.786307 265.911639 182.529450 442.200181 181.837840 341.843531 417.269697 462.403503 407.671436 125.670203 206.770404 414.849370 376.893884 243.797047 
225.000000 9.000000 3.000000 a 208.434642 413.401742 297.058917 187.723200 77.665951 204.748626 231.000000 257.769277 511.531035 436.986270 369.583549 186.171964 185.722912 239.269722 273.080574 327.330109 381.005249 205.153601 155.193428 485.297847 110.941426 492.879296 202.950733 121.334249 225.177708 208.904284 207.328242 400.495943 192.314846 127.015747 390.356248 421.783120 181.570923 434.457133 406.696447 308.402335 361.387604 411.257827 467.517914 206.632524 322.187833 85.842880 275.804278 176.366097 102.068604 360.501040 274.000000 306.022875 139.617334 227.079281 
287.000000 5.000000 3.000000 a 360.471913 20.000000 385.254461 372.055103 347.639181 372.162599 227.692775 171.819673 103.368274 27.166155 227.607118 250.888421 243.528232 185.722912 154.486245 272.693968 107.004673 446.229761 343.944763 172.803356 336.364386 72.339477 391.065212 319.595056 203.273215 220.585584 239.920820 82.036577 450.219946 310.792535 64.350602 357.404533 377.371170 314.407379 333.725935 377.000000 97.693398 244.294904 159.298462 431.872666 166.018071 340.787324 403.193502 453.971365 402.612717 144.803315 220.292987 399.335698 369.891876 234.776489 
111.000000 1.000000 3.000000 a 130.969462 489.147217 159.524293 118.067777 254.125953 118.869677 263.402733 372.533220 546.717477 512.723122 326.465925 335.809470 270.386760 348.772132 344.193260 264.425793 495.706566 43.863424 153.873325 471.272745 302.165518 544.538337 99.764723 206.886442 347.731218 287.139339 360.001389 504.385765 42.154478 215.148786 485.668611 302.372287 113.225439 339.983823 299.549662 175.647374 469.617930 354.887306 458.092785 58.796258 333.677988 222.380305 127.279221 49.000000 133.093952 491.232124 432.684643 157.155973 134.406101 256.204996 
172.000000 6.000000 5.000000 a 351.300441 121.918005 351.461235 368.077438 392.842208 363.506534 238.537209 238.096619 68.796802 123.166554 172.037787 313.076668 276.683935 243.501540 193.064756 230.672929 207.908634 438.416469 351.991477 71.589105 393.127206 87.367042 382.460455 346.174811 264.196896 253.712436 308.690784 184.287818 445.755538 338.585292 164.769536 288.600069 374.818623 238.872351 267.217140 339.860265 194.010309 172.046505 61.188234 423.001182 150.764717 376.563408 375.666075 453.583509 419.314917 244.049175 306.960910 363.732044 379.288808 244.393126 
275.000000 2.000000 3.000000 a 274.235300 381.136459 201.558924 297.405447 442.377667 281.886502 284.971928 394.001269 348.381974 393.742302 154.304893 430.592615 345.833775 380.615291 327.048926 158.041134 447.800179 329.948481 321.361168 226.530351 472.425656 373.373807 292.432898 365.699330 398.001256 336.203807 442.918728 434.954021 344.489477 364.440667 410.896581 57.558666 305.080317 56.364883 69.771054 185.779439 423.448934 124.197423 227.861800 316.621225 240.160363 407.358564 233.259512 361.448475 385.190862 471.691637 485.380263 202.000000 340.242561 283.593018 
238.000000 1.000000 1.000000 a 220.621848 389.422650 310.427125 201.883630 53.150729 218.753286 221.472346 231.741235 491.781456 412.625738 365.120528 157.000000 170.047052 214.888343 253.842471 327.756007 352.238556 229.392676 163.376865 473.270536 77.336925 471.059444 219.804459 116.811814 199.123078 192.374635 176.816289 372.864587 217.697037 120.208153 364.034339 427.817718 196.664689 436.176570 411.175145 320.494930 333.781366 407.561038 455.132948 228.980349 310.779665 75.960516 291.926361 203.066492 122.983739 329.996970 241.298570 320.600998 153.055545 218.508581 
236.000000 4.000000 4.000000 a 289.456387 400.475967 213.564978 312.464398 460.818836 296.627713 304.862264 414.566038 364.584695 412.685110 174.865663 450.699456 365.574890 401.103478 347.627674 177.552809 467.898493 341.716257 338.096140 242.033056 491.538401 390.620020 306.360898 383.854139 418.417256 356.265351 463.211615 454.766973 356.523492 382.827637 430.743543 71.867934 320.028124 76.922038 87.658428 198.116128 443.667668 144.100659 244.386988 328.823661 260.739333 425.470328 244.724335 373.846225 400.764270 492.041665 505.950590 212.762779 356.237280 303.349633 
131.000000 5.000000 3.000000 a 254.786185 190.682983 322.615871 253.671047 152.869225 262.718481 138.520757 33.015148 303.105592 212.776878 262.756541 47.127487 95.257546 33.241540 91.400219 261.705942 150.711645 321.976707 209.308385 317.554720 133.150291 276.486889 277.510360 156.540730 16.492423 88.283634 38.078866 170.135240 319.390044 147.648231 161.644672 375.704671 255.148976 358.022346 352.432972 323.068104 131.026715 302.641702 298.971571 311.669697 179.805450 158.795466 324.124976 315.496434 242.002066 134.402381 79.075913 337.379608 227.094694 143.136299 
237.000000 4.000000 4.000000 a 329.874218 124.149104 385.686401 332.677021 243.166610 339.281594 198.224620 72.917762 245.703073 141.226768 283.622989 134.617978 175.045708 96.664368 120.337027 301.822796 60.901560 404.259817 291.631617 293.639234 217.958712 211.858443 355.787858 244.663034 100.801786 159.702849 115.485930 84.480767 403.297657 235.535560 84.000000 410.249924 335.335653 381.466906 385.849712 383.063963 48.093659 316.766475 276.443484 392.674165 198.385987 249.897979 392.868935 401.154584 331.167631 45.880279 78.089692 400.719353 312.155410 204.658252 
283.000000 4.000000 3.000000 a 228.081126 207.038644 215.002326 248.020160 324.274575 240.033331 151.634429 227.035240 206.634944 222.506180 34.438351 279.331344 209.066975 218.449079 160.589539 94.047860 270.053698 312.656361 243.977458 117.200683 340.755044 218.769285 258.141434 259.113875 238.321212 191.595929 286.015734 257.955423 322.063658 253.899586 233.803336 162.077142 255.550386 122.249744 138.361844 202.726417 245.709178 54.561891 103.773792 297.006734 72.006944 297.423940 240.919074 332.615394 315.087289 294.328048 316.635437 226.715681 270.475507 154.379403 
113.000000 7.000000 4.000000 a 374.092235 160.639348 364.935611 392.298356 429.513678 386.253803 269.942586 278.921136 75.006666 158.672619 182.433550 353.001416 312.257906 283.436060 231.311478 244.247825 247.412611 460.358556 380.159177 48.662100 431.844880 108.240473 404.911101 379.288808 304.304124 289.691215 349.366570 222.748737 468.744067 372.081980 204.352636 285.938805 399.392038 233.420222 266.593323 352.150536 234.710460 172.362989 50.249378 444.775224 179.323730 411.428001 391.246725 477.825282 449.043428 284.255167 348.588583 376.191441 407.442020 275.312550 
174.000000 6.000000 3.000000 a 103.121288 428.590714 40.459857 116.468880 297.941269 100.623059 220.658107 350.462551 460.244500 450.071105 222.766694 342.299576 256.943574 328.123452 301.628911 161.443489 457.515027 109.931797 162.049375 366.956401 341.884483 466.502947 97.005155 225.807440 335.180548 264.000000 363.736168 458.802790 125.538839 230.256379 436.743632 171.685759 120.652393 213.770905 171.840042 53.413481 430.081388 241.598841 356.721180 100.239713 258.503385 259.849957 27.658633 144.180443 197.314470 463.579551 429.912782 29.681644 164.468842 214.238185 
177.000000 7.000000 4.000000 a 140.545366 221.298441 189.129585 149.806542 178.263849 151.604749 6.082763 130.862523 290.423828 244.934685 142.667445 149.459024 65.734314 110.634533 80.006250 125.000000 236.298540 224.200803 122.413235 248.515593 197.246039 281.602557 170.038231 116.430237 123.130013 55.000000 163.783394 240.435022 227.563178 110.040901 220.036361 239.133854 154.796641 228.711609 216.813284 187.216452 209.038274 185.593642 230.956706 210.297408 85.586214 152.397507 196.900990 231.233648 187.040103 241.132744 217.720004 204.156802 149.214611 12.206556 
264.000000 2.000000 1.000000 a 130.000000 356.527699 61.131007 152.856142 311.899022 136.926988 181.515840 310.319191 372.227081 375.960104 131.487642 324.229857 234.797785 291.096204 250.459578 76.537572 399.361991 187.096232 181.664526 272.281105 348.173807 382.827637 147.091808 234.079046 303.578655 233.053642 341.669431 395.567946 201.002488 234.827596 372.108855 88.056800 160.365208 119.682914 80.006250 45.221676 372.193498 145.244621 263.286916 173.002890 185.951607 274.721677 93.171884 217.278623 241.472566 412.485151 398.362900 67.535176 197.676503 177.200451 
135.000000 1.000000 4.000000 a 60.745370 302.235008 129.340636 68.883960 166.604322 71.112587 76.850504 198.595065 365.005479 325.779066 174.002874 188.692872 102.313244 175.513532 159.210552 126.649122 314.197390 143.223601 52.345009 306.184585 202.566039 359.562234 89.185201 88.865066 181.024860 110.887330 209.475536 320.206184 147.105404 89.095454 300.421371 225.290923 74.249579 233.790505 208.031248 133.330417 287.308197 213.677327 290.341179 129.274901 152.315462 130.207527 127.251719 152.118375 123.583980 315.065073 275.356133 143.405021 78.854296 69.641941 
249.000000 9.000000 5.000000 a 45.486262 315.158690 110.054532 58.821765 182.439031 57.008771 91.787799 216.815590 372.800215 338.421335 171.172428 208.096132 121.593585 193.932978 174.771279 118.949569 330.552568 131.529464 57.489129 308.029219 220.000000 369.283089 75.927597 104.661359 200.002500 129.387016 228.886435 335.596484 137.131324 105.891454 315.293514 211.473403 65.513357 223.591145 195.432853 114.490174 303.488056 209.009569 292.856620 116.846053 159.402008 145.248064 108.074049 144.267113 127.192767 332.567286 294.550505 124.040316 81.024688 84.693565 
131.000000 8.000000 1.000000 a 117.596769 376.808970 37.013511 139.291062 307.522357 122.588743 190.433716 321.168180 396.930724 396.868996 156.646098 328.867755 239.585058 300.885360 264.047344 98.838252 415.832899 165.245272 173.484870 298.563226 346.216695 406.388976 130.034611 230.217289 311.905434 240.401747 347.575891 413.464630 179.713661 232.002155 390.328067 107.298649 146.294224 144.308697 103.247276 21.023796 388.490669 171.816763 289.276684 151.845316 205.496959 269.675731 69.180922 196.725697 228.254244 427.004684 407.295961 41.231056 186.389377 185.367203 
274.000000 9.000000 1.000000 a 67.675697 325.281417 154.236831 60.008333 131.502852 72.006944 102.078401 203.337158 397.780090 349.310750 217.082933 176.025566 101.242284 179.568928 177.341479 170.017646 326.352570 128.160056 15.811388 346.221028 172.409396 389.082254 84.023806 55.470713 179.977776 117.720007 199.062804 335.871999 127.475488 59.464275 318.001572 265.137700 60.671245 276.470613 249.104396 161.817799 300.466304 257.122539 329.848450 117.175083 188.111669 93.509358 143.377125 127.412715 82.225300 322.006211 269.564464 166.580311 41.617304 95.414884 
280.000000 1.000000 3.000000 a 473.972573 128.693434 488.484391 487.221715 465.769256 485.931065 344.815893 287.137598 83.024093 105.621967 315.069834 365.410728 363.235461 303.244126 274.116763 369.875655 188.042548 560.771790 461.705534 206.196508 451.425520 62.265560 505.000990 439.264157 319.452657 340.270481 351.693048 160.012500 565.749061 430.481126 159.138305 434.883893 492.967545 384.959738 413.353360 478.314750 194.365635 318.286035 202.805325 546.003663 272.998168 460.219513 509.746015 570.561127 521.851511 225.641308 318.265612 501.698116 488.043031 351.752754 
250.000000 3.000000 2.000000 a 453.282473 92.655275 480.674526 463.624848 418.248730 464.760153 318.290748 237.901240 127.263506 69.835521 320.455925 313.177266 325.399754 257.110871 239.760297 367.773028 124.149104 538.014870 432.597966 239.870799 398.647714 88.238314 483.480093 401.659059 270.519870 303.646176 296.743997 98.371744 541.147854 392.562097 105.309069 448.264431 468.533884 402.548134 425.114102 472.461639 136.488095 332.939935 231.311478 524.008588 261.451716 417.484131 498.260976 543.743506 487.083155 159.314155 255.154855 494.782781 457.655984 325.479646 
209.000000 9.000000 5.000000 a 252.253840 362.000000 183.010929 275.523139 417.972487 260.317114 260.230667 370.094583 335.435538 375.481025 131.472431 405.927333 321.076315 356.405668 303.265560 133.304163 426.635676 311.102877 298.077171 215.390343 447.755514 358.503835 271.587923 341.457172 373.636187 311.515650 418.389770 414.596189 325.345970 340.076462 390.467668 40.024992 283.282544 34.525353 46.486557 167.000000 401.920390 104.479663 214.895323 297.378547 217.002304 383.129221 215.083705 341.915194 362.763008 449.679886 461.502979 184.783657 317.515354 258.835855 
136.000000 3.000000 2.000000 a 271.016605 281.186771 353.390719 261.818640 100.244701 275.305285 193.767902 126.253713 396.001263 302.165518 336.203807 52.392748 133.416641 120.784933 177.200451 321.403174 227.692775 317.056777 214.158820 407.682474 58.008620 368.224117 285.240250 150.096636 99.689518 143.178211 56.035703 251.730014 310.103209 144.367586 247.881020 434.557246 260.409293 425.913137 413.072633 357.945527 213.883146 378.272389 389.011568 310.644491 259.730630 127.475488 346.359640 300.958469 217.938065 200.324736 106.962610 366.950950 221.652882 195.412384 
143.000000 8.000000 4.000000 a 312.774679 184.694342 380.006579 311.269979 193.507106 320.600998 194.164878 66.648331 305.124565 203.002463 307.319052 85.982556 153.264477 83.934498 133.454112 313.308155 120.805629 378.609297 266.326867 341.123145 162.003086 272.809457 335.171598 210.952601 74.027022 145.581592 62.625873 146.321564 375.406446 202.385770 146.167712 426.279251 312.526799 404.499691 402.498447 380.001316 110.453610 344.859392 323.109888 368.708557 221.815238 207.171427 382.064131 370.623798 294.389198 92.649879 25.000000 394.832876 282.962895 199.278699 
203.000000 2.000000 2.000000 a 188.732615 205.854317 253.663162 190.128904 138.452158 197.517088 70.682388 70.213959 300.760702 229.943471 207.251055 78.517514 33.015148 46.572524 62.369865 197.205477 193.891722 261.467015 148.976508 287.862815 141.792101 282.256975 213.475994 108.300508 52.611786 19.235384 91.268834 205.761998 260.756591 99.156442 190.223553 311.464284 192.595431 298.482830 288.875406 254.017716 168.807583 249.238841 269.295377 249.899980 132.098448 127.121989 256.017578 259.356897 194.517351 188.679623 148.124947 268.464150 170.469939 74.672619 
178.000000 3.000000 5.000000 a 312.025640 121.078487 314.612460 328.671569 357.453493 324.229857 199.859951 210.622886 105.475116 129.838361 138.293167 282.603963 240.303974 213.243992 159.705980 194.427364 201.121854 399.200451 312.694739 78.236820 360.251301 114.947814 343.208392 308.287204 234.307490 217.664880 280.360482 181.245690 406.420964 300.885360 159.000000 261.262320 335.393798 214.457455 238.732067 303.527593 182.877008 145.120639 60.959003 383.815060 111.364267 339.699868 338.001479 414.161804 380.311714 234.068366 286.232423 327.244557 340.000000 205.572372 
123.000000 7.000000 1.000000 a 227.220158 207.790760 297.405447 225.428481 130.176803 234.853146 117.170815 50.249378 314.950790 230.826775 250.571347 37.336309 68.066144 34.234486 87.595662 243.526179 176.105082 293.288254 180.712479 318.402261 117.720007 291.121968 249.329100 127.906216 17.804494 65.000000 45.000000 193.600103 290.614865 118.966382 182.833257 357.805813 226.737734 343.559311 335.076111 298.613463 154.625354 291.796162 299.721537 283.098923 171.128607 132.230859 297.607124 286.714143 213.700725 162.249807 105.042848 312.032050 198.305320 120.933866 
133.000000 7.000000 3.000000 a 171.679935 396.042927 86.977008 193.279590 360.034721 176.502125 231.624696 359.449579 399.811205 414.198020 161.595173 374.765260 285.334891 340.700748 298.221394 118.000000 444.040539 213.590730 227.138724 291.006873 397.468238 414.484017 183.068293 282.391572 353.624094 283.386662 392.127530 438.552163 228.674441 283.637092 414.754144 65.787537 200.192407 115.108644 73.246160 72.917762 417.145059 162.806634 284.861370 201.325607 228.219193 322.443794 116.709040 246.446749 282.179021 459.018518 448.135024 84.172442 240.470372 227.477471 
108.000000 1.000000 2.000000 a 392.867662 374.994667 479.117940 380.118403 199.904977 395.236638 326.038341 240.634578 496.179403 391.710352 467.206592 181.686543 265.580496 243.187171 301.683609 453.657360 301.106294 424.238141 333.654012 527.184977 153.941547 462.731023 402.155443 270.170317 222.497191 275.138147 174.484956 329.297738 414.397152 266.557686 334.167623 566.622449 377.224071 558.008064 545.281579 485.099990 298.062074 508.815291 508.736671 420.900226 388.155897 236.915597 468.591507 401.627937 318.100613 264.047344 172.817823 491.955283 334.892520 327.665988 
185.000000 2.000000 1.000000 a 321.168180 53.150729 343.048102 333.781366 324.274575 333.016516 191.167466 157.318149 114.586212 69.634761 185.607112 235.019148 214.161154 166.433170 125.000000 229.976086 128.705089 407.590481 308.131465 148.499158 318.323735 96.747093 352.029828 288.901367 186.067192 190.790461 227.879354 109.658561 412.243860 280.415763 86.833173 316.039554 339.414201 274.432141 292.171183 334.571368 111.018017 204.413796 132.457540 392.979643 123.891081 313.555418 361.566038 416.860888 369.524018 162.052461 221.652882 357.037813 334.611715 198.073219 
241.000000 4.000000 2.000000 a 241.101638 157.257750 246.010162 258.118190 303.204551 253.308113 136.066160 183.662734 176.082367 174.264167 81.024688 243.895469 185.083765 178.530110 120.066648 127.953116 218.403297 328.208775 244.393126 119.000000 313.114995 180.313616 272.253558 246.375729 199.323857 164.401946 247.329739 206.494552 335.600954 239.754041 182.321145 212.150890 264.969810 173.902271 188.023935 235.815606 194.200927 105.688221 101.123687 312.800256 44.407207 281.044480 268.151077 343.685903 313.427823 243.183059 270.830205 259.169828 271.679959 140.890028 
297.000000 8.000000 5.000000 a 159.890588 286.644379 243.343379 151.327460 63.150614 164.347193 109.767937 137.902139 381.601887 310.601030 256.632032 87.863531 56.222771 116.180893 143.251527 227.501648 265.377090 211.366979 103.696673 359.313234 87.726849 363.782902 175.034282 41.303753 107.447662 79.075913 112.058021 281.042701 206.526027 34.014703 267.854438 336.203807 150.479234 335.882420 316.635437 248.845333 242.588128 299.541316 341.146596 203.246156 197.121790 45.617979 235.287059 200.412075 123.943536 252.414342 184.889156 256.581371 114.738834 107.912001 
170.000000 1.000000 5.000000 a 90.426766 336.786282 179.621825 76.550637 106.000000 91.706052 120.154068 204.286563 415.908644 360.972298 244.663034 165.746795 103.600193 180.759509 187.864313 199.180822 330.340733 133.221620 30.805844 370.397084 149.693019 404.813537 99.201814 37.013511 177.687929 123.842642 189.718212 342.176855 129.031004 44.553339 325.788275 294.477503 74.215901 305.949342 278.614429 188.350737 305.412835 285.280564 353.600057 125.063984 209.888065 67.742158 165.529454 124.615408 61.400326 322.485659 262.053430 191.128229 36.674242 114.232220 
206.000000 4.000000 5.000000 a 238.679702 231.387122 314.097119 234.053413 112.929181 245.130577 140.911320 72.567210 341.843531 253.728201 278.870938 7.280110 84.864598 62.393910 117.652029 268.600074 190.646269 298.055364 187.451327 348.363316 92.179173 316.469588 258.069758 128.549601 42.000000 88.600226 25.019992 210.983412 293.833286 120.415946 202.871881 382.687862 234.360833 370.621100 360.406715 316.589640 171.918585 320.480889 329.684698 289.126270 200.663898 123.174673 311.565402 288.045135 210.487529 171.172428 97.267672 328.397625 201.613492 143.735869 
153.000000 3.000000 4.000000 a 129.799846 244.499489 145.784087 147.597425 232.819673 142.003521 67.941151 189.171880 286.923335 266.101484 88.119237 214.273190 128.817701 171.397200 127.882759 60.216277 278.513913 216.815590 140.577381 218.524598 257.660630 287.327339 160.897483 161.297861 186.043006 119.808180 228.267387 276.929594 224.414795 157.492857 254.183005 174.453432 154.741720 165.239221 152.003289 139.488351 251.149358 130.000000 203.184645 201.400099 75.802375 201.762236 162.496154 233.122286 211.728600 290.110324 278.928306 160.352736 167.092789 66.603303 
217.000000 8.000000 2.000000 a 16.492423 376.090415 82.006097 27.586228 208.146583 10.816654 152.970585 274.972726 429.200419 399.211723 212.313448 256.859884 175.823775 251.620746 235.868607 152.085502 391.287618 74.625733 72.235725 355.562934 252.009920 427.846935 20.396078 136.297469 255.538647 187.109594 279.302703 396.789617 83.773504 141.209065 376.575358 216.633331 33.600595 242.404620 206.651881 94.154129 364.335011 244.499489 341.766002 59.076222 216.448608 170.000000 63.285069 95.801879 115.433964 392.045916 348.173807 91.219515 76.419893 145.835524 
152.000000 1.000000 2.000000 a 297.321375 222.144097 271.007380 318.284464 396.742990 308.967636 224.588513 283.876734 178.317133 230.672929 93.920179 344.361728 280.146390 279.372511 220.911747 155.261070 299.549662 379.390300 317.165572 60.207973 410.800438 203.246156 326.386274 332.939935 300.166620 261.231698 348.175243 281.400071 389.864079 327.566787 258.489845 179.337670 326.007669 126.649122 160.701587 256.813162 279.034048 69.310894 57.723479 363.782902 138.513537 370.863856 299.981666 401.609263 388.387693 330.048481 369.140895 280.601140 343.371519 227.727908 
289.000000 5.000000 5.000000 a 291.898955 68.796802 322.614321 302.687958 283.301959 303.423796 157.813181 116.965807 155.858911 92.005435 181.868084 194.010309 174.862803 125.195847 85.422479 216.566387 115.520561 377.003979 273.804675 177.228666 277.041513 135.771867 322.200248 250.427634 145.000000 151.647618 187.672587 105.076163 380.616605 241.754007 81.006173 313.076668 307.824625 276.739950 288.669361 315.702392 91.787799 208.396257 159.615162 362.840185 106.212052 273.541587 338.325287 384.037759 332.701067 141.904898 187.296556 337.108291 299.714864 164.939383 
254.000000 8.000000 4.000000 a 454.031937 98.737024 474.782055 465.972102 434.366205 465.798240 321.740579 254.615396 95.634722 74.625733 307.405270 332.099383 335.393798 271.911750 247.242796 358.620970 151.013244 540.068514 437.905241 213.841062 418.083724 60.299254 484.752514 411.752353 287.167199 312.833822 317.441333 123.259888 544.206762 402.816335 124.193398 432.047451 471.349128 384.266834 409.565624 465.559878 158.672619 315.653291 207.241405 525.624391 256.415678 430.665764 494.289389 548.019160 495.717662 188.321534 281.641616 488.475178 463.742385 328.823661 
176.000000 4.000000 4.000000 a 165.601932 390.717289 254.568262 145.248064 71.309186 162.274459 195.243438 240.070823 482.979296 414.692657 329.686214 176.207264 156.543924 219.401459 245.817005 285.576610 366.554225 169.000000 112.258630 449.694341 116.709040 466.858651 161.443489 85.000000 208.278659 179.938879 199.484335 383.742101 157.486507 92.195445 371.431016 378.811299 139.344896 392.173431 363.902459 265.663321 344.934776 370.885427 432.245301 168.647562 286.904165 58.821765 234.138848 143.338760 62.649820 349.954283 270.453323 263.865496 96.829747 190.672494 
224.000000 2.000000 5.000000 a 238.817922 121.827747 273.212372 249.425340 241.993802 250.281841 104.661359 99.297533 198.919582 145.244621 151.396830 165.677397 127.781063 97.144223 42.047592 174.183811 152.013157 323.748359 221.070125 190.065778 242.596373 184.707877 269.016728 201.357890 118.330047 104.403065 165.710591 149.050327 327.371349 193.023315 126.384334 278.926514 254.568262 249.274949 254.442528 267.366789 125.035995 185.607112 171.400117 309.612661 66.483081 227.881548 287.271648 330.938061 281.554613 168.671278 186.034943 287.939230 247.244818 111.758669 
Type de surveillance de chaque endroit(target):tab[nombre de target]
a a a a a a a a a a a a a a a a a a a a a a a a a a a a a a a a a a a a a a a a a a a a a a a a a a 