Nombre des capteurs:
30
Nombre des targets:
120
Nombre de type de surveillance:
1

Caracteristiques:
277.000000 6.000000 1.000000 a 418.578547 244.738636 180.543624 209.153054 278.001799 65.000000 319.037615 204.831638 212.362897 363.232708 430.834075 200.900473 520.566038 448.486343 110.887330 159.176003 251.753848 240.435022 308.768522 247.881020 201.308221 230.852767 285.077183 224.396970 375.502330 366.829661 376.324328 341.634307 410.030487 359.434278 260.192237 297.692795 470.312662 418.043060 468.628851 300.121642 225.077764 403.053346 435.372255 242.711763 383.766856 351.540894 478.167335 353.510962 232.107734 448.037945 426.568869 349.022922 205.827598 360.112482 244.789706 123.223374 353.899703 247.588368 364.446155 113.159180 196.621464 137.306227 190.420587 367.619368 156.051274 411.806994 302.238317 164.514437 525.478829 319.081494 373.033511 271.516114 241.745734 122.776219 193.680149 90.022219 184.271539 406.752996 234.132441 190.065778 481.302400 349.206243 204.401566 461.235298 457.782700 427.907700 154.149278 402.464905 379.697248 403.435249 279.256155 228.442553 349.864259 425.714693 399.684876 318.987461 370.299878 119.339851 497.470602 33.421550 441.131500 315.179314 249.194703 408.325850 460.341178 498.197752 143.669760 132.230859 268.268522 428.842628 105.076163 356.454766 272.415124 187.416648 168.668314 317.405104 372.839107 266.992509 286.965155 256.376676 142.863571 437.411705 309.945156 350.077134 
133.000000 1.000000 2.000000 a 333.352666 177.045192 127.906216 157.724443 251.191162 97.308787 205.234013 66.030296 60.745370 262.819330 282.194968 142.284925 382.561106 298.824363 136.367151 51.623638 94.021274 249.721845 151.953940 154.845084 216.787915 207.424685 150.748134 263.108343 222.283603 261.396251 258.069758 241.350368 258.860967 352.625864 176.476627 139.946418 329.511760 268.365423 318.290748 157.432525 128.405607 372.075261 363.077127 85.796270 291.096204 340.824002 425.440948 273.162955 111.615411 391.624820 321.753011 279.064509 225.461748 283.494268 137.266165 50.000000 220.184014 135.085158 215.613079 128.658463 130.138388 62.968246 54.918121 233.452351 101.843016 352.676906 242.404620 213.590730 381.077420 194.743421 301.094669 291.185508 205.915031 80.411442 109.635761 120.415946 109.288609 353.638233 196.758736 92.633687 341.584543 282.766688 252.253840 313.550634 317.195523 318.064459 74.846510 250.059993 223.396508 339.911753 130.000000 221.652882 320.663375 331.368375 353.926546 292.042805 361.333641 109.041277 357.022408 124.326184 336.756589 265.800677 144.201248 273.016483 325.296788 359.762422 47.423623 189.517809 214.895323 273.470291 126.099167 291.780740 143.951381 74.706091 152.947703 268.600074 261.199158 279.451248 179.513231 238.480607 150.685102 286.274344 179.471446 223.378602 
147.000000 3.000000 2.000000 a 158.448730 126.589889 320.764711 154.806331 195.634864 286.923335 325.399754 137.440896 146.492321 83.737686 126.317061 329.309884 191.564611 144.506055 241.400083 247.655002 158.902486 242.637590 175.385290 95.775780 238.648277 188.957667 53.338541 283.704071 232.568270 75.006666 57.008771 71.554175 121.016528 279.121837 338.540987 150.986754 144.692778 120.208153 164.137138 60.207973 295.989865 260.572447 199.060292 145.784087 115.364639 265.911639 275.408787 122.653985 263.347679 242.495361 126.716218 142.621878 246.058936 134.658828 87.658428 211.400095 299.107004 284.411673 83.384651 234.241329 147.248090 193.352011 150.206524 41.109610 300.043330 208.031248 143.003496 273.600073 202.410474 302.001656 152.957510 275.523139 171.956390 207.576492 140.064271 249.018072 297.754933 216.910120 169.162644 274.767174 154.201167 150.216510 288.669361 149.251466 132.457540 119.251834 272.734303 122.409150 208.403455 192.421413 92.574294 213.241647 227.554389 145.907505 227.160736 214.058403 282.304800 312.230684 170.601876 300.913609 140.943251 168.297356 85.276022 80.000000 130.736376 169.743925 190.244579 273.724314 147.220922 160.449369 239.643485 158.145503 266.923210 143.892321 198.849189 170.423003 66.370174 260.247959 56.435804 203.570627 223.517337 141.354165 24.331050 20.396078 
260.000000 3.000000 5.000000 a 18.000000 192.023436 476.931861 227.431308 185.151289 412.752953 497.016096 287.235095 304.108533 90.917545 239.820766 488.578550 210.297408 250.567356 327.981707 400.660704 327.963413 246.611030 347.047547 198.295234 268.888453 218.579505 218.680132 291.893816 399.091468 97.200823 122.147452 110.571244 253.584306 200.561711 505.529425 322.913301 204.298801 244.499489 261.512906 231.812424 460.651712 146.778745 40.012498 312.693140 60.008333 191.460179 115.134704 83.054199 429.941857 89.274856 60.440053 90.801982 271.412969 77.103826 213.321354 339.699868 470.558179 452.238875 238.212090 324.211351 242.206523 316.665439 296.013513 175.601822 452.305207 75.026662 138.246157 316.715961 246.519776 473.874456 68.541958 255.665797 202.526541 321.686182 252.039679 346.577553 455.763096 90.620086 207.927872 434.544589 202.247373 93.407708 307.766145 240.902470 199.912481 76.400262 425.048233 261.705942 372.228424 65.513357 262.975284 233.790505 152.502459 29.068884 109.252002 165.556637 196.596033 455.449229 212.021225 415.019277 57.035077 136.418474 206.460650 171.493440 174.040225 202.200396 321.099673 334.073345 171.405951 294.961014 332.019578 89.442719 437.385414 277.713882 270.542048 135.506457 106.775465 244.239636 171.816763 207.154532 298.412466 258.443417 193.437328 159.806133 
127.000000 1.000000 1.000000 a 209.038274 35.693137 271.007380 18.000000 107.647573 187.114938 338.540987 103.368274 128.035151 153.574086 263.774525 286.810042 328.907282 282.349075 106.775465 196.310978 177.485211 123.490890 229.244411 45.254834 105.536723 70.342022 118.330047 154.870914 304.290979 158.483438 174.071824 132.502830 252.253840 209.976189 320.494930 204.978048 284.985965 255.031371 302.592135 143.589693 272.347205 226.920691 230.243350 158.240324 173.158887 197.625909 284.810463 144.170038 250.409664 251.803495 216.831732 143.178211 114.140265 151.953940 59.236813 118.308918 337.312911 274.614275 206.736547 101.192885 16.155494 94.540996 102.083299 182.035711 242.744722 213.251026 100.463924 133.775932 342.947518 322.456199 166.904164 164.073154 63.134776 95.524866 36.235342 121.396046 254.096438 212.115535 54.561891 237.794029 293.756702 145.065502 154.690013 289.200622 272.943218 219.462981 217.506322 249.689808 291.000000 202.111355 146.413797 91.547802 175.453698 215.127869 210.487529 147.248090 218.002294 237.008439 310.103209 188.000000 231.157955 121.593585 58.180753 219.938628 268.001866 308.058436 103.585713 132.943597 70.178344 285.413735 108.240473 153.443801 274.249886 74.632433 57.982756 124.342270 166.859222 149.833241 86.556340 99.005050 83.815273 276.481464 129.541499 157.724443 
222.000000 1.000000 4.000000 a 421.236276 271.449811 44.407207 252.438111 345.810642 126.099167 131.137333 151.168780 134.082064 347.979884 328.709598 50.960769 439.209517 342.537589 215.406592 45.221676 128.390031 340.865076 161.548754 246.789384 305.785873 301.318768 225.390772 349.276395 207.966343 344.702771 335.386344 327.392731 301.862552 446.870227 84.118963 164.975756 384.980519 313.789739 359.701265 223.188261 38.832976 466.840444 453.476571 135.236829 377.890196 435.229824 518.339657 363.617931 47.434165 484.332530 403.183581 371.296378 314.058912 374.471628 226.773014 133.775932 167.502239 59.228372 266.475140 209.172178 224.971109 153.600130 144.402216 300.958469 39.698866 445.417781 336.434243 294.884723 429.893010 130.969462 392.593938 381.718483 300.541179 166.355042 204.352636 193.535526 20.099751 447.088358 291.358885 4.123106 397.819054 375.453060 335.886886 360.069438 373.460841 397.327321 35.014283 290.822970 221.815238 432.185146 190.515091 314.200573 415.510529 416.524909 448.040177 386.839760 455.747737 77.524190 411.806994 160.252925 417.929420 360.302651 233.944438 337.072692 387.104637 416.736128 139.817739 266.580194 309.593282 303.726851 204.266982 384.567289 87.235314 168.217122 243.813453 363.111553 341.790872 370.827453 266.159726 332.453004 236.647417 327.665988 254.169235 297.405447 
177.000000 6.000000 1.000000 a 198.587512 89.140339 263.045623 104.403065 172.985549 219.317122 291.358885 73.979727 89.157165 124.919974 179.769297 273.912395 258.588476 198.345658 177.552809 187.536663 119.603512 205.878605 157.699081 50.039984 192.442199 150.479234 31.016125 241.124449 228.484135 122.249744 119.268604 104.388697 166.012048 270.085172 291.727613 131.848398 209.678325 169.838158 218.819560 56.515485 246.058936 267.927229 233.006438 101.862653 154.945152 256.826790 302.947190 144.627107 216.363121 268.776859 182.164761 156.984076 200.848201 156.339374 28.160256 143.586211 276.875423 239.384628 119.883277 169.917627 88.323270 125.355494 85.094066 105.815878 239.852038 230.729279 135.532284 220.036361 266.400075 270.839436 175.285481 244.032785 137.003650 140.003571 75.663730 182.857868 241.281993 235.518577 131.137333 219.695243 220.056811 162.788206 241.919408 207.212451 197.205477 178.404036 212.398211 162.791277 211.142132 216.178167 66.760767 174.152232 224.517260 193.535526 240.842272 203.081265 275.769832 248.243832 236.381048 232.912001 197.144617 162.791277 31.064449 146.372812 198.123699 236.414890 122.482652 215.058132 123.454445 198.153981 174.642492 171.944759 228.580402 75.960516 142.021125 165.484138 121.498971 229.002183 44.407207 173.233946 163.600122 191.128229 48.259714 88.232647 
218.000000 9.000000 5.000000 a 288.209993 183.412104 200.422055 186.424247 268.793601 208.830074 194.617574 75.690158 57.801384 212.407627 175.513532 205.119477 283.425475 190.905736 220.510771 137.244308 28.160256 291.986301 60.671245 145.773797 270.000000 238.549785 85.041167 320.001562 136.091881 205.798445 188.448932 195.133288 150.233152 368.461667 207.135222 37.121422 229.244411 160.975153 209.570990 72.498276 166.904164 368.077438 326.377083 25.806976 244.200737 355.316760 399.520963 241.174211 132.909744 365.580361 258.955595 255.691220 279.001792 253.242966 120.702113 148.448644 176.708800 152.764525 111.004504 211.966979 161.198635 144.899965 87.091905 147.299016 185.722912 328.344331 235.544051 284.903492 276.371127 172.557237 272.347205 332.628922 228.473193 165.954813 139.000000 213.768566 176.229963 334.187073 221.054292 152.118375 241.993802 261.904563 315.767319 207.135222 217.559187 250.539418 160.589539 140.459959 126.115027 313.344858 39.962482 260.101903 324.299245 277.838082 340.407109 301.761495 374.663849 208.568933 256.300605 234.763711 272.946881 262.733705 126.716218 181.540629 231.008658 260.848615 131.726990 269.785100 220.791757 162.003086 213.002347 270.963097 134.629120 107.870292 208.777393 265.452444 198.725942 318.276609 142.274383 265.345058 220.637712 177.279440 109.603832 148.771637 
178.000000 4.000000 5.000000 a 273.380687 345.218771 481.448855 375.832409 399.392038 488.190537 418.688428 335.965772 332.729620 245.936984 110.981981 482.056013 64.327288 95.189285 461.069409 423.249335 311.488363 454.814248 279.873186 317.165572 456.863218 404.665294 256.811215 498.759461 275.363396 233.634330 201.357890 255.415348 135.977939 457.685482 465.172011 272.385756 79.404030 125.159898 77.665951 240.216569 437.475714 414.614279 311.579845 311.040190 257.561643 446.060534 381.335810 292.022259 402.781579 360.168016 215.856434 315.014285 463.605436 299.152135 307.689779 417.321219 366.292233 414.903603 177.544361 453.521775 368.403312 403.886123 350.372659 180.380154 470.392389 343.956393 340.777053 494.354124 25.079872 392.509872 308.812241 481.665859 386.626435 421.213722 359.089125 466.022532 457.183770 358.788238 385.612500 433.169713 74.464757 322.567822 506.285493 79.605276 90.443352 200.444506 446.198386 146.563979 246.172704 331.108743 263.433103 428.239419 404.299394 246.953437 376.144919 403.350964 456.715448 494.616013 60.876925 508.702270 214.932548 358.860697 306.178053 143.405021 104.752088 69.584481 396.676190 495.176736 357.240815 139.014388 458.268480 326.075145 384.173138 354.090384 420.309410 359.923603 217.375252 466.960384 276.698392 413.037529 444.775224 109.635761 235.773196 205.243758 
130.000000 4.000000 4.000000 a 424.948232 288.721319 80.280757 275.045451 368.209180 172.539850 86.833173 162.003086 140.089257 349.824242 305.419384 73.824115 419.001193 317.516929 252.723169 82.389320 115.433964 370.361985 130.862523 259.187191 337.502593 326.450609 222.800359 383.318406 165.205932 344.820243 330.643312 330.552568 277.650860 470.408333 64.845971 141.003546 365.049312 290.387672 333.190636 215.034881 26.925824 484.409950 460.184746 128.444541 380.938315 458.207377 529.003781 371.441785 10.816654 494.801981 400.552119 381.871706 346.135811 382.920357 236.619948 167.287178 119.037809 14.317821 247.584329 245.751907 246.813695 183.575598 159.364362 290.318790 86.954011 456.247740 351.518136 331.725790 405.690769 83.186537 401.647856 411.895618 323.208911 199.582063 224.439301 232.819673 60.440053 459.526931 314.230807 46.173586 378.064809 386.846223 371.570989 336.007440 354.203331 392.919839 81.786307 265.911639 182.529450 442.200181 181.837840 341.843531 434.909186 417.269697 462.403503 407.671436 478.624070 125.670203 391.011509 206.770404 414.849370 376.893884 243.797047 323.210458 370.751939 397.061708 168.190368 305.221231 327.794143 273.658546 241.813978 396.061864 39.408121 186.171964 273.707873 379.722267 339.558537 400.005000 271.532687 357.233817 270.490296 301.920519 250.153953 291.274784 
161.000000 8.000000 3.000000 a 254.072824 169.499263 411.004866 159.524293 96.664368 294.170019 506.077069 277.713882 302.200265 250.928277 415.322766 430.116263 447.320914 432.935330 182.035711 346.447687 353.617024 54.129474 406.601771 208.240246 85.755466 108.074049 287.628232 51.429563 481.602533 262.733705 294.762616 240.634578 410.896581 97.046381 475.584903 382.314007 416.832100 410.201170 451.594951 313.703682 428.435526 158.685223 242.981481 334.574356 246.811669 95.351980 246.910915 208.434642 413.401742 227.668619 297.058917 187.723200 77.665951 204.748626 231.000000 257.769277 511.531035 436.986270 369.583549 186.171964 185.722912 239.269722 273.080574 327.330109 381.005249 205.153601 155.193428 110.941426 472.826607 492.879296 202.950733 14.560220 121.334249 225.177708 208.904284 207.328242 400.495943 192.314846 127.015747 390.356248 421.783120 181.570923 72.615425 434.457133 406.696447 308.402335 361.387604 411.257827 467.517914 206.632524 322.187833 85.842880 119.883277 275.804278 176.366097 102.068604 108.004630 360.501040 436.715010 274.000000 306.022875 139.617334 227.079281 356.001404 391.945149 430.896739 254.483791 143.450340 142.874070 448.928725 192.852275 181.793839 442.909697 245.751907 148.976508 139.201293 278.657496 29.832868 236.135554 86.683332 155.656673 431.177458 289.013840 299.481218 
227.000000 3.000000 1.000000 a 412.021844 282.681800 103.004854 271.825312 364.160679 186.271308 82.855296 155.080624 131.711807 336.481797 284.063373 97.082439 398.151981 295.746513 258.275047 92.913939 99.729635 370.195894 108.664622 251.143385 338.840671 324.118805 208.751048 385.849712 142.435951 330.820193 314.874578 317.855313 256.158154 466.502947 81.252692 120.503112 344.371892 269.046464 311.090019 198.929636 49.979996 477.428529 448.371498 114.825955 367.925264 454.049557 518.692587 360.471913 20.000000 484.499742 385.254461 372.055103 347.639181 372.162599 227.692775 171.819673 103.368274 27.166155 227.607118 250.888421 243.528232 185.722912 154.486245 272.693968 107.004673 446.229761 343.944763 336.364386 383.950518 72.339477 391.065212 411.928392 319.595056 203.273215 220.585584 239.920820 82.036577 450.219946 310.792535 64.350602 357.404533 377.371170 375.225266 314.407379 333.725935 377.000000 97.693398 244.294904 159.298462 431.872666 166.018071 340.787324 429.009324 403.193502 453.971365 402.612717 474.341649 144.803315 370.066210 220.292987 399.335698 369.891876 234.776489 304.381340 351.027064 376.384112 169.838158 311.269979 321.885073 251.029879 247.630774 386.587636 22.090722 182.002747 274.475864 372.714368 324.679842 399.505945 260.224903 354.509520 273.642102 280.030355 235.236052 275.230812 
290.000000 3.000000 2.000000 a 102.610916 219.585974 523.057358 247.426757 170.751281 438.292140 565.729617 338.864280 359.856916 167.573864 336.703133 537.479302 309.095455 348.610097 337.130539 446.938475 393.909888 221.815238 423.387529 241.859463 255.001961 217.006912 287.586509 260.647271 482.958590 178.474088 211.009478 179.613474 347.908034 132.400906 563.600035 397.954771 304.290979 339.977940 360.546807 306.271122 516.492982 66.850580 60.299254 376.446543 137.753403 128.809938 30.675723 130.969462 489.147217 11.180340 159.524293 118.067777 254.125953 118.869677 263.402733 372.533220 546.717477 512.723122 326.465925 335.809470 270.386760 348.772132 344.193260 264.425793 495.706566 43.863424 153.873325 302.165518 346.174811 544.538337 99.764723 214.009346 206.886442 347.731218 287.139339 360.001389 504.385765 42.154478 215.148786 485.668611 302.372287 113.225439 280.472815 339.983823 299.549662 175.647374 469.617930 354.887306 458.092785 58.796258 333.677988 222.380305 105.223572 127.279221 49.000000 133.093952 124.277914 491.232124 312.006410 432.684643 157.155973 134.406101 256.204996 267.441582 274.052915 302.026489 357.337376 327.184963 185.162091 389.919222 344.052322 104.043260 503.170945 320.702354 280.174945 131.897688 192.836718 207.504217 230.555850 193.437328 305.000000 355.384299 267.606054 243.501540 
173.000000 9.000000 3.000000 a 390.448460 301.365227 205.411782 303.000000 386.746687 274.592425 113.635382 185.779439 162.197411 316.082268 212.084889 198.113604 326.724655 219.257839 321.375170 181.617730 109.370928 408.221753 59.059292 263.577313 383.787702 355.658544 196.022958 433.497405 40.000000 307.092820 281.783605 302.059597 184.393601 486.153268 165.245272 85.000000 275.855034 197.994949 230.705440 175.422347 150.632002 483.125243 431.422067 128.003906 347.713963 472.966172 507.434725 351.300441 121.918005 474.151874 351.461235 368.077438 392.842208 363.506534 238.537209 238.096619 68.796802 123.166554 172.037787 313.076668 276.683935 243.501540 193.064756 230.672929 207.908634 438.416469 351.991477 393.127206 305.250717 87.367042 382.460455 449.307245 346.174811 264.196896 253.712436 308.690784 184.287818 445.755538 338.585292 164.769536 288.600069 374.818623 427.263385 238.872351 267.217140 339.860265 194.010309 172.046505 61.188234 423.001182 150.764717 376.563408 441.072556 375.666075 453.583509 419.314917 492.154447 244.049175 298.564901 306.960910 363.732044 379.288808 244.393126 251.793566 289.696393 306.882714 227.853023 373.642878 338.600059 166.589315 312.116965 383.637850 88.588938 218.661839 320.563566 381.958113 296.285335 435.197656 256.134730 383.015665 328.097546 202.980295 214.009346 243.261177 
109.000000 3.000000 2.000000 a 259.493738 323.641777 459.243944 353.771112 379.760451 464.889234 399.624824 312.641968 309.472131 227.431308 87.846457 460.184746 60.745370 72.532751 438.179187 400.384815 288.792313 434.373112 258.520792 294.920328 435.508898 383.637850 233.649310 477.980125 257.513106 214.888343 181.661774 235.790161 113.322549 440.930834 444.496344 250.251873 59.808026 102.181212 56.142675 216.905509 415.924272 399.891235 299.001672 288.045135 240.902470 429.075751 370.751939 274.235300 381.136459 348.116360 201.558924 297.405447 442.377667 281.886502 284.971928 394.001269 348.381974 393.742302 154.304893 430.592615 345.833775 380.615291 327.048926 158.041134 447.800179 329.948481 321.361168 472.425656 22.203603 373.373807 292.432898 462.049781 365.699330 398.001256 336.203807 442.918728 434.954021 344.489477 364.440667 410.896581 57.558666 305.080317 485.086590 56.364883 69.771054 185.779439 423.448934 124.197423 227.861800 316.621225 240.160363 407.358564 387.342226 233.259512 361.448475 385.190862 440.369163 471.691637 47.265209 485.380263 202.000000 340.242561 283.593018 122.036880 87.664132 58.051701 373.363094 472.762097 336.756589 119.419429 435.276923 309.006472 363.446007 330.847397 397.959797 341.410310 198.322969 447.235956 254.719454 392.825661 422.214401 87.475711 212.934262 183.403926 
296.000000 3.000000 1.000000 a 272.029410 163.600122 382.188435 146.413797 105.380264 262.931550 482.979296 259.976922 283.975351 259.433999 415.030119 401.662794 455.834400 433.077360 152.052622 320.207745 336.386682 46.529560 391.563533 200.661406 62.169124 100.284595 279.873186 17.029386 467.309319 270.414497 300.193271 246.564393 408.256047 130.311166 449.074604 368.110038 421.893351 408.724846 452.354949 305.805494 402.517080 189.282857 265.648264 317.718429 259.509152 127.062977 276.557408 220.621848 389.422650 255.080379 310.427125 201.883630 53.150729 218.753286 221.472346 231.741235 491.781456 412.625738 365.120528 157.000000 170.047052 214.888343 253.842471 327.756007 352.238556 229.392676 163.376865 77.336925 478.907089 471.059444 219.804459 37.054015 116.811814 199.123078 192.374635 176.816289 372.864587 217.697037 120.208153 364.034339 427.817718 196.664689 37.576588 436.176570 411.175145 320.494930 333.781366 407.561038 455.132948 228.980349 310.779665 75.960516 145.797805 291.926361 203.066492 122.983739 141.428427 329.996970 443.243725 241.298570 320.600998 153.055545 218.508581 359.235299 398.559908 438.238520 230.592715 109.986363 144.138822 444.668416 163.110392 198.403629 420.630479 227.264163 126.605687 153.264477 285.427749 43.462628 233.085821 88.481637 128.351081 430.010465 284.763059 300.256557 
155.000000 1.000000 1.000000 a 271.140185 342.414953 479.037577 373.012064 396.698878 485.479145 416.811708 333.222148 330.043936 243.312556 108.337436 479.710329 62.817195 92.655275 458.245567 420.689910 308.967636 452.070791 277.613040 314.340580 454.070479 401.888044 254.007874 495.996976 273.651238 230.991342 198.647930 252.715255 133.454112 455.214235 463.038875 269.981481 76.661594 122.560189 75.312682 237.453153 435.188465 412.316626 309.467284 308.444484 255.080379 443.569611 379.427200 289.456387 400.475967 358.113111 213.564978 312.464398 460.818836 296.627713 304.862264 414.566038 364.584695 412.685110 174.865663 450.699456 365.574890 401.103478 347.627674 177.552809 467.898493 341.716257 338.096140 491.538401 23.000000 390.620020 306.360898 478.975991 383.854139 418.417256 356.265351 463.211615 454.766973 356.523492 382.827637 430.743543 71.867934 320.028124 503.500745 76.922038 87.658428 198.116128 443.667668 144.100659 244.386988 328.823661 260.739333 425.470328 401.808412 244.724335 373.846225 400.764270 454.278549 492.041665 58.463664 505.950590 212.762779 356.237280 303.349633 140.602276 102.181212 67.364679 393.913696 492.349469 354.492595 137.000000 455.449229 323.569158 382.027486 351.300441 417.482934 357.307990 214.709106 464.262857 273.879536 410.307202 441.946829 107.200746 232.948492 202.427765 
147.000000 5.000000 1.000000 a 319.452657 146.372812 180.693110 114.284732 199.461776 76.922038 285.049119 105.118980 119.079805 259.514932 328.298645 199.612124 414.614279 346.343760 54.129474 118.105885 167.720005 182.035711 227.771816 143.265488 145.000000 151.476071 180.013888 186.954540 301.370204 262.225094 270.203627 237.655212 309.187645 295.020338 246.418343 211.142132 364.954792 316.180328 366.721966 196.939077 200.384630 326.180931 340.800528 153.873325 282.086866 284.613773 392.135181 254.786185 190.682983 359.961109 322.615871 253.671047 152.869225 262.718481 138.520757 33.015148 303.105592 212.776878 262.756541 47.127487 95.257546 33.241540 91.400219 261.705942 150.711645 321.976707 209.308385 133.150291 420.773098 276.486889 277.510360 221.632579 156.540730 16.492423 88.283634 38.078866 170.135240 319.390044 147.648231 161.644672 375.704671 255.148976 173.626035 358.022346 352.432972 323.068104 131.026715 302.641702 298.971571 311.669697 179.805450 158.795466 272.640789 324.124976 315.496434 242.002066 304.867184 134.402381 391.950252 79.075913 337.379608 227.094694 143.136299 302.364019 354.203331 392.353157 45.177428 107.056060 176.527618 331.903600 43.416587 263.245133 225.743217 82.419658 87.618491 229.651911 267.366789 211.945748 181.176709 181.705806 74.886581 336.269237 204.000000 243.704739 
196.000000 4.000000 3.000000 a 392.449997 226.176922 90.735880 199.123078 288.780193 43.931765 214.009346 133.090195 129.340636 325.000000 349.995714 110.535062 451.240512 366.307248 139.517024 50.990195 155.000000 273.122683 207.241405 211.834841 235.592869 241.400083 218.659553 275.138147 269.601558 324.815332 324.260698 303.145180 326.021472 385.922272 163.049072 200.384630 398.151981 335.953866 385.502270 226.106170 121.593585 414.566038 418.857971 150.950323 351.650395 375.299880 476.001050 329.874218 124.149104 442.923244 385.686401 332.677021 243.166610 339.281594 198.224620 72.917762 245.703073 141.226768 283.622989 134.617978 175.045708 96.664368 120.337027 301.822796 60.901560 404.259817 291.631617 217.958712 449.387361 211.858443 355.787858 312.285126 244.663034 100.801786 159.702849 115.485930 84.480767 403.297657 235.535560 84.000000 410.249924 335.335653 259.855729 381.466906 385.849712 383.063963 48.093659 316.766475 276.443484 392.674165 198.385987 249.897979 361.411123 392.868935 401.154584 331.167631 395.637460 45.880279 425.659488 78.089692 400.719353 312.155410 204.658252 341.562586 393.894656 428.441361 89.286057 187.882942 260.731663 338.090225 128.413395 343.984011 164.222410 132.966161 178.549713 314.841230 326.055210 302.971946 241.913208 272.066168 165.302753 353.327044 247.080958 290.766229 
152.000000 8.000000 4.000000 a 258.001938 210.950231 282.285317 227.741081 291.084180 292.714878 244.393126 146.577624 137.277092 186.796681 90.801982 284.481985 203.002463 105.304321 287.689068 222.854212 111.018017 328.955924 90.249654 172.539850 315.784737 273.514168 93.059121 364.660116 129.957685 176.173210 146.986394 176.875663 64.513564 381.407918 275.748073 75.006666 149.053682 75.927597 123.693169 67.082039 242.051647 365.935787 300.416378 111.364267 217.204972 368.089663 378.054229 228.081126 207.038644 345.914729 215.002326 248.020160 324.274575 240.033331 151.634429 227.035240 206.634944 222.506180 34.438351 279.331344 209.066975 218.449079 160.589539 94.047860 270.053698 312.656361 243.977458 340.755044 192.002604 218.769285 258.141434 366.150242 259.113875 238.321212 191.595929 286.015734 257.955423 322.063658 253.899586 233.803336 162.077142 255.550386 364.967122 122.249744 138.361844 202.726417 245.709178 54.561891 103.773792 297.006734 72.006944 297.423940 331.146493 240.919074 332.615394 315.087289 385.368655 294.328048 175.071414 316.635437 226.715681 270.475507 154.379403 114.494541 156.732256 181.069048 207.932681 331.837310 241.033193 80.280757 282.081548 263.577313 195.971937 172.534055 262.206026 272.809457 163.217646 350.964386 147.410990 294.435052 280.415763 91.389277 95.189285 110.981981 
190.000000 6.000000 5.000000 a 408.099253 333.256658 242.835335 337.748427 418.389770 316.180328 132.574507 223.000000 200.202398 335.644157 210.202284 233.824721 321.512053 213.927558 361.365466 223.015695 147.217526 443.301252 90.669730 294.703241 420.475921 389.802514 222.467975 470.383886 20.518285 325.627087 297.309603 323.630963 184.200977 516.085264 194.589311 115.316955 273.738927 197.466453 222.036033 199.489348 186.807387 509.000000 450.202177 165.003030 366.652424 502.802148 527.424876 374.092235 160.639348 494.801981 364.935611 392.298356 429.513678 386.253803 269.942586 278.921136 75.006666 158.672619 182.433550 353.001416 312.257906 283.436060 231.311478 244.247825 247.412611 460.358556 380.159177 431.844880 295.670425 108.240473 404.911101 483.944212 379.288808 304.304124 289.691215 349.366570 222.748737 468.744067 372.081980 204.352636 285.938805 399.392038 465.004301 233.420222 266.593323 352.150536 234.710460 172.362989 50.249378 444.775224 179.323730 411.428001 469.265383 391.246725 477.825282 449.043428 521.529481 284.255167 293.955779 348.588583 376.191441 407.442020 275.312550 259.416653 291.384626 303.318315 267.977611 413.284406 369.362965 157.813181 352.320876 407.947301 124.197423 256.000000 358.005587 410.030487 313.292196 469.552979 282.846248 416.158624 366.852832 198.010101 236.712906 260.601228 
248.000000 9.000000 2.000000 a 45.254834 208.952148 480.803494 245.350769 213.300258 425.042351 490.474260 291.568174 306.218876 93.904207 216.004630 491.199552 176.819117 225.077764 346.733327 405.291253 324.696782 275.138147 337.831319 209.038274 294.715117 242.785914 216.538680 320.914319 384.689485 95.603347 110.941426 115.732450 232.467202 235.127625 504.019841 314.796760 174.957138 222.279104 234.335230 226.019911 460.525786 181.648011 73.545904 310.807014 69.462220 225.763150 143.401534 103.121288 428.590714 121.202310 40.459857 116.468880 297.941269 100.623059 220.658107 350.462551 460.244500 450.071105 222.766694 342.299576 256.943574 328.123452 301.628911 161.443489 457.515027 109.931797 162.049375 341.884483 214.009346 466.502947 97.005155 286.923335 225.807440 335.180548 264.000000 363.736168 458.802790 125.538839 230.256379 436.743632 171.685759 120.652393 335.815425 213.770905 171.840042 53.413481 430.081388 241.598841 356.721180 100.239713 258.503385 259.849957 186.206874 27.658633 144.180443 197.314470 231.365512 463.579551 180.335798 429.912782 29.681644 164.468842 214.238185 150.046659 144.810221 170.073514 330.945615 357.123228 193.597521 272.752635 349.841393 118.406081 432.807116 285.910825 290.318790 163.932913 99.744674 274.898163 177.225845 234.446156 318.449368 234.360833 189.214164 150.632002 
221.000000 1.000000 3.000000 a 198.919582 69.426220 261.122577 81.743501 154.538021 206.770404 300.892007 72.006944 92.005435 128.565159 201.814271 273.441036 276.799566 220.410980 156.847059 184.715998 130.633074 184.271539 174.255559 31.016125 169.799882 129.034879 53.851648 218.680132 246.910915 128.191263 131.244047 106.887792 188.663722 253.692728 295.853004 148.761554 229.200785 192.210822 240.840196 79.120162 249.064249 256.017578 230.325856 111.830228 156.467249 240.553528 297.026935 140.545366 221.298441 262.840256 189.129585 149.806542 178.263849 151.604749 6.082763 130.862523 290.423828 244.934685 142.667445 149.459024 65.734314 110.634533 80.006250 125.000000 236.298540 224.200803 122.413235 197.246039 286.434984 281.602557 170.038231 223.056047 116.430237 123.130013 55.000000 163.783394 240.435022 227.563178 110.040901 220.036361 239.133854 154.796641 219.173447 228.711609 216.813284 187.216452 209.038274 185.593642 230.956706 210.297408 85.586214 152.397507 210.261742 196.900990 231.233648 187.040103 259.955765 241.132744 255.519080 217.720004 204.156802 149.214611 12.206556 165.024241 215.946753 254.939208 110.290525 192.800415 106.042444 221.000000 154.615653 164.015243 237.185581 64.000000 119.364986 151.990131 130.384048 208.153789 45.276926 153.062079 141.495583 213.560296 68.593003 104.656581 
250.000000 4.000000 2.000000 a 117.957620 199.200904 419.010740 234.087590 240.468293 386.167062 407.888465 237.760384 246.032518 85.440037 119.012604 426.385975 111.251966 129.034879 330.541979 347.144062 251.543237 298.638578 253.124475 181.121506 306.178053 252.461878 153.013071 343.918595 292.205407 74.202426 50.537115 99.035347 135.665029 295.670425 430.360314 232.544619 86.579443 125.195847 140.246212 152.895389 390.366494 255.566038 160.227963 241.174211 95.566731 283.924286 236.681220 130.000000 356.527699 209.847564 61.131007 152.856142 311.899022 136.926988 181.515840 310.319191 372.227081 375.960104 131.487642 324.229857 234.797785 291.096204 250.459578 76.537572 399.361991 187.096232 181.664526 348.173807 137.992753 382.827637 147.091808 322.256109 234.079046 303.578655 233.053642 341.669431 395.567946 201.002488 234.827596 372.108855 88.056800 160.365208 353.895465 119.682914 80.006250 45.221676 372.193498 145.244621 263.286916 173.002890 185.951607 274.721677 242.167298 93.171884 217.278623 241.472566 295.025423 412.485151 101.592323 398.362900 67.535176 197.676503 177.200451 53.814496 57.723479 94.810337 289.290511 354.904212 202.548760 175.635987 330.534416 163.884105 354.400903 242.637590 280.964411 198.564851 60.108236 307.936682 140.117808 256.204996 308.038959 137.480908 124.064499 80.099938 
157.000000 8.000000 3.000000 a 123.320720 56.080300 340.147027 92.698436 105.019046 271.737005 379.906567 152.643375 173.002890 66.708320 214.704448 353.305817 255.618857 232.180964 193.680149 263.592489 208.278659 156.668440 243.987705 57.870545 160.589539 107.168092 107.354553 200.524313 311.040190 73.783467 98.081599 47.434165 211.992924 189.718212 376.876638 218.057332 218.892668 210.237960 250.784768 130.633074 330.048481 180.099972 150.615404 190.276115 85.211502 176.400113 216.009259 60.745370 302.235008 181.818591 129.340636 68.883960 166.604322 71.112587 76.850504 198.595065 365.005479 325.779066 174.002874 188.692872 102.313244 175.513532 159.210552 126.649122 314.197390 143.223601 52.345009 202.566039 276.260746 359.562234 89.185201 186.271308 88.865066 181.024860 110.887330 209.475536 320.206184 147.105404 89.095454 300.421371 225.290923 74.249579 208.968897 233.790505 208.031248 133.330417 287.308197 213.677327 290.341179 129.274901 152.315462 130.207527 140.132081 127.251719 152.118375 123.583980 193.829822 315.065073 241.008299 275.356133 143.405021 78.854296 69.641941 156.083311 196.636721 236.763595 180.269243 211.123187 59.059292 251.718096 196.002551 83.450584 316.786995 138.235307 139.316187 81.252692 85.702975 171.128607 46.957428 115.451288 167.314076 230.930726 96.509067 98.762341 
238.000000 7.000000 2.000000 a 105.323312 75.272837 356.001404 111.946416 114.769334 290.441044 390.346000 167.263266 186.453748 47.885280 206.526027 368.635321 240.208243 223.439030 213.046943 279.474507 218.524598 170.017646 250.449596 75.312682 176.867182 123.044707 113.463651 214.804562 314.930151 56.080300 83.862983 30.479501 206.242576 191.441897 390.231982 224.659743 205.827598 203.305189 241.366941 134.647688 343.873523 175.045708 135.070352 201.136769 66.030296 178.280678 203.590275 45.486262 315.158690 169.425500 110.054532 58.821765 182.439031 57.008771 91.787799 216.815590 372.800215 338.421335 171.172428 208.096132 121.593585 193.932978 174.771279 118.949569 330.552568 131.529464 57.489129 220.000000 262.573799 369.283089 75.927597 196.977156 104.661359 200.002500 129.387016 228.886435 335.596484 137.131324 105.891454 315.293514 211.473403 65.513357 224.403654 223.591145 195.432853 114.490174 303.488056 209.009569 292.856620 116.846053 159.402008 145.248064 139.742621 108.074049 144.267113 127.192767 194.486503 332.567286 226.883230 294.550505 124.040316 81.024688 84.693565 144.668587 182.222392 222.036033 198.116128 229.612717 73.109507 247.000000 215.415877 74.330344 327.867351 155.080624 158.398232 83.000000 69.526973 182.082399 55.172457 127.945301 186.453748 223.450218 97.862148 91.350972 
223.000000 7.000000 5.000000 a 95.000000 199.699775 436.569582 235.715931 231.624696 397.112075 431.189054 252.017857 262.291822 78.873316 145.344419 444.812320 123.166554 154.728795 334.701359 363.411612 271.737005 291.547595 276.725496 186.574382 302.423544 248.519617 169.186288 337.379608 317.982704 70.491134 60.008333 96.896852 162.289864 278.919343 451.257133 255.362487 108.115679 151.792622 164.924225 172.255624 410.201170 235.187160 136.066160 260.249880 80.062476 267.675176 211.492317 117.596769 376.808970 185.690603 37.013511 139.291062 307.522357 122.588743 190.433716 321.168180 396.930724 396.868996 156.646098 328.867755 239.585058 300.885360 264.047344 98.838252 415.832899 165.245272 173.484870 346.216695 154.780490 406.388976 130.034611 312.246697 230.217289 311.905434 240.401747 347.575891 413.464630 179.713661 232.002155 390.328067 107.298649 146.294224 348.764964 144.308697 103.247276 21.023796 388.490669 171.816763 289.276684 151.845316 205.496959 269.675731 226.013274 69.180922 196.725697 228.254244 277.483333 427.004684 118.869677 407.295961 41.231056 186.389377 185.367203 80.280757 78.006410 110.353976 300.413049 355.347717 197.840845 202.200396 335.574135 148.556387 376.463810 253.779432 282.708330 186.935818 61.351447 298.402413 147.220922 249.046180 310.369135 163.719272 140.160622 96.690227 
187.000000 2.000000 4.000000 a 131.400152 50.089919 353.974575 80.752709 61.684682 271.412969 407.932592 173.948268 196.824795 97.590983 258.062008 368.880740 293.211528 275.408787 179.337670 278.195974 238.247770 116.606175 279.427987 77.620873 126.826653 73.246160 145.330657 161.839427 349.124620 107.935166 137.557261 83.761566 255.548430 149.187801 398.208488 253.552756 259.538051 253.775491 293.804357 170.073514 350.453991 148.922799 146.768525 219.401459 104.235311 135.856542 199.964997 67.675697 325.281417 166.769302 154.236831 60.008333 131.502852 72.006944 102.078401 203.337158 397.780090 349.310750 217.082933 176.025566 101.242284 179.568928 177.341479 170.017646 326.352570 128.160056 15.811388 172.409396 316.243577 389.082254 84.023806 143.544418 55.470713 179.977776 117.720007 199.062804 335.871999 127.475488 59.464275 318.001572 265.137700 60.671245 172.586210 276.470613 249.104396 161.817799 300.466304 257.122539 329.848450 117.175083 188.111669 93.509358 102.883429 143.377125 127.412715 82.225300 154.324334 322.006211 280.479946 269.564464 166.580311 41.617304 95.414884 198.010101 235.771075 275.436018 187.843020 186.335719 22.847319 295.147421 184.002717 68.658576 343.918595 152.410630 121.593585 44.407207 122.641755 128.549601 86.145226 74.330344 149.345238 274.417565 138.361844 142.126704 
258.000000 7.000000 2.000000 a 521.329071 401.647856 165.469030 391.531608 483.740633 284.508348 38.897301 274.116763 250.203917 445.567054 358.376897 146.509385 472.945029 365.321776 372.247230 200.820816 210.722566 489.310740 191.942700 368.897005 457.083143 443.798378 318.454078 503.160014 173.649071 438.401642 417.712820 428.553381 330.643312 586.072521 85.906926 213.908859 422.120836 344.244099 376.017287 303.804213 120.813906 595.385589 559.797285 228.484135 477.423292 573.561679 632.509288 473.972573 128.693434 598.453006 488.484391 487.221715 465.769256 485.931065 344.815893 287.137598 83.024093 105.621967 315.069834 365.410728 363.235461 303.244126 274.116763 369.875655 188.042548 560.771790 461.705534 451.425520 450.457545 62.265560 505.000990 530.969867 439.264157 319.452657 340.270481 351.693048 160.012500 565.749061 430.481126 159.138305 434.883893 492.967545 491.418355 384.959738 413.353360 478.314750 194.365635 318.286035 202.805325 546.003663 272.998168 460.219513 547.800146 509.746015 570.561127 521.851511 593.809734 225.641308 444.815692 318.265612 501.698116 488.043031 351.752754 395.102518 435.295302 453.176566 287.696020 424.449055 440.835570 311.541330 361.265830 502.143406 102.615788 301.683609 393.040710 490.854357 430.015116 518.772590 374.076195 474.216195 390.356248 349.057302 342.230916 378.029099 
232.000000 9.000000 4.000000 a 506.463227 369.120577 98.127468 353.389304 446.878059 222.396043 67.424031 243.287895 221.812984 431.157744 373.289432 78.000000 488.364618 383.334058 319.225626 149.217961 195.071782 444.686406 197.587955 340.587727 409.939020 403.628542 303.713681 453.476571 206.400097 425.832127 410.332792 412.112849 345.137654 548.665654 20.124612 213.466625 435.239015 358.431304 397.001259 294.390897 67.801180 565.031858 541.970479 209.418242 462.411073 536.730845 610.800295 453.282473 92.655275 576.601249 480.674526 463.624848 418.248730 464.760153 318.290748 237.901240 127.263506 69.835521 320.455925 313.177266 325.399754 257.110871 239.760297 367.773028 124.149104 538.014870 432.597966 398.647714 471.106145 88.238314 483.480093 485.707731 401.659059 270.519870 303.646176 296.743997 98.371744 541.147854 392.562097 105.309069 448.264431 468.533884 439.873846 402.548134 425.114102 472.461639 136.488095 332.939935 231.311478 524.008588 261.451716 417.484131 514.898048 498.260976 543.743506 487.083155 557.218987 159.314155 460.108683 255.154855 494.782781 457.655984 325.479646 398.493413 443.829922 467.131673 242.738542 369.748563 408.006127 334.252898 308.058436 477.745748 91.241438 265.905998 347.588838 460.483442 420.002381 474.605099 353.344025 434.669990 340.882678 367.230173 330.534416 370.692595 
Type de surveillance de chaque endroit(target):tab[nombre de target]
a a a a a a a a a a a a a a a a a a a a a a a a a a a a a a a a a a a a a a a a a a a a a a a a a a a a a a a a a a a a a a a a a a a a a a a a a a a a a a a a a a a a a a a a a a a a a a a a a a a a a a a a a a a a a a a a a a a a a a a a 