Nombre des capteurs:
30
Nombre des targets:
70
Nombre de type de surveillance:
1

Caracteristiques:
203.000000 4.000000 3.000000 a 473.032768 513.089661 302.337560 293.462093 181.107703 329.660431 394.077404 250.744890 58.137767 423.548108 467.124180 454.318170 308.585482 523.772852 301.400066 479.009394 502.189207 307.416655 497.096570 321.309819 382.487908 227.782791 71.400280 251.644591 434.897689 470.422151 531.416974 268.128700 362.415507 423.869084 338.303119 260.123048 376.247259 360.334567 261.658174 284.344861 550.040908 299.081929 300.507903 174.794165 312.616378 376.830200 131.745968 369.415755 179.234483 350.138544 325.926372 130.667517 280.321244 405.720347 385.861374 123.907223 356.552941 341.457172 267.239593 397.200201 470.255250 281.312993 294.944062 492.305799 313.344858 80.721744 266.377552 513.351731 350.652249 271.035053 352.404597 431.625996 403.112887 346.770818 
240.000000 7.000000 1.000000 a 247.163913 409.180889 57.567352 432.539016 163.884105 233.310951 303.712035 368.126337 335.276006 256.322063 229.270583 276.016304 134.331679 370.345784 272.058817 411.130150 417.468562 183.698122 281.902465 342.242604 230.184708 134.629120 234.478144 206.206207 286.555405 330.504160 395.132889 296.730517 428.598880 212.143819 146.536685 335.335653 184.878338 475.681616 237.185581 82.377181 391.000000 422.965720 419.314917 388.542147 203.570627 433.586208 280.251673 114.725760 134.629120 183.393021 271.090391 216.092573 225.144398 347.541364 135.856542 178.619708 347.332694 242.423184 116.846053 227.125516 514.884453 382.660424 440.511067 426.550114 395.409914 349.757059 89.805345 323.790055 422.271240 60.876925 271.670757 338.155290 401.808412 102.313244 
190.000000 5.000000 2.000000 a 165.653252 256.035154 103.773792 316.362134 128.222463 73.817342 144.222051 255.538647 318.190195 121.078487 163.682620 149.833241 26.907248 233.805475 124.036285 252.033728 260.654944 25.612497 188.095720 197.091349 83.198558 84.723078 238.597988 83.294658 142.579802 185.558616 251.914668 165.420676 286.150310 116.017240 40.000000 212.793327 67.801180 344.479317 105.223572 78.771822 258.240198 301.988410 296.863605 318.251473 45.254834 287.923601 221.652882 105.948101 144.027775 41.617304 115.364639 181.474516 82.565126 187.472665 108.664622 197.266317 193.331322 82.365041 56.320511 91.678787 361.487206 259.788375 325.848124 267.529438 262.640439 322.931881 79.511006 208.031248 282.209142 105.513032 111.830228 180.205438 245.538184 89.894382 
216.000000 1.000000 4.000000 a 248.744849 219.938628 217.039167 201.062179 151.082759 67.364679 103.600193 146.154028 279.331344 166.784292 256.859884 196.063765 147.353317 240.482848 8.246211 188.403822 209.618701 97.308787 256.470271 75.802375 132.003788 142.705991 235.372046 65.795137 162.289864 187.395304 242.260191 51.195703 164.514437 204.550727 159.088026 99.849887 164.438438 222.946182 37.483330 186.810064 266.737699 184.694342 179.011173 235.849528 80.777472 167.430583 169.743925 227.477471 189.190380 135.340312 35.355339 169.056204 42.449971 113.951744 227.484065 220.056811 83.258633 72.532751 150.655236 153.759553 247.858831 143.125819 211.021326 202.674616 141.481448 275.408787 177.721693 250.063992 160.178026 206.867107 66.068147 139.186925 139.204885 211.981131 
238.000000 8.000000 2.000000 a 302.324329 204.355083 297.469326 153.101274 221.720545 133.701159 121.807225 119.553335 306.757233 213.009389 315.063486 237.118114 226.108381 251.829307 76.694198 155.595630 183.831445 174.484956 301.802916 12.649111 188.247178 221.054292 287.085353 144.031247 196.305884 204.834079 242.495361 68.359345 87.664132 264.357712 234.412030 81.633327 231.521057 154.728795 113.159180 267.379880 275.980072 133.454112 126.826653 231.458420 155.913438 87.982953 202.230067 303.295236 261.963738 205.565075 88.022724 224.396970 123.044707 95.441081 300.847137 283.853836 29.832868 132.563192 231.250946 209.876154 168.107109 99.984999 163.193137 166.207701 81.024688 297.112773 258.257623 281.584801 86.122006 287.367361 109.036691 140.003571 70.000000 289.499568 
108.000000 2.000000 2.000000 a 370.885427 302.034766 311.724237 82.969874 196.824795 189.525724 208.540164 24.351591 220.054539 287.236836 378.910280 315.291928 255.219513 344.746284 125.514939 253.001976 281.584801 211.945748 377.413566 86.278618 254.017716 217.313138 224.521714 154.120083 278.172608 294.837243 338.289817 71.253070 106.531685 326.571585 273.380687 22.360680 285.043856 126.574089 128.565159 280.471032 369.801298 71.119618 67.416615 133.809566 199.040197 120.503112 128.097619 338.892313 236.890270 255.007843 151.921032 173.556907 152.472948 191.846293 342.381366 238.924674 127.349912 194.363062 243.082291 275.862284 214.401493 31.827661 92.195445 262.931550 57.974132 207.171427 266.129668 366.084690 95.126232 292.588448 181.837840 233.805475 157.581725 320.390387 
202.000000 6.000000 4.000000 a 157.457931 171.002924 188.448932 290.167193 190.706581 31.890437 58.137767 238.662942 357.598937 73.539105 168.297356 103.353761 111.427106 162.889533 89.022469 165.496224 173.968388 68.029405 163.217646 149.656273 41.109610 158.398232 295.237193 109.553640 74.411021 110.072703 174.255559 144.249783 234.047004 117.098249 104.403065 192.106741 87.321246 301.797946 106.526992 165.423698 189.029098 272.413289 266.270539 327.536258 52.952809 231.482181 250.379712 169.070991 217.706224 67.941151 63.285069 230.670761 82.758685 105.118980 161.604455 264.367169 130.034611 21.633308 140.911320 63.031738 291.508147 232.348876 300.308175 180.953033 224.142812 357.106427 165.921668 159.402008 233.379519 192.346042 38.600518 93.391648 173.899396 161.335055 
259.000000 8.000000 4.000000 a 266.007519 435.643203 85.088190 458.449561 187.552659 261.725047 331.621773 394.062178 350.365523 281.305883 246.675901 299.668150 162.348391 394.383063 300.562805 438.846215 444.623436 212.143819 301.378500 370.534749 256.727482 161.471360 249.242853 234.232790 312.217873 355.984550 420.023809 324.445681 456.610337 234.053413 173.080906 362.270617 209.938086 502.773309 265.279098 110.941426 414.348887 449.348417 445.839657 409.923164 232.045254 461.784582 301.981788 134.536240 155.232084 210.297408 299.686503 237.002110 253.621766 375.825757 155.167651 194.002577 375.917544 270.712024 145.344419 252.602454 543.415127 409.376355 466.244571 454.234521 422.834483 366.000000 118.190524 345.418587 450.138867 89.106678 300.041664 365.656943 430.409108 125.323581 
132.000000 3.000000 2.000000 a 285.224473 149.806542 319.864034 199.491854 266.174755 143.586211 98.081599 176.181724 365.892061 195.058965 301.734983 213.265093 243.836010 207.781135 108.466585 97.308787 126.589889 191.801981 277.848880 72.090221 181.135309 256.846258 341.474743 180.892233 170.695636 167.200478 193.196791 123.320720 109.444050 254.778335 244.989796 140.943251 231.397926 183.199345 152.800524 291.898955 229.895628 179.245642 172.568827 289.689489 171.825493 100.319490 260.249880 312.193850 304.690006 210.845915 103.174609 277.000000 153.521985 53.009433 305.738450 333.061556 35.057096 137.360839 258.642611 200.531793 147.299016 152.793979 209.057408 107.070071 126.491106 356.545930 286.094390 248.453215 114.481440 315.145998 107.935166 99.609237 29.681644 302.173791 
204.000000 3.000000 4.000000 a 21.931712 244.761108 201.556444 466.901489 301.809543 199.832430 208.830074 413.233590 495.395801 111.830228 15.811388 97.529483 173.833253 171.467198 264.282046 279.873186 268.151077 188.854441 49.658836 326.185530 136.132289 254.566298 411.000000 255.890602 138.538803 163.003067 204.804785 318.198052 407.592934 63.890531 144.201248 367.021798 110.981981 477.514398 268.555395 205.681793 181.135309 449.360657 443.253878 491.432600 194.920497 402.951610 398.923552 130.678996 306.884343 141.315250 240.168691 358.062844 242.332416 256.164010 109.590146 363.477647 301.935424 195.576072 215.336945 114.109596 447.934147 408.959656 477.008386 291.564744 401.031171 500.632600 221.070125 104.235311 408.166633 228.265197 214.149481 216.674872 335.161155 148.354306 
105.000000 3.000000 2.000000 a 525.818410 544.136012 363.962910 282.391572 235.229675 371.064684 429.075751 252.669745 46.529560 469.538071 521.775814 500.639591 363.056469 563.401278 333.588069 504.631549 530.023584 355.373043 547.644045 339.977940 428.509043 283.019434 131.320219 294.373912 477.356261 509.801922 567.736735 292.154069 365.584464 476.245735 392.502229 273.212372 428.094616 350.068565 298.600067 343.949124 589.801662 292.207118 295.042370 153.394915 357.807211 381.211228 156.064089 428.878771 239.770724 400.372327 360.284610 178.832324 320.351370 433.797188 444.299449 186.601179 378.450789 382.196285 323.447059 444.973033 471.424437 283.591255 281.575922 516.846205 317.165572 57.314920 325.576412 559.396997 353.451553 332.777704 388.973007 464.762305 419.362612 406.070191 
225.000000 3.000000 5.000000 a 395.637460 222.445499 425.000000 172.409396 349.274963 252.857667 209.847564 188.382589 398.453259 306.202547 413.168247 321.885073 351.135302 298.202951 204.892655 163.624570 192.002604 298.804284 385.268737 137.713471 293.846899 350.887446 401.463572 273.879536 279.529963 267.917898 275.109069 192.353841 75.325958 367.151195 355.218243 179.067027 343.861891 120.507261 242.989712 395.551514 315.626361 155.926265 151.168780 295.918908 279.206017 60.000000 307.483333 423.264693 390.020512 322.304204 209.028706 343.861891 251.859088 161.276161 417.712820 406.765289 131.045794 248.072570 360.111094 313.121382 38.275318 157.384879 178.440466 162.505385 124.064499 383.600052 387.331899 349.961426 87.464278 416.515306 219.385505 203.179723 83.192548 411.986650 
119.000000 8.000000 1.000000 a 263.592489 96.041658 333.839782 253.071136 301.663720 157.699081 89.498603 231.365512 417.258912 177.341479 283.128946 188.308258 256.425428 162.496154 144.031247 42.201896 71.421285 207.234167 249.899980 125.717938 175.362482 284.829774 385.939114 213.138453 147.135992 130.698125 143.251527 172.029067 157.581725 241.598841 251.097591 195.041021 228.422853 230.338881 189.002645 308.650288 182.148291 232.845442 226.225551 344.607023 187.771137 145.499141 309.903211 314.014331 337.748427 214.200840 128.565159 320.145280 182.857868 43.081318 304.069071 372.000000 85.422479 148.033780 279.145124 190.905736 163.746756 207.894204 262.406174 53.310412 180.693110 408.931535 306.026143 212.595861 164.596476 334.175104 119.230868 68.876701 66.850580 307.800260 
204.000000 9.000000 1.000000 a 286.274344 91.411159 367.631609 268.262931 336.168113 192.200416 121.794910 253.775491 446.256653 203.494472 307.092820 210.618138 290.244724 169.425500 178.070211 33.000000 61.131007 241.615397 269.180237 152.463110 205.883462 319.756157 418.646629 247.822517 171.467198 147.627911 144.419528 202.529010 167.630546 268.495810 283.778082 220.945695 259.023165 237.191905 223.181540 342.883362 185.218790 248.316331 241.896672 368.143994 222.283603 153.394915 340.123507 345.307110 372.507718 246.564393 163.416645 353.192582 217.671771 77.794601 334.427870 406.078810 114.284732 182.258059 313.805672 219.920440 150.269757 228.035085 277.043318 32.649655 198.237232 436.945077 340.599472 227.070474 176.476627 368.620401 153.792067 94.847246 79.981248 340.072051 
242.000000 8.000000 5.000000 a 204.707108 149.264865 236.171548 248.171312 209.611545 59.033889 31.144823 203.592731 351.978693 115.004348 218.508581 139.441744 158.927656 169.177422 65.000000 126.479247 142.790056 108.673824 203.887224 103.097042 93.637599 187.808413 303.942429 120.813906 99.724621 117.004273 169.614268 115.420969 182.164761 169.097605 157.003185 157.889202 142.523682 252.285552 103.121288 210.202284 195.207582 229.261859 222.804847 303.819025 89.050547 178.263849 242.404620 223.439030 243.100802 122.024588 38.483763 237.497368 89.560036 55.713553 216.688717 282.304800 76.687678 50.219518 180.360750 114.284732 236.349318 191.760267 258.366019 141.795628 178.241409 348.001437 207.238992 187.032083 182.701943 235.459126 20.591260 67.230945 118.713942 214.282524 
251.000000 9.000000 1.000000 a 428.444862 373.569271 340.277828 82.855296 208.165799 247.606543 276.795954 51.884487 164.878743 349.107433 433.866339 378.430971 296.006757 414.223370 187.459329 324.427188 353.135951 260.230667 438.456383 157.813181 313.065488 241.350368 198.002525 195.310010 343.495269 363.329052 409.029339 132.378246 161.623018 381.811472 318.509027 90.138782 337.201720 149.325149 177.290722 310.098371 439.608917 88.459030 90.553851 62.769419 251.029879 177.685115 103.276328 379.258487 243.310501 306.444122 215.557417 165.894545 203.383874 263.077935 386.046629 228.319951 198.909527 254.448423 274.641585 334.306745 266.422597 80.956779 85.586214 334.095795 114.560028 148.003378 293.410975 431.584291 149.459024 316.355812 246.434575 304.095380 226.991189 358.738066 
153.000000 3.000000 4.000000 a 216.390850 157.098695 239.384628 235.586502 205.039021 62.008064 42.638011 191.023559 342.171010 127.035428 229.682389 151.907867 162.609963 180.812057 55.072679 130.003846 148.475587 111.220502 216.226733 90.669730 103.846040 185.924716 296.710296 116.017240 112.361025 129.034879 180.069431 103.585713 171.020467 179.738699 162.855764 145.413204 151.158857 240.532742 95.801879 212.492353 206.712361 216.723326 210.280765 291.893816 91.268834 167.720005 232.568270 230.228148 239.754041 129.034879 31.256999 230.228148 85.023526 56.568542 224.414795 277.041513 66.098411 55.226805 181.245690 124.951991 229.008733 179.120071 245.782424 145.031031 165.873446 337.699571 208.432243 199.672231 171.172428 237.033753 26.076810 76.157731 111.521298 220.047722 
111.000000 1.000000 3.000000 a 170.519794 198.161550 168.585290 280.001786 162.249807 12.369317 80.808415 224.877745 331.694136 94.625578 177.814510 125.602548 91.268834 190.968584 77.103826 188.480768 199.331382 42.449971 181.245690 145.880088 55.461698 130.552671 267.202171 82.462113 101.257099 138.397977 202.714084 129.869165 233.623629 125.483067 91.049437 178.809955 86.492774 297.865742 83.725743 143.265488 217.002304 263.273622 257.437371 307.379245 25.019992 233.070805 225.610283 159.201131 189.552104 59.615434 57.939624 203.029554 58.249464 122.588743 155.183762 235.906761 133.988806 17.492856 115.732450 76.216796 300.507903 222.009009 290.001724 204.004902 217.830209 332.031625 141.760361 183.447540 231.482181 169.248338 47.201695 118.608600 183.371208 148.070929 
283.000000 6.000000 3.000000 a 354.746388 238.562361 343.402097 110.385687 253.339693 185.625968 171.842952 97.498718 303.916107 265.092437 367.763511 288.340077 274.754436 295.447119 125.239770 183.632786 213.824695 224.075880 353.239296 52.392748 241.014522 260.461130 301.822796 185.396872 246.894714 251.543237 282.242803 97.005155 37.202150 317.127735 285.029823 79.630396 283.924286 102.176318 154.382642 312.673952 318.311169 90.138782 83.486526 211.570319 206.247424 43.566042 208.614477 353.837533 294.363721 257.437371 140.132081 244.444268 169.189243 137.898513 352.264105 307.883095 75.663730 185.067555 275.670093 262.619497 136.297469 68.963759 119.887447 190.918831 38.183766 290.841881 301.973509 330.492057 33.526109 330.691699 161.789987 184.694342 80.156098 339.117974 
272.000000 9.000000 3.000000 a 31.000000 247.111311 172.652831 446.054929 272.618781 178.070211 196.290601 390.755678 466.717259 100.647901 14.212670 94.762862 144.616735 180.235956 243.032920 276.588141 267.994403 162.560758 67.007462 307.774268 117.098249 225.228773 381.561266 229.582229 131.487642 162.732910 212.228650 295.895252 391.448592 41.109610 115.108644 344.907234 84.480767 459.930430 243.971310 176.025566 193.540693 429.018648 423.057916 465.611426 170.229257 387.827281 371.429670 102.786186 277.189466 115.247560 220.383756 329.261294 217.892175 245.307970 81.596569 333.802337 286.246397 175.139944 185.800969 95.524866 438.055933 388.046389 456.088807 289.278413 381.955495 472.339920 191.342625 117.630778 391.269728 198.879360 196.305884 209.246266 323.154762 119.419429 
217.000000 3.000000 1.000000 a 102.883429 195.437970 302.907577 493.401459 382.341470 246.294539 219.093587 449.197061 567.366724 143.450340 122.188379 112.605506 259.326050 111.682586 302.319368 246.951412 225.142177 255.988281 69.354164 347.800230 183.662734 338.023668 492.659111 318.308027 146.700375 139.434572 143.000000 357.404533 415.523766 144.533733 230.551513 403.000000 188.671672 489.035786 321.449841 301.424949 105.309069 474.051685 467.471924 543.155595 254.153497 406.873445 463.262345 235.314683 395.284708 212.701669 274.213421 433.461648 296.319085 253.779432 214.182165 450.408703 314.014331 237.356272 302.592135 166.291912 429.284288 437.666540 503.564296 253.948814 421.770080 569.140580 314.311947 59.203040 419.227862 326.657313 243.483059 206.968597 330.340733 250.169942 
119.000000 6.000000 3.000000 a 454.133240 341.344401 412.074022 28.160256 295.832723 277.129933 275.757140 86.452299 273.227012 365.997268 465.130089 390.957798 352.978753 400.985037 212.360542 284.318483 314.841230 306.858273 455.431663 148.569849 338.023668 318.025156 306.471858 253.298243 350.344117 357.001401 386.943148 164.711870 89.643739 413.349731 368.925467 118.848643 375.586208 40.049969 225.800797 380.784716 423.615392 29.681644 33.615473 157.257750 291.852703 104.737768 209.121974 435.991972 335.073126 346.770818 234.104677 265.580496 247.630774 243.515913 437.878979 330.605505 180.446668 279.302703 343.292878 360.012500 172.351385 70.936591 29.068884 289.458114 73.334848 254.489685 366.715148 435.271180 80.993827 393.300140 260.192237 290.303290 179.245642 418.422036 
216.000000 5.000000 4.000000 a 207.152118 131.320219 252.539106 253.061257 228.560714 76.550637 21.377558 212.228650 368.048910 116.726175 222.685877 138.003623 175.137089 157.003185 81.006173 107.563934 123.911259 125.924581 203.000000 107.517440 101.710373 206.642203 322.121095 139.703257 96.332757 106.550458 154.673850 127.988281 180.224860 175.114248 171.187032 167.523133 153.003268 252.097203 121.165177 227.270764 182.584227 233.653590 227.070474 315.748317 106.625513 174.656806 258.451156 236.211769 262.093495 135.103664 56.320511 255.644284 108.461975 38.587563 228.177562 301.159426 75.059976 66.640828 198.275061 120.830460 226.035395 197.952014 263.210942 122.918672 181.463495 363.411612 224.955551 181.201545 182.024724 252.926867 38.327536 50.249378 109.123783 228.319951 
180.000000 9.000000 2.000000 a 518.700299 531.613581 361.167551 266.176633 229.612717 361.023545 417.484131 237.168716 35.355339 460.418288 515.349396 491.553659 356.910353 552.557689 321.726592 491.275890 516.979690 347.109493 539.741605 325.960120 419.486591 277.497748 129.522199 284.971928 467.309319 498.979960 556.181625 279.064509 349.961426 469.068225 386.167062 258.723791 420.837261 333.839782 287.841971 340.085283 578.955093 276.115918 279.007168 137.116739 348.764964 365.656943 144.267113 424.728148 236.864940 392.658885 348.749194 171.965113 310.177369 420.942989 439.614604 185.367203 364.773903 371.963708 318.121046 436.405774 455.580948 268.039176 265.318676 503.314017 301.663720 41.976184 321.572698 550.145435 337.817998 330.142394 377.800212 452.739439 404.882699 401.885556 
200.000000 4.000000 1.000000 a 353.782419 426.160768 177.611937 301.439878 70.213959 231.728289 304.573472 241.629882 156.160174 314.211712 345.937856 343.861891 189.274932 422.307945 224.008928 402.839919 421.222032 198.587512 380.295937 268.972118 274.155066 109.859001 55.785303 157.686398 330.904820 370.552291 435.129866 211.992924 335.953866 305.550323 218.826415 227.635674 259.260487 359.400890 179.011173 160.031247 447.889495 298.610114 297.235597 223.376364 208.568933 346.780911 122.004098 244.969386 55.000000 236.027541 241.913208 61.611687 188.939144 328.440253 261.910290 4.123106 294.462222 244.092196 146.454771 285.716643 439.965908 266.257394 306.897377 417.579932 290.903764 171.026314 142.411376 402.377932 326.019938 146.321564 262.246068 343.821174 348.381974 222.441003 
198.000000 7.000000 3.000000 a 21.095023 203.725305 204.619158 430.795775 286.379119 166.760307 167.529102 379.317809 475.820344 71.175839 43.931765 54.589376 161.027948 134.614264 229.654088 237.134983 226.152603 164.468842 30.232433 288.140591 101.390335 240.831892 396.717784 230.208601 95.859272 120.739389 166.868211 284.524164 367.575843 45.276926 131.825642 332.813762 91.241438 438.369707 239.002092 202.141040 148.006757 412.752953 406.509532 463.001080 166.811271 362.328580 375.254580 139.917833 297.001683 118.228592 204.071066 339.824955 212.849712 214.009346 119.339851 352.647132 261.925562 160.853971 204.200881 80.006250 405.315926 373.100523 440.959182 249.018072 363.309785 479.338085 215.081380 72.835431 368.657022 227.554389 176.408617 173.850510 293.231990 152.554908 
125.000000 5.000000 1.000000 a 394.461658 402.498447 260.491842 193.597521 120.266371 230.521149 286.790865 140.801278 96.020831 331.144983 393.554316 362.277518 238.296034 421.523428 191.400104 365.067117 389.463734 220.510771 413.058107 204.841402 290.518502 164.939383 85.755466 155.862119 336.689768 367.947007 425.455051 152.777616 248.919666 344.942024 266.159726 144.055545 296.826549 256.704110 156.847059 233.931614 447.920752 194.550765 194.589311 109.767937 220.056811 262.619497 15.132746 314.356486 145.344419 267.366789 218.000000 63.639610 179.610690 292.945387 326.240709 118.190524 240.852652 241.248834 204.707108 308.402335 356.746409 169.920570 197.625909 377.895488 200.242353 95.015788 215.455332 420.487812 237.497368 232.008621 246.813695 322.622070 286.530976 291.880112 
216.000000 5.000000 3.000000 a 426.029342 309.095455 394.254994 47.423623 285.035086 251.366267 245.507637 81.841310 284.585664 337.179477 437.833302 361.419424 331.846350 369.167983 187.320581 252.121003 282.639346 284.017605 426.129088 120.037494 310.644491 302.952141 307.319052 234.367233 320.382584 325.751439 354.802762 143.673240 58.000000 386.411698 346.066468 102.200783 350.178526 38.418745 205.411782 362.972451 391.635034 32.140317 29.154759 174.040225 268.033580 73.661387 209.389589 413.948064 325.272194 322.046580 207.280004 260.762344 225.550438 211.896201 414.692657 326.220784 149.642908 252.669745 325.382851 332.543230 149.642908 56.639209 54.083269 257.406294 45.891176 267.366789 349.857114 404.589916 48.826222 377.270460 232.077573 258.804946 147.027208 397.246775 
267.000000 6.000000 4.000000 a 414.837318 462.649976 246.077224 278.212149 123.036580 275.118156 342.252831 226.373585 89.005618 366.809215 408.867949 397.412884 250.337772 469.131112 252.253840 431.912028 453.616578 250.409664 439.159424 281.001779 325.848124 169.531708 13.416408 197.223224 379.381075 416.058890 478.223797 225.319773 333.024023 365.728041 280.058922 226.048667 318.201194 342.147629 210.297408 226.896452 495.274671 279.978571 280.144606 177.101666 256.563832 346.151701 98.979796 311.977563 122.102416 292.412380 275.118156 76.157731 226.931708 357.761093 328.086879 68.883960 313.253891 287.139339 209.009569 339.991176 440.501986 255.196003 281.641616 445.772363 284.782373 106.367288 208.751048 456.429622 321.846237 214.853438 300.088320 380.532522 363.034434 289.254213 
202.000000 1.000000 1.000000 a 453.477673 273.592763 478.357607 179.627392 394.220750 308.768522 267.777893 213.178329 420.459273 364.127725 471.097654 379.527338 405.764710 352.142017 257.526698 216.009259 242.668498 353.577431 442.634160 186.938493 351.512446 400.136227 435.765992 323.890414 337.250649 324.359369 327.258308 237.741456 106.887792 425.042351 411.175145 215.355520 401.143366 114.756263 292.754163 448.385994 368.164365 168.011904 165.193826 309.316990 334.246915 97.349884 339.005900 479.551874 435.252800 378.957781 264.200681 382.382008 304.069071 219.164322 474.570332 446.874703 186.461792 304.566906 412.248711 370.936652 34.785054 183.120179 182.718363 212.680512 153.378617 403.447642 439.182195 406.162529 117.000000 468.241391 276.284274 260.486084 141.031911 467.610949 
Type de surveillance de chaque endroit(target):tab[nombre de target]
a a a a a a a a a a a a a a a a a a a a a a a a a a a a a a a a a a a a a a a a a a a a a a a a a a a a a a a a a a a a a a a a a a a a a a 