Nombre des capteurs:
30
Nombre des targets:
50
Nombre de type de surveillance:
1

Caracteristiques:
185.000000 4.000000 4.000000 a 361.535614 279.401145 389.452179 375.532955 200.039996 329.028874 456.694646 199.090432 324.887673 462.550538 113.600176 400.026249 452.823365 157.622968 380.663894 267.217140 339.838197 386.358642 132.230859 378.651555 501.042912 483.712725 425.131744 484.430594 533.251348 376.616516 244.182309 296.710296 428.889263 428.160017 171.732350 136.312142 94.021274 452.382581 228.982532 444.707769 291.907520 382.844616 538.815367 399.440859 399.752423 354.682957 522.598316 549.753581 225.610283 417.258912 330.552568 571.342279 239.827021 528.985822 
185.000000 8.000000 2.000000 a 246.018292 172.191754 271.223155 286.006993 143.627992 191.313878 342.118401 145.835524 236.247751 322.074526 134.238594 285.015789 311.852529 128.809938 273.239821 152.839785 212.077816 247.309523 89.196412 238.549785 360.661892 340.177895 330.711355 340.898812 391.931116 250.545405 160.654910 186.424247 297.026935 310.522141 85.702975 130.000000 59.135438 328.306259 130.545011 301.728355 149.013422 258.984556 395.273323 276.741757 279.715927 281.753438 382.099463 406.361908 105.475116 284.622557 196.061215 427.800187 100.319490 386.068647 
163.000000 8.000000 4.000000 a 220.077259 246.829901 213.506440 287.758579 332.701067 138.917242 230.217289 327.482824 277.218326 72.006944 390.518886 209.153054 61.587336 351.512446 232.862620 223.215143 176.283862 103.368274 336.471396 97.514102 97.867257 51.884487 291.926361 52.773099 130.003846 160.853971 294.762616 223.635865 133.146536 205.827598 300.975082 377.005305 344.072667 184.010869 272.405947 44.102154 143.178211 189.113722 104.995238 196.308431 208.000000 325.591769 129.988461 115.745410 234.797785 126.589889 139.445330 137.440896 202.566039 98.386991 
199.000000 1.000000 1.000000 a 247.000000 310.077410 225.157722 425.828604 409.815812 222.991031 352.012784 466.615473 419.004773 182.280004 522.220260 343.284139 179.293056 487.247370 369.997297 364.387157 230.531993 165.517371 467.600257 171.825493 176.298043 96.628153 423.494982 95.634722 16.970563 299.808272 362.220927 366.191207 260.762344 333.997006 395.288502 467.634473 465.988197 304.540638 351.391520 111.328343 271.935654 210.487529 82.879430 204.919496 214.170493 465.842248 31.780497 101.980390 370.946088 258.131749 281.712620 87.206651 310.203159 123.405835 
224.000000 2.000000 5.000000 a 417.137867 375.554257 431.027841 51.078371 387.587409 316.840654 159.831161 129.139460 24.331050 272.442655 221.325552 119.954158 270.542048 171.572142 88.323270 114.109596 364.968492 343.198193 197.820626 330.552568 299.446155 347.116695 100.881118 348.116360 431.227318 145.382255 389.185046 89.470666 197.408207 145.907505 328.955924 377.577807 250.263861 182.849665 354.830946 340.242561 221.652882 408.541308 384.668689 424.905872 433.601199 34.058773 431.115994 382.231605 152.800524 194.054116 169.047331 411.086366 269.453150 352.638625 
263.000000 2.000000 5.000000 a 177.417587 124.579292 198.080792 273.879536 157.407115 101.867561 298.839422 190.876924 231.536174 241.962807 215.336945 245.422085 230.846269 193.064756 243.823707 137.295302 132.849539 156.000000 162.363789 146.696967 280.080346 249.897979 309.657876 250.571347 299.579706 199.100477 143.108351 167.200478 233.214494 265.635088 108.779594 182.630775 150.296374 274.052915 109.252002 209.880919 68.447060 181.000000 305.360443 199.007538 204.364870 284.964910 289.872386 317.672788 102.396289 220.227155 135.830777 337.829839 18.601075 299.260756 
188.000000 5.000000 3.000000 a 480.400874 450.821472 489.869370 55.946403 475.509201 376.113015 115.260574 227.019823 105.513032 275.394263 318.323735 115.169440 277.780489 269.224813 95.131488 194.550765 426.751684 389.964101 295.746513 377.751241 291.439531 361.138478 34.058773 362.107719 448.218697 166.412139 471.296085 162.246726 196.328806 123.911259 417.714017 471.349128 347.472301 158.003165 436.980549 367.491497 285.070167 465.717726 386.627728 480.453952 490.388621 74.464757 451.807481 378.761138 239.635139 199.449242 217.278623 407.594161 346.459233 348.896833 
211.000000 7.000000 2.000000 a 159.260792 81.565924 187.779126 418.766044 20.591260 180.277564 449.908880 295.677189 372.505034 374.354110 270.386760 396.445457 362.465171 276.812211 393.513659 280.058922 160.654910 231.216349 235.849528 229.671505 410.019512 355.249208 457.922483 355.613554 374.476969 349.914275 30.805844 312.603583 380.107879 416.688133 64.404969 89.537702 188.042548 423.709806 46.270941 307.390631 214.462118 189.763010 408.893629 202.871881 199.484335 422.733959 360.034721 425.987089 236.381048 367.147109 286.141573 439.317653 137.116739 414.914449 
137.000000 9.000000 2.000000 a 509.134560 481.212011 517.873537 87.321246 506.858955 404.586208 126.570139 256.158154 136.682113 293.552380 346.417378 138.423264 296.966328 298.001678 122.494898 225.842866 455.411901 416.284758 325.676220 404.223948 306.323359 380.746635 55.470713 381.697524 467.757416 191.650724 502.319619 193.383040 215.675682 141.989436 449.090191 502.594270 377.955024 172.626765 468.030982 390.083324 314.579084 493.517983 402.854813 507.930113 518.046330 101.242284 472.217111 393.584807 271.016605 220.238507 245.489307 422.092407 377.196235 364.027471 
206.000000 2.000000 2.000000 a 175.034282 108.673824 199.062804 300.466304 123.761868 119.570063 332.031625 197.797877 255.634505 276.470613 206.155281 277.708480 265.216892 192.208220 274.116763 161.987654 138.452158 176.708800 156.626945 169.026625 314.396247 279.873186 338.670932 280.492424 323.817850 232.939906 115.801554 193.871091 268.419448 298.918049 73.437048 147.526269 132.698907 308.585482 81.400246 237.655212 103.754518 185.690603 335.477272 203.553433 207.038644 307.546744 312.947280 348.749194 121.016528 255.440795 170.293864 367.789342 31.240999 331.507164 
202.000000 4.000000 4.000000 a 345.046374 262.640439 373.148764 381.001312 181.011049 316.551734 458.328485 206.518764 330.037877 456.826006 125.801431 401.322813 446.813160 166.306945 383.262312 267.525700 325.135356 374.085552 137.003650 366.807852 495.395801 474.587189 430.167409 475.278866 521.674228 375.421097 226.000000 298.100654 426.357831 429.057106 155.270731 116.558998 92.048900 451.948006 212.084889 434.495109 284.431011 367.315940 529.917918 383.676947 383.631333 362.327200 510.617274 541.479455 224.216413 414.468334 326.915891 562.427773 228.547588 521.464284 
265.000000 4.000000 2.000000 a 381.776112 386.372877 380.368243 185.153990 450.089991 283.670584 80.056230 315.939868 206.816344 103.392456 404.101472 104.861814 111.758669 354.324710 136.213068 219.713450 331.483031 268.663358 359.380022 259.422435 103.464970 190.307646 161.505418 191.128229 273.905093 108.687626 425.191721 195.304890 61.032778 79.158070 402.776613 474.436508 391.817560 41.677332 395.297356 215.076730 227.008810 355.236541 200.810856 364.954792 376.463810 232.019396 281.641616 189.187737 259.617026 74.027022 161.276161 217.101359 305.014754 160.440020 
189.000000 3.000000 2.000000 a 277.315705 253.031619 287.236836 153.117602 296.951174 173.112680 158.902486 176.139150 127.200629 151.013244 252.438111 106.230881 144.267113 206.787330 110.113578 69.462220 223.664928 192.626582 202.566039 180.024998 187.211111 206.886442 178.103902 207.858125 286.183508 60.033324 281.256111 67.029844 106.103723 125.717938 244.818300 313.229947 228.989083 137.295302 248.243832 192.002604 83.486526 263.427409 252.733061 278.741816 288.294988 180.499307 284.142570 255.806568 98.183502 94.366308 18.027756 282.878066 154.638288 228.844926 
153.000000 3.000000 1.000000 a 163.624570 216.480946 148.013513 369.358904 314.542525 125.319591 317.944964 381.903129 352.852660 155.878158 430.360314 294.333145 147.085009 398.539835 315.901884 285.085952 136.853937 67.882251 375.832409 74.404301 171.432202 80.653580 377.486424 80.361682 80.721744 243.460469 268.477187 293.155249 220.791757 292.919784 297.793553 370.666966 370.552291 271.810596 255.280238 43.931765 182.660888 127.565669 121.412520 128.140548 139.359248 404.085387 69.641941 142.056327 284.177761 213.700725 208.753443 147.732867 213.283848 143.377125 
112.000000 9.000000 3.000000 a 278.188785 210.684598 301.303833 240.902470 192.002604 208.136974 305.373542 98.600203 190.412710 306.910410 109.480592 248.072570 297.741499 88.645361 233.019313 113.745330 238.018907 260.161488 55.731499 249.839949 345.144897 337.468517 287.088836 338.280948 398.045224 219.783985 205.805734 146.123236 271.073791 275.045451 133.660016 175.914752 63.976558 296.561967 173.908022 304.016447 143.669760 286.085652 391.081833 304.105245 308.585482 234.138848 389.997436 399.809955 68.680419 259.383885 172.887246 423.387529 121.004132 376.968168 
104.000000 6.000000 4.000000 a 119.016806 124.064499 126.506917 313.869400 209.859477 16.278821 299.828284 281.087175 283.593018 185.132385 318.022012 257.945731 173.141561 291.111662 269.001859 198.600101 65.734314 52.000000 264.140114 43.266615 218.387271 161.891939 336.689768 162.339151 198.040400 203.708125 171.020467 217.375252 211.293635 268.302069 183.806964 258.785626 254.049208 262.085864 149.345238 115.663304 86.330759 102.649890 216.695639 118.338498 127.581347 338.309030 187.216452 232.594067 183.534738 199.489348 146.102704 248.163253 95.718337 220.410980 
106.000000 5.000000 3.000000 a 235.567400 153.026142 264.092787 387.537095 68.468971 225.610283 439.501991 238.891189 337.733623 397.020151 194.733151 382.953000 385.768065 211.482860 373.225133 253.213349 223.002242 282.391572 170.660482 277.461709 434.939076 396.376084 431.973379 396.919387 430.698270 344.209239 112.787411 286.937275 385.240185 407.176866 52.497619 29.068884 116.103402 421.627798 102.883429 351.654660 223.486017 261.093853 451.807481 276.421779 275.118156 382.382008 417.915063 466.318561 205.922315 372.388238 284.803441 483.718927 150.376195 450.530798 
272.000000 7.000000 4.000000 a 398.278797 328.153927 421.626612 235.722294 290.547759 326.119610 333.766385 64.660653 188.854441 388.856014 42.720019 281.554613 381.943713 33.955854 255.548430 168.834238 358.201061 375.325192 67.446275 364.215595 424.671638 436.554693 285.847862 437.457426 505.676774 275.829658 315.792653 186.131674 333.754401 310.697602 237.474209 251.071703 114.621115 342.023391 286.895451 409.664497 250.000000 406.315149 486.834674 424.340665 428.914910 206.518764 499.432678 492.029471 150.233152 324.692162 252.121003 518.098446 241.132744 466.012875 
272.000000 6.000000 2.000000 a 102.068604 97.000000 114.947814 327.262891 183.308483 13.038405 320.755358 279.078842 293.751596 212.021225 308.131465 276.400072 200.022499 285.112259 285.112259 204.863369 48.826222 70.092796 255.274362 64.815122 245.589088 188.042548 353.101968 188.448932 218.634398 222.750982 143.753261 226.947130 234.785008 288.646843 160.206117 234.241329 239.820766 284.703354 122.772147 140.943251 94.868330 93.637599 242.396370 111.018017 118.473626 348.668897 206.651881 258.814605 183.635509 222.649949 162.274459 273.514168 80.653580 247.329739 
203.000000 9.000000 1.000000 a 225.470619 182.701943 242.156974 214.200840 214.161154 132.003788 242.002066 155.080624 173.277235 209.976189 204.416242 187.243157 200.204895 169.640797 184.092368 79.812280 175.308300 174.183811 149.966663 162.443836 248.509557 238.522536 249.647752 239.353295 302.694566 144.086779 203.066492 107.814656 185.367203 209.021530 160.900590 229.490741 159.665275 221.081433 169.056204 207.234167 46.486557 221.677694 291.809870 239.098306 246.400081 227.466481 295.989865 300.466304 57.035077 172.696265 84.344532 324.075608 77.420927 277.893865 
193.000000 7.000000 1.000000 a 82.200973 16.492423 109.635761 381.693594 110.602893 92.655275 391.429432 296.233016 341.539163 293.001706 300.043330 342.706872 281.001779 290.327401 346.413048 247.632793 68.883960 139.713994 253.396922 139.140217 326.675680 265.346943 413.879209 265.650146 282.481858 291.247318 64.621978 275.949271 310.942117 358.521966 108.632408 171.959298 221.009050 358.921997 54.405882 216.946998 153.951291 104.235311 318.127333 120.016666 119.854078 395.500948 268.212602 335.839247 213.328385 298.375602 227.635674 348.093378 92.617493 326.455204 
165.000000 1.000000 3.000000 a 101.237345 128.444541 102.303470 341.760150 222.910296 33.541020 319.864034 314.101894 313.600064 190.252464 349.748481 281.485346 178.538511 323.790055 294.869463 230.495119 54.083269 25.806976 296.141858 25.179357 219.911346 151.119158 361.964087 151.380316 173.948268 227.035240 179.203795 247.923375 227.589543 289.385556 204.384442 277.366184 283.769272 279.580042 162.929433 102.489024 118.359621 77.233412 203.541151 90.785461 101.138519 368.061136 161.616831 221.382023 216.520207 216.614866 173.066461 233.634330 124.482931 213.234613 
179.000000 8.000000 2.000000 a 83.600239 131.369707 77.369245 372.505034 230.800780 60.207973 346.659776 344.470608 345.028984 208.124962 376.940314 310.344969 196.865436 352.817233 324.819950 262.083956 51.623638 34.438351 323.882695 44.204072 234.394966 156.259400 391.532885 156.320184 162.289864 255.978515 183.504768 279.474507 252.620268 316.897460 219.893156 289.917230 308.326126 305.000000 172.817823 108.000000 149.896631 52.392748 204.570281 62.625873 73.817342 399.410816 148.054044 224.075880 247.267062 242.243679 203.744939 232.561820 149.452334 220.111335 
253.000000 5.000000 1.000000 a 275.426941 273.826587 277.800288 190.465220 338.053250 173.631794 144.589073 251.334439 182.274518 75.451971 327.519465 113.600176 69.318107 282.363241 135.723985 144.779142 223.235302 169.035499 276.682128 157.952525 111.803399 141.031911 196.786687 142.031687 225.887140 63.560994 312.200256 135.768185 53.758720 115.433964 292.745623 366.148877 298.502931 104.316825 282.511947 139.459672 115.732450 252.606413 181.201545 264.660159 275.670093 228.875512 227.035240 182.167505 171.405951 41.629317 63.031738 210.009524 193.372697 154.304893 
212.000000 8.000000 2.000000 a 242.923856 254.568262 241.373155 239.927072 330.442128 147.959454 187.323250 287.626494 230.008695 56.753854 356.602019 162.163498 45.221676 314.720511 185.162091 181.617730 193.582024 129.849913 303.606653 120.353646 94.339811 94.201911 245.220309 95.189285 177.180699 113.030969 298.202951 178.664490 90.520716 160.863296 291.595610 367.163451 317.590932 142.863571 271.773803 90.249654 119.707978 216.208233 140.035710 226.338242 237.760384 277.848880 177.766701 145.055162 199.248588 82.006097 96.566040 170.950285 190.685605 120.507261 
138.000000 6.000000 2.000000 a 463.907318 443.694715 470.315851 80.653580 480.035415 359.146210 64.498062 257.513106 129.065875 233.060078 351.005698 87.114867 237.143417 300.261553 83.216585 201.804361 410.234080 365.098617 321.311375 353.441650 244.462676 320.929899 31.384710 321.864878 407.707003 141.484982 469.835077 168.074388 156.588633 83.240615 424.040092 483.885317 369.001355 111.085553 436.092880 333.054050 274.116763 445.497475 341.256502 458.978213 469.527422 119.037809 412.801405 331.639865 249.098374 162.496154 201.457191 360.080547 343.087452 302.165518 
185.000000 5.000000 1.000000 a 158.700977 151.608047 167.107750 273.300201 225.144398 53.907328 261.725047 249.649755 243.741667 161.941347 295.447119 218.185701 150.096636 263.910970 228.527898 161.074517 104.995238 80.156098 240.875487 68.007353 198.176689 158.795466 296.298836 159.452187 211.549049 164.201096 193.000000 177.924141 176.465294 229.706334 189.362087 265.414770 238.817922 225.849507 166.207701 119.201510 50.039984 143.220110 214.336185 158.685223 168.107109 298.318622 203.393707 227.264163 151.400132 164.137138 105.550936 246.758992 90.426766 210.380607 
288.000000 9.000000 3.000000 a 333.430652 295.311700 346.953887 102.396289 318.025156 232.723011 159.354950 119.670381 61.611687 213.440858 208.031248 102.786186 208.722304 157.813181 85.023526 37.000000 281.016014 260.340162 166.688332 247.695377 246.333108 277.362579 142.635900 278.346906 357.945527 92.195445 313.459726 5.385165 150.446004 131.320219 260.768096 318.698917 207.894204 159.154013 279.100340 264.001894 137.557261 324.422564 320.777181 340.800528 349.482475 116.498927 356.113746 321.864878 83.952367 142.411376 90.005555 349.794225 189.760375 293.615395 
259.000000 3.000000 4.000000 a 130.698125 166.964068 132.517923 555.115303 217.186556 234.610315 549.155716 473.152195 517.704549 417.493713 465.279486 506.502715 406.306535 463.315227 515.050483 424.637492 183.673624 243.846263 424.189816 252.343021 442.232970 356.931366 583.065176 356.736598 327.299557 452.603579 177.890416 451.270429 458.680717 517.672677 257.390754 283.254303 382.969973 510.380250 204.599609 312.161817 322.490310 157.098695 395.641252 150.416090 138.751577 572.197518 310.272461 417.119887 391.900498 447.447204 392.439804 417.202589 271.007380 420.214231 
144.000000 1.000000 3.000000 a 347.800230 403.450121 328.000000 428.805317 500.120985 305.655034 334.181089 507.631756 434.632028 185.348321 576.071176 343.097654 189.256440 535.075696 373.687035 401.150844 324.007716 251.563113 522.427028 254.188906 158.533908 136.488095 414.077287 135.771867 118.827606 312.501200 455.266955 394.045683 260.278697 325.677755 477.896432 552.783864 530.755122 290.084470 440.095444 178.600112 329.959088 311.122163 81.835200 307.610143 317.516929 473.469112 135.830777 76.157731 419.147945 262.937255 316.205629 49.648766 384.294158 104.694795 
Type de surveillance de chaque endroit(target):tab[nombre de target]
a a a a a a a a a a a a a a a a a a a a a a a a a a a a a a a a a a a a a a a a a a a a a a a a a a 