Nombre des capteurs:
20
Nombre des targets:
70
Nombre de type de surveillance:
1

Caracteristiques:
279.000000 3.000000 3.000000 a 251.286689 370.108092 468.625650 170.320287 364.407739 456.010965 419.686788 365.547535 490.515035 259.007722 438.456383 265.753645 223.787846 490.082646 160.975153 359.272877 111.946416 510.881591 142.695480 130.862523 386.626435 340.052937 200.551739 61.846584 497.129762 206.021844 370.482118 218.082553 217.043774 47.434165 293.656262 140.982268 456.838046 250.379712 330.169653 545.000000 437.567138 204.782812 87.641314 428.401681 398.027637 198.698264 458.607675 212.219226 331.605187 107.563934 72.732386 308.196366 487.483333 244.920395 305.163890 575.584920 180.177690 290.688837 37.735925 278.713114 102.576800 483.600041 408.926644 416.367626 366.174822 225.142177 297.808663 231.501620 445.148290 158.256122 343.052474 483.372527 235.051058 394.528833 
153.000000 6.000000 2.000000 a 136.014705 276.088754 393.909888 175.931805 325.923304 401.966417 368.401954 333.376664 436.286603 318.549839 446.816517 142.688472 142.800560 466.752611 34.669872 240.831892 164.830216 437.795614 174.393234 214.336185 408.765214 218.798995 225.175487 66.753277 414.773432 133.461605 306.894119 260.892698 128.222463 103.812331 309.646573 161.607549 362.505172 144.917218 340.001471 477.797028 419.411492 246.975707 189.282857 399.500939 419.577168 124.907966 432.622237 250.567356 282.639346 165.024241 55.108983 359.872200 446.767277 207.280004 280.371183 524.535032 62.649820 339.977940 122.331517 275.524953 142.523682 452.912795 312.617978 410.342540 289.401106 258.785626 293.981292 155.080624 338.245473 136.014705 223.606798 380.157862 264.775376 294.336542 
150.000000 8.000000 4.000000 a 182.570534 38.327536 113.635382 288.027776 189.552104 175.148508 166.373075 207.932681 196.351725 406.076348 362.492759 196.814634 184.694342 296.233016 300.016666 124.739729 350.287025 151.647618 324.075608 400.044997 372.844472 148.959726 314.006369 364.943831 113.600176 203.302730 116.000000 351.757018 191.846293 362.763008 314.396247 311.411304 50.219518 167.538055 311.481942 197.691679 280.417546 346.953887 413.284406 242.002066 377.699616 210.052374 267.884303 341.256502 159.326708 355.534808 353.747085 411.655196 238.472221 206.050965 219.180291 271.891522 250.521456 396.157797 379.527338 266.552059 337.290676 268.376601 1.414214 306.008170 77.388630 334.941786 267.904834 178.263849 61.400326 266.180390 136.616251 80.099938 329.256739 24.041631 
131.000000 1.000000 5.000000 a 337.817998 258.278919 206.305599 239.635139 87.091905 130.299655 112.893755 70.604532 146.986394 235.467620 91.934759 371.247896 268.091402 81.467785 406.075116 363.324923 301.602387 220.127236 268.302069 317.623992 120.830460 375.089323 214.767316 404.555311 247.309523 267.366789 157.000000 219.617850 286.111866 366.565137 134.528807 268.603797 278.548021 308.561177 101.133575 221.000000 28.017851 226.909674 357.459089 42.426407 120.805629 274.869060 55.072679 217.690147 133.154046 307.001629 399.061399 208.865986 107.517440 186.316934 112.805142 199.904977 357.815595 204.401566 371.849432 131.244047 307.092820 83.648072 272.523393 35.468296 199.288735 203.708125 112.614386 255.031371 330.945615 263.706276 364.819133 329.631613 192.439601 285.427749 
202.000000 6.000000 2.000000 a 48.000000 184.447825 306.276019 166.192659 258.940148 323.024767 291.924648 269.903687 356.429516 320.989096 403.495973 69.771054 68.264193 402.613959 82.619610 156.012820 191.637679 350.184237 183.991848 247.887071 376.920416 138.177422 216.009259 150.372870 324.624398 71.386273 226.318360 258.311827 50.249378 164.684547 281.369863 168.240899 270.440382 52.697249 304.428974 391.808627 360.169405 246.221445 239.098306 334.551939 386.694970 65.802736 368.089663 246.454864 212.049523 194.589311 138.495487 352.817233 373.466197 154.573607 226.318360 444.568330 30.479501 332.825780 184.089652 237.507895 170.390727 384.959738 220.494898 359.272877 203.088651 249.947995 253.268632 81.498466 246.840029 121.753850 140.128512 288.173559 252.178508 202.054448 
159.000000 2.000000 4.000000 a 139.086304 47.434165 143.178211 206.002427 137.480908 167.904735 143.125819 154.741720 198.949742 327.030580 311.207326 165.423698 112.058021 270.024073 245.839378 138.798415 269.284236 187.109594 242.297338 318.190195 310.344969 151.584960 232.398365 296.211073 164.839316 128.362767 75.026662 271.016605 123.555655 287.562167 240.740524 229.960866 125.319591 114.612390 243.446093 228.659135 240.709368 265.635088 332.915905 205.975727 316.764897 136.077184 237.227739 260.247959 94.868330 274.641585 285.748141 336.382223 225.800797 124.338248 148.165448 285.608123 193.209731 319.828079 303.265560 191.230228 257.309153 246.343256 83.216585 256.702162 40.718546 254.607541 195.601636 102.883429 137.568165 186.131674 140.801278 162.249807 249.561616 80.056230 
276.000000 3.000000 1.000000 a 206.864690 190.682983 227.495055 100.124922 97.185390 193.458006 156.923548 97.452553 226.876618 184.393601 209.380037 241.778825 128.844868 226.364750 257.939915 265.188612 169.257201 263.795375 135.624482 202.970441 186.214930 267.686384 100.623059 256.267438 265.062257 122.918672 127.565669 132.378246 146.013698 222.607278 100.409163 130.598622 255.000000 178.600112 113.595775 289.435658 176.785180 130.061524 232.381152 161.554944 195.166596 129.387016 193.238195 123.016259 76.485293 175.071414 250.107977 193.352011 219.426525 39.623226 38.013156 309.027507 212.084889 176.385940 230.867928 50.249378 168.386460 216.667949 222.946182 167.672299 148.296999 114.738834 61.269895 117.324337 280.401498 114.947814 260.317114 299.774916 108.060168 223.376364 
250.000000 6.000000 2.000000 a 185.852092 160.729587 204.401566 115.831775 89.358827 178.997207 142.523682 95.273291 213.356509 214.086431 226.808289 220.492630 111.287915 228.659135 248.871453 237.261459 185.607112 242.705583 153.114336 224.448212 209.995238 241.101638 126.099167 258.768236 240.441261 109.658561 103.077641 160.654910 129.189783 230.521149 129.073622 145.499141 226.497241 156.894869 138.397977 271.516114 182.649938 157.257750 250.049995 161.400124 218.256730 117.239072 194.486503 150.748134 55.569776 191.426226 251.435877 223.134489 212.758079 32.802439 48.052055 298.482830 200.104972 206.305599 240.919074 78.873316 181.394597 215.260308 193.289938 180.399557 119.707978 143.377125 86.833173 98.615415 250.505489 119.670381 233.214494 270.512477 137.277092 193.424404 
126.000000 6.000000 4.000000 a 361.835598 220.327030 89.677199 368.680078 175.045708 76.485293 112.769677 182.463695 46.529560 417.541615 268.402683 385.503567 325.829710 155.193428 467.351046 327.684299 438.415328 58.821765 405.080239 471.373525 312.083322 350.656527 366.050543 504.227131 105.080921 336.893158 162.274459 386.434988 340.846006 482.578491 311.438597 398.848342 173.933895 337.831319 285.797131 30.083218 179.067027 389.281389 502.000996 150.053324 310.576883 345.463457 148.677503 380.621860 198.600101 444.245428 495.219143 398.131888 90.443352 285.408479 238.933045 69.007246 414.366987 390.957798 494.145727 285.014035 435.258544 127.769323 204.188638 221.472346 182.603395 368.435883 272.693968 313.753088 240.410066 371.570989 338.303119 213.740497 358.286198 226.991189 
103.000000 8.000000 1.000000 a 53.037722 97.005155 227.297162 212.473528 221.822001 260.837114 235.849528 237.227739 291.295383 358.860697 388.702971 73.054774 85.796270 360.501040 170.801054 78.262379 259.341474 270.292434 241.627813 314.606103 376.969495 75.006666 254.096438 243.213898 239.265543 105.304321 167.430583 297.042085 82.036577 250.966133 292.697796 226.419964 179.513231 42.755117 305.407924 314.472574 327.006116 287.795066 315.944615 294.635368 385.019480 108.171161 326.957184 285.119273 174.642492 263.590592 231.482181 379.953945 318.713037 158.492902 212.896689 376.945619 123.004065 361.167551 269.536639 243.032920 241.337937 338.001479 129.634100 337.170580 132.672529 284.015845 253.503452 88.684835 153.378617 176.161857 69.028979 194.589311 282.519026 109.622078 
280.000000 6.000000 3.000000 a 319.250685 169.729196 69.007246 384.480169 218.826415 139.204885 161.074517 233.205918 133.060137 468.129256 356.022471 335.000000 307.039085 253.647393 434.967815 257.303323 452.839928 52.497619 422.120836 495.262557 388.973007 283.534830 395.885084 491.187337 31.016125 322.931881 168.074388 425.361023 318.056599 480.801414 364.002747 412.368767 92.135769 301.346976 346.883266 84.504438 264.357712 424.721085 517.664950 228.254244 389.864079 330.836818 238.606370 417.119887 218.929212 458.530261 480.676606 458.938994 186.171964 296.840024 275.181758 169.593632 383.838508 447.973213 495.552217 326.075145 444.416471 224.269927 138.452158 303.080847 161.913557 407.181778 319.189599 297.558398 152.397507 374.621142 271.464546 116.004310 398.664019 161.148999 
165.000000 4.000000 3.000000 a 161.058995 43.185646 119.854078 222.728534 130.084588 148.354306 126.396202 148.121572 178.263849 336.514487 305.085234 186.010752 134.848063 255.738147 269.091063 149.452334 287.737728 163.783394 259.624729 335.171598 309.025889 165.339046 245.601303 319.010972 142.003521 150.585524 60.728906 282.603963 146.754898 309.129423 245.652193 247.929425 107.228727 137.379038 244.804003 205.548048 230.082594 278.188785 351.869294 193.847879 314.726866 158.473973 223.861564 272.264577 92.849340 293.204707 308.643808 342.584296 208.021633 138.177422 150.943698 264.092787 216.510970 326.840940 324.464174 197.306868 276.739950 230.828941 70.837843 249.537572 20.024984 265.635088 199.461776 125.195847 129.251692 205.766858 153.883072 148.296999 259.788375 74.202426 
201.000000 8.000000 2.000000 a 181.664526 288.209993 384.786954 100.169856 284.871901 374.076195 338.008876 287.642139 408.710166 228.324331 377.153815 203.022166 141.908421 416.124981 124.963995 288.461436 72.560320 427.126445 86.700634 123.036580 332.019578 272.442655 143.031465 68.658576 413.353360 123.328829 287.001742 173.611636 137.320792 36.674242 234.061958 77.025970 374.432905 175.011428 268.091402 461.683875 364.943831 159.477271 105.309069 352.132077 343.227330 116.481758 383.520534 164.347193 249.609695 72.670489 66.068147 271.930138 408.447059 163.600122 228.442553 494.692834 119.436175 252.414342 53.150729 209.351379 50.566788 407.259131 327.200244 348.242731 282.363241 174.413302 228.650388 148.660687 366.305883 76.694198 273.514168 402.951610 182.043951 313.904444 
235.000000 5.000000 3.000000 a 399.586036 276.181100 163.981706 355.984550 162.249807 97.005155 121.511316 159.665275 74.946648 368.848207 188.265770 428.267440 346.878941 68.359345 491.549591 388.567883 422.871139 148.808602 388.919015 445.637745 241.627813 408.004902 340.330722 510.330285 192.421413 352.988668 189.644404 350.656527 364.005494 479.610258 267.121695 386.290046 252.810205 372.292895 234.546371 123.405835 110.440029 356.707163 482.589888 100.000000 237.608922 361.448475 78.771822 347.541364 203.494472 428.544047 502.977137 340.242561 39.395431 284.285068 220.238507 69.180922 439.390487 337.146852 487.877034 255.196003 424.662219 50.289164 271.280298 152.190670 224.722051 333.929633 238.600084 333.701963 317.844302 370.255317 396.031564 298.377278 322.845164 291.755034 
169.000000 6.000000 2.000000 a 270.800665 317.647603 370.666966 71.589105 233.334524 331.942766 296.184064 227.237761 363.638557 92.309263 264.764046 301.657090 198.647930 333.048045 255.837839 362.249914 68.029405 406.605460 52.478567 65.855903 209.990476 355.015493 42.720019 199.331382 407.894594 180.247053 270.283185 40.792156 206.929940 147.085009 122.319254 67.201190 392.103303 251.113520 159.762323 430.131375 279.308074 27.856777 107.615055 280.000000 221.382023 179.724790 305.452124 36.235342 219.658826 71.063352 200.084982 135.959553 346.132922 147.275253 169.543505 439.793133 233.323809 116.841773 142.688472 125.399362 86.683332 333.024023 354.153921 250.667110 286.027971 50.249378 141.400141 195.563289 406.970515 112.929181 351.717216 433.041568 61.294372 349.366570 
165.000000 2.000000 1.000000 a 329.960604 261.222128 221.253249 219.585974 88.408144 148.489057 126.625432 70.213959 168.107109 210.950231 86.954011 363.991758 257.437371 104.690019 392.255019 362.703736 279.866039 238.430283 246.886614 294.159821 102.883429 372.780096 192.255039 386.121742 262.771764 255.049015 161.523992 195.532606 275.356133 346.590537 110.113578 247.969756 288.804432 300.707499 76.557168 242.206523 50.990195 203.147729 334.619187 64.195015 104.656581 262.190770 79.649231 193.932978 130.188325 285.175385 381.083980 185.283566 131.244047 172.490579 99.045444 224.207493 345.283941 180.235956 351.142421 110.145359 286.274344 108.240473 278.689792 34.365681 202.871881 179.877736 91.065910 244.663034 338.000000 246.077224 362.990358 339.802884 168.582324 289.882735 
150.000000 5.000000 2.000000 a 340.649380 191.230228 70.661163 389.422650 212.461761 123.357205 151.029798 225.002222 110.018180 462.523513 336.542716 358.644671 321.561814 229.093867 454.334678 285.464534 458.694888 34.014703 426.971896 498.423515 373.755268 311.077161 396.547601 505.404788 49.648766 336.217192 171.773106 423.335564 333.863745 491.687909 357.050417 418.230798 120.880106 320.887831 336.928776 51.884487 245.120379 423.812459 523.482569 211.009478 373.760619 344.400929 217.375252 415.819672 219.920440 464.462054 495.274671 449.811071 162.077142 302.153934 272.415124 136.693087 402.394085 440.092036 505.569975 322.490310 451.824081 200.339711 163.682620 285.553848 173.807365 405.087645 313.772210 311.204113 183.847763 383.356231 298.854480 149.083869 395.979797 186.943842 
240.000000 4.000000 4.000000 a 229.444983 117.175083 93.059121 228.667881 65.368188 77.820306 49.162994 83.216585 111.646764 307.936682 235.274308 258.118190 182.321145 177.485211 326.118077 227.501648 298.332030 129.807550 266.030073 336.786282 249.339126 243.528232 235.161647 358.587507 132.015151 192.002604 19.416488 263.837071 198.338095 337.668476 205.922315 258.042632 139.789127 202.484567 194.427364 160.078106 154.353490 263.336287 362.906324 116.867446 253.211374 200.601595 145.880088 255.650152 58.240879 304.138127 349.656975 302.927384 132.098448 142.393820 114.039467 199.969998 273.265439 290.258505 349.905702 165.109055 292.970988 152.738338 128.689549 178.751224 58.940648 245.660335 159.812390 169.743925 187.448660 227.035240 232.131428 190.286626 237.210877 142.172431 
161.000000 8.000000 2.000000 a 316.191398 290.853915 288.849442 156.719495 139.057542 227.178344 197.365144 124.036285 252.438111 119.854078 122.065556 351.091156 236.780489 194.249839 351.284785 374.877313 204.636263 314.311947 174.613860 209.009569 79.246451 378.401903 116.056021 324.692162 330.311974 227.431308 205.234013 107.814656 252.926867 278.729259 22.847319 180.055547 340.230804 288.530761 15.620499 325.479646 141.509717 117.643529 252.414342 153.075145 89.677199 232.432786 171.303824 108.724422 157.155973 209.308385 321.885073 101.710373 221.359436 148.060798 98.005102 315.192005 311.512440 92.195445 279.571100 61.717096 215.800834 199.912481 317.800252 107.489534 239.140126 94.578010 50.931326 226.294056 377.482450 194.208651 370.757333 389.236432 83.528438 322.869943 
189.000000 6.000000 4.000000 a 214.720749 228.569464 275.829658 57.140179 143.669760 241.267486 204.882893 141.113430 274.235300 148.124947 225.077764 249.064249 135.000000 262.688028 242.192073 289.200622 123.239604 312.473999 89.274856 154.314614 188.403822 287.367361 53.037722 223.573254 312.860991 122.298814 175.251248 89.844310 149.251466 183.961953 90.520716 86.833173 298.886266 189.129585 118.067777 337.912711 210.487529 84.852814 185.000000 201.534116 198.841646 126.115027 231.224999 79.075913 124.907966 128.972865 219.093587 167.597733 263.286916 57.775427 80.430094 354.685776 202.780670 148.553021 189.736660 54.341513 125.419297 256.602806 263.387547 192.898937 192.260240 73.925638 73.498299 126.810883 318.680090 86.284413 281.689545 341.621135 70.491134 261.007663 
Type de surveillance de chaque endroit(target):tab[nombre de target]
a a a a a a a a a a a a a a a a a a a a a a a a a a a a a a a a a a a a a a a a a a a a a a a a a a a a a a a a a a a a a a a a a a a a a a 