Nombre des capteurs:
20
Nombre des targets:
30
Nombre de type de surveillance:
1

Caracteristiques:
274.000000 5.000000 3.000000 a 111.112556 132.003788 297.833846 276.524863 302.760632 228.589151 106.512910 464.233777 326.070545 241.049787 327.184963 297.121187 473.032768 513.089661 293.462093 181.107703 329.660431 394.077404 250.744890 423.548108 467.124180 454.318170 308.585482 301.400066 479.009394 502.189207 307.416655 497.096570 321.309819 382.487908 
295.000000 7.000000 1.000000 a 286.027971 370.060806 125.239770 202.632673 427.066740 415.260159 267.366789 291.061849 252.958495 229.008733 373.876985 409.386126 247.163913 409.180889 432.539016 163.884105 233.310951 303.712035 368.126337 256.322063 229.270583 276.016304 134.331679 272.058817 411.130150 417.468562 183.698122 281.902465 342.242604 230.184708 
230.000000 5.000000 3.000000 a 238.379949 318.487048 34.928498 62.649820 305.602683 324.499615 226.035395 162.049375 95.482983 110.072703 232.131428 285.954542 165.653252 256.035154 316.362134 128.222463 73.817342 144.222051 255.538647 121.078487 163.682620 149.833241 26.907248 124.036285 252.033728 260.654944 25.612497 188.095720 197.091349 83.198558 
102.000000 6.000000 3.000000 a 191.436674 251.382179 150.336290 65.115282 187.962762 225.470619 188.724667 200.002500 46.818800 57.000000 110.145359 167.967259 248.744849 219.938628 201.062179 151.082759 67.364679 103.600193 146.154028 166.784292 256.859884 196.063765 147.353317 8.246211 188.403822 209.618701 97.308787 256.470271 75.802375 132.003788 
249.000000 7.000000 3.000000 a 223.575491 259.855729 230.054341 145.691455 135.440024 202.566039 227.607118 236.078377 109.004587 127.455875 39.115214 116.709040 302.324329 204.355083 153.101274 221.720545 133.701159 121.807225 119.553335 213.009389 315.063486 237.118114 226.108381 76.694198 155.595630 183.831445 174.484956 301.802916 12.649111 188.247178 
202.000000 1.000000 3.000000 a 146.239530 164.793811 254.261676 171.143215 75.179785 107.540690 156.438486 317.416131 168.267644 127.440182 75.272837 57.801384 370.885427 302.034766 82.969874 196.824795 189.525724 208.540164 24.351591 287.236836 378.910280 315.291928 255.219513 125.514939 253.001976 281.584801 211.945748 377.413566 86.278618 254.017716 
114.000000 5.000000 1.000000 a 270.830205 339.449554 121.457812 85.000000 275.261694 318.760098 263.787794 108.811764 46.486557 124.450793 185.431928 255.331158 157.457931 171.002924 290.167193 190.706581 31.890437 58.137767 238.662942 73.539105 168.297356 103.353761 111.427106 89.022469 165.496224 173.968388 68.029405 163.217646 149.656273 41.109610 
115.000000 8.000000 3.000000 a 306.349474 389.354594 153.561063 231.140650 453.475468 438.717449 287.383020 314.841230 281.513765 256.602806 401.937806 436.033256 266.007519 435.643203 458.449561 187.552659 261.725047 331.621773 394.062178 281.305883 246.675901 299.668150 162.348391 300.562805 438.846215 444.623436 212.143819 301.378500 370.534749 256.727482 
131.000000 2.000000 5.000000 a 281.831510 319.164534 250.503493 174.427635 180.247053 257.386868 284.787640 208.614477 121.659361 171.020467 85.702975 163.932913 285.224473 149.806542 199.491854 266.174755 143.586211 98.081599 176.181724 195.058965 301.734983 213.265093 243.836010 108.466585 97.308787 126.589889 191.801981 277.848880 72.090221 181.135309 
187.000000 5.000000 3.000000 a 416.058890 495.083831 184.504742 230.592715 452.248825 490.373327 403.744969 107.898100 221.731820 280.189222 361.553592 432.296195 21.931712 244.761108 466.901489 301.809543 199.832430 208.830074 413.233590 111.830228 15.811388 97.529483 173.833253 264.282046 279.873186 268.151077 188.854441 49.658836 326.185530 136.132289 
239.000000 1.000000 2.000000 a 134.301899 108.903627 353.114712 320.413795 295.332017 209.059800 139.176147 509.354493 363.803518 279.087800 338.864280 294.061218 525.818410 544.136012 282.391572 235.229675 371.064684 429.075751 252.669745 469.538071 521.775814 500.639591 363.056469 333.588069 504.631549 530.023584 355.373043 547.644045 339.977940 428.509043 
276.000000 6.000000 4.000000 a 326.381678 335.538373 356.426711 274.315512 154.146035 247.951608 335.451934 315.417184 229.314195 256.561883 114.791115 149.164339 395.637460 222.445499 172.409396 349.274963 252.857667 209.847564 188.382589 306.202547 413.168247 321.885073 351.135302 204.892655 163.624570 192.002604 298.804284 385.268737 137.713471 293.846899 
155.000000 1.000000 3.000000 a 331.730312 373.180921 265.198039 200.661406 233.565837 312.553995 333.109592 180.249827 141.481448 209.059800 140.730238 218.036694 263.592489 96.041658 253.071136 301.663720 157.699081 89.498603 231.365512 177.341479 283.128946 188.308258 256.425428 144.031247 42.201896 71.421285 207.234167 249.899980 125.717938 175.362482 
148.000000 5.000000 1.000000 a 361.807960 398.963657 299.282475 235.586502 248.485412 332.520676 364.123605 200.803386 176.377436 243.018518 161.471360 234.776489 286.274344 91.411159 268.262931 336.168113 192.200416 121.794910 253.775491 203.494472 307.092820 210.618138 290.244724 178.070211 33.000000 61.131007 241.615397 269.180237 152.463110 205.883462 
237.000000 7.000000 5.000000 a 264.070066 322.440692 167.074834 104.235311 231.657074 286.681007 260.894615 139.463257 44.102154 123.975804 137.131324 212.198021 204.707108 149.264865 248.171312 209.611545 59.033889 31.144823 203.592731 115.004348 218.508581 139.441744 158.927656 65.000000 126.479247 142.790056 108.673824 203.887224 103.097042 93.637599 
113.000000 7.000000 1.000000 a 112.414412 98.843310 292.335424 217.680959 91.983694 46.000000 129.073622 381.958113 229.157151 168.582324 144.253250 89.005618 428.444862 373.569271 82.855296 208.165799 247.606543 276.795954 51.884487 349.107433 433.866339 378.430971 296.006757 187.459329 324.427188 353.135951 260.230667 438.456383 157.813181 313.065488 
123.000000 3.000000 4.000000 a 254.332460 311.178405 170.017646 101.788997 219.146070 274.186068 251.781651 152.085502 42.720019 116.661905 125.015999 199.649693 216.390850 157.098695 235.586502 205.039021 62.008064 42.638011 191.023559 127.035428 229.682389 151.907867 162.609963 55.072679 130.003846 148.475587 111.220502 216.226733 90.669730 103.846040 
161.000000 1.000000 5.000000 a 245.595195 316.764897 99.729635 57.140179 266.422597 302.446690 237.693079 133.003759 37.000000 99.809819 182.002747 246.398052 170.519794 198.161550 280.001786 162.249807 12.369317 80.808415 224.877745 94.625578 177.814510 125.602548 91.268834 77.103826 188.480768 199.331382 42.449971 181.245690 145.880088 55.461698 
291.000000 9.000000 2.000000 a 228.107431 246.657657 277.650860 191.700287 91.065910 172.609386 236.326046 286.471639 160.962729 164.347193 17.691806 75.286121 354.746388 238.562361 110.385687 253.339693 185.625968 171.842952 97.498718 265.092437 367.763511 288.340077 274.754436 125.239770 183.632786 213.824695 224.075880 353.239296 52.392748 241.014522 
111.000000 8.000000 2.000000 a 388.181659 468.000000 155.080624 204.804785 432.056709 466.443994 375.502330 107.935166 201.039797 254.530941 343.576775 412.043687 31.000000 247.111311 446.054929 272.618781 178.070211 196.290601 390.755678 100.647901 14.212670 94.762862 144.616735 243.032920 276.588141 267.994403 162.560758 67.007462 307.774268 117.098249 
Type de surveillance de chaque endroit(target):tab[nombre de target]
a a a a a a a a a a a a a a a a a a a a a a a a a a a a a a 