Nombre des capteurs:
20
Nombre des targets:
120
Nombre de type de surveillance:
1

Caracteristiques:
211.000000 8.000000 4.000000 a 310.438400 450.362077 259.699827 242.538657 118.680243 364.226578 111.803399 332.415403 195.310010 376.538179 216.113396 316.835920 47.507894 146.741269 171.128607 412.059462 281.396517 346.013006 249.775900 396.157797 268.486499 63.134776 295.489425 208.614477 448.091509 127.632284 184.000000 433.626567 115.974135 118.966382 261.191501 205.039021 431.223840 216.566387 431.045241 175.641681 308.876998 99.859902 155.364089 367.306412 356.407071 314.111445 490.180579 133.003759 213.002347 163.835283 210.850658 169.198109 95.084173 187.181730 379.084423 279.206017 261.047888 454.120028 303.679107 270.024073 82.807005 145.096520 323.482612 171.011696 113.282832 125.035995 424.905872 406.253615 93.021503 196.254936 44.944410 307.175845 367.164813 290.244724 233.053642 255.515166 311.321377 342.912525 407.141253 326.847059 381.693594 226.079632 68.709534 338.533602 311.207326 438.749359 297.899312 281.655818 156.051274 86.371292 386.948317 484.024793 299.841625 338.325287 178.899413 158.142341 270.129599 190.223553 222.847481 42.154478 241.207380 425.913137 508.917479 360.206885 281.858120 274.838134 26.570661 77.025970 201.357890 52.801515 123.227432 187.949461 29.614186 470.086162 103.406963 309.045304 407.315602 240.759216 391.429432 306.197649 49.739320 372.538589 134.402381 40.607881 
134.000000 1.000000 2.000000 a 321.210212 459.436612 275.506806 255.947260 150.029997 364.275994 71.386273 349.914275 166.883193 388.814866 253.047426 342.217767 72.006944 133.689940 132.834483 415.337212 258.062008 359.334106 241.346224 385.129848 255.548430 25.495098 323.706657 185.440017 436.176570 154.434452 222.036033 428.042054 128.444541 144.682411 297.672639 201.734975 420.601950 185.270073 441.075957 128.817701 327.617155 122.376468 197.408207 337.653669 364.200494 320.315469 481.062366 88.192970 228.600087 179.627392 196.412831 123.482792 72.449983 222.182358 361.072015 290.227497 298.050331 444.356839 324.833804 258.791422 97.082439 154.547727 348.104869 174.450566 87.595662 100.568385 415.943506 393.103040 94.302704 168.023808 14.422205 335.232755 350.853246 279.546061 205.353354 282.821498 328.975683 339.942642 402.412723 305.360443 392.451271 200.449495 69.835521 312.872178 341.470350 420.353423 314.992063 291.496141 194.987179 71.217975 366.580141 474.371163 290.945012 329.028874 132.276226 165.592874 277.838082 143.683680 238.933045 76.295478 248.654379 431.149626 503.011928 345.376606 287.360401 263.765047 72.401657 37.054015 240.692750 53.366656 89.089842 147.122398 42.011903 442.295150 111.825757 301.239108 396.295344 229.296751 406.306535 336.928776 96.260064 351.523826 152.433592 30.675723 
110.000000 3.000000 5.000000 a 231.870654 370.645383 186.214930 166.412139 82.855296 279.873186 95.603347 260.775766 132.098448 299.347624 186.453748 256.976653 43.416587 68.183576 132.548104 328.933124 206.475180 269.786953 165.275528 311.809237 185.539753 75.432089 241.250907 136.499084 363.881849 78.447435 160.124951 348.539811 40.024992 68.622154 228.160032 119.954158 346.701601 156.540730 352.022727 178.263849 238.882816 46.518813 150.073315 298.492881 275.670093 232.280003 405.306057 125.419297 139.463257 91.093359 129.869165 190.168346 50.566788 153.443801 298.055364 200.808366 229.612717 369.384623 237.084373 186.303516 19.104973 65.000000 262.246068 87.045965 63.411355 68.014704 340.066170 322.567822 9.000000 132.619757 75.179785 252.446034 285.170125 206.189233 165.801086 200.159936 239.927072 257.947669 322.074526 249.128481 303.199604 156.204994 19.723083 265.000000 261.017241 357.593344 225.849507 202.272094 138.130373 36.055513 307.566253 399.239277 215.232433 253.692728 176.819117 76.400262 189.129585 185.658288 149.856598 58.077534 159.928109 343.758636 423.831334 277.461709 199.529446 191.018324 84.723078 80.305666 180.767807 131.590273 86.608314 154.301653 57.628118 397.372621 22.472205 224.198573 322.939623 157.432525 316.766475 257.124483 99.005050 293.824778 66.272166 59.640590 
106.000000 5.000000 2.000000 a 335.335653 475.078941 285.394464 267.800299 145.206749 386.534604 111.830228 358.432699 204.479828 401.807168 241.530536 343.402097 72.945185 163.232962 173.173324 435.353879 293.819673 371.431016 268.882874 414.628750 285.854858 64.280635 322.024844 220.839308 466.274597 154.155765 209.193690 454.209203 140.356688 145.413204 286.630424 225.763150 449.911102 224.002232 455.940786 164.657220 335.017910 125.896783 178.907797 376.132955 380.741382 338.000000 509.530176 127.953116 238.562361 189.251156 227.305961 153.003268 106.099010 213.122031 394.442645 304.095380 286.342452 473.177557 330.043936 288.105883 107.056060 169.070991 350.035712 193.610434 123.178732 135.793962 444.235298 423.858467 113.811247 205.548048 47.010637 333.713949 383.301448 308.609786 242.825040 282.081548 337.338109 364.232069 427.983645 340.365979 406.684153 237.035862 88.481637 349.778501 337.615166 454.009912 323.830202 306.307036 181.069048 100.568385 401.154584 503.160014 318.943569 357.370956 169.201064 181.727818 294.278779 180.800996 248.509557 68.709534 265.211237 449.728807 529.472379 377.000000 305.499591 293.001706 50.000000 77.103826 226.019911 26.419690 128.191263 187.640614 49.040799 480.205164 126.589889 328.586366 425.807468 258.629078 417.139066 332.567286 69.856997 386.389700 160.031247 52.201533 
218.000000 5.000000 1.000000 a 190.685605 330.619116 141.155942 123.004065 51.884487 248.696602 141.566239 215.111599 153.808322 257.001946 145.120639 208.786973 72.249567 82.328610 169.198109 294.006803 210.344955 226.684803 149.482440 293.073370 175.025712 123.357205 193.093242 148.717854 345.162281 38.897301 122.788436 322.622070 9.848858 31.906112 184.396312 100.498756 326.718533 178.751224 311.295679 224.243172 192.509740 25.709920 123.308556 306.543635 236.907155 195.256242 382.648664 171.303824 94.154129 44.777226 128.316016 238.018907 95.351980 112.160599 289.001730 159.452187 186.324985 347.979884 189.736660 173.141561 38.470768 29.120440 214.158820 60.016664 103.730420 103.754518 318.201194 306.276019 48.166378 153.912313 121.148669 204.244951 274.220714 190.947637 180.944743 152.029602 194.092761 230.586209 295.575709 247.256951 261.963738 169.307413 66.708320 268.555395 213.150182 347.324056 180.247053 161.966046 106.042444 82.298238 301.479684 377.275761 196.956848 234.394966 222.031529 43.011626 150.986754 230.169503 104.316825 81.055537 122.441823 306.960910 397.416658 264.756492 163.600122 177.282261 109.402925 128.561269 143.533968 171.011696 128.390031 191.541118 97.754795 399.301891 27.166155 204.024508 303.935848 147.166572 272.737969 209.403916 114.127122 289.171230 18.027756 104.546640 
173.000000 5.000000 2.000000 a 262.488095 237.002110 309.483441 304.021381 422.895968 171.233758 408.573127 306.052283 307.092820 261.306334 451.279293 369.384623 439.150316 333.216146 361.653149 181.320159 214.830165 272.354548 231.905153 89.000000 210.924157 439.802228 390.898964 282.063823 41.785165 404.694947 454.990110 99.639350 378.113740 404.738187 456.711068 280.251673 61.983869 299.200602 243.244733 441.354733 317.416131 406.078810 481.001039 190.078931 228.530086 233.122286 61.392182 417.968898 327.441598 353.884162 269.091063 479.153420 392.230799 434.180838 106.606754 275.746260 461.573396 55.973208 335.679907 209.888065 405.034566 351.489687 363.600055 320.413795 377.524834 364.540807 77.077883 74.148500 387.537095 305.712283 452.482044 390.928382 114.061387 190.394328 272.253558 382.266922 309.226454 166.544288 117.183617 167.263266 248.229732 271.823472 410.780964 177.991573 410.962285 56.435804 307.375991 268.287160 458.004367 395.904029 109.713263 54.405882 183.469343 146.669697 431.908555 337.871277 263.336287 428.360829 325.123054 452.845448 279.257945 198.035350 100.841460 119.402680 246.357464 205.231577 480.634997 432.010417 468.364175 517.088000 383.172285 365.941252 450.032221 145.880088 382.968667 177.022597 79.158070 238.799079 284.234058 414.208885 491.692994 125.175876 376.818259 444.203782 
257.000000 8.000000 4.000000 a 220.422322 175.385290 273.016483 271.737005 401.403787 129.139460 414.016908 257.561643 316.834342 207.646334 416.058890 321.976707 428.477537 329.461682 374.076195 124.823876 230.672929 222.991031 222.427516 79.931220 208.434642 439.344967 346.005780 288.918674 40.792156 383.207516 423.738127 47.518417 363.296023 384.766163 416.260736 267.239593 45.607017 313.829572 183.221178 457.423218 272.038600 389.597228 453.471058 230.893915 179.977776 194.092761 18.681542 427.551167 298.429221 331.789090 267.402319 493.690186 391.092061 402.657423 130.188325 239.002092 421.222032 21.095023 290.477194 204.413796 393.005089 334.928351 315.412428 304.776968 378.403224 365.715737 47.169906 79.924965 378.799419 315.420354 450.015555 344.646195 128.701204 183.619171 286.174772 342.593053 263.797271 135.517527 73.006849 187.832372 194.164878 282.874530 403.406743 208.146583 364.335011 104.043260 264.200681 232.008621 430.276655 392.390112 142.635900 15.297059 172.409396 134.111894 448.447321 321.006230 230.867928 446.467244 294.334843 441.077091 251.700219 138.809222 48.466483 127.283149 214.032708 199.424171 469.552979 433.295511 435.073557 513.881309 387.939428 381.933240 443.221164 205.448290 370.940696 162.791277 69.310894 233.848241 228.352797 368.169798 477.765633 155.438091 357.561184 439.710132 
256.000000 7.000000 4.000000 a 232.757384 321.686182 236.862830 216.815590 266.475140 201.486972 191.039263 287.471738 88.600226 284.740232 339.607126 327.739226 249.969998 139.903538 139.086304 256.134730 14.000000 270.223981 102.215459 163.783394 77.491935 229.455878 332.243886 72.027772 205.548048 251.097591 327.566787 223.651515 208.081715 246.237690 365.935787 132.653684 196.229458 76.321688 312.006410 218.160491 280.415763 236.592477 337.001484 91.706052 242.985596 207.369236 256.750852 196.412831 219.221349 212.758079 88.192970 255.828067 185.873613 310.909955 116.931604 218.247566 369.640366 220.800815 292.261869 87.595662 222.991031 192.314846 327.226221 166.532279 168.442869 155.929471 198.768710 162.265215 198.979898 87.361319 244.965304 338.940998 113.569362 95.634722 50.695167 301.973509 275.181758 169.295599 206.242576 56.080300 278.958778 54.589376 216.279911 58.215118 356.653894 172.037787 263.856021 212.532350 317.521653 194.092761 116.107709 248.652368 110.222502 129.073622 208.798946 183.087411 195.432853 205.779008 224.474943 265.181070 184.740358 278.729259 289.000000 114.825955 187.552659 89.286057 289.209267 219.255559 346.746305 308.298557 167.442527 142.635900 251.127458 190.065778 203.973037 121.016528 173.349358 87.618491 312.065698 356.400056 306.375586 100.344407 220.988687 240.916998 
210.000000 1.000000 5.000000 a 360.456655 500.136981 310.633224 293.001706 169.516961 410.621480 123.065023 383.646973 220.791757 427.001171 263.711964 368.048910 98.183502 184.699756 184.390889 459.882594 311.905434 396.648459 291.384626 436.513459 307.275121 79.429214 346.273014 239.175668 487.923150 179.011173 231.147139 477.331122 165.423698 170.393662 308.768522 249.238841 471.895115 238.838858 481.049893 163.783394 360.199944 151.092687 199.040197 391.230111 405.690769 362.801599 531.879686 134.123078 263.797271 214.478437 248.364651 146.386475 125.251746 236.135554 414.306650 329.218772 308.274229 495.372587 355.105618 309.958062 132.136293 194.000000 374.769262 218.013761 141.209065 154.120083 466.621903 445.179739 137.767921 221.939181 64.845971 357.972066 403.714008 330.588869 259.262415 306.543635 362.552065 387.827281 451.270429 359.071024 431.820565 254.371775 112.294256 366.805125 361.437408 473.710882 349.057302 331.368375 202.891597 121.642920 420.202332 525.380814 341.344401 379.680129 169.593632 206.518764 319.188032 181.245690 273.748059 93.520051 290.082747 474.473392 552.535972 397.859272 330.219624 314.892045 72.367120 90.354856 247.244818 2.236068 142.688472 196.621464 73.539105 496.058464 151.347283 351.229270 447.692975 280.431810 442.377667 356.294822 89.022469 405.215992 185.270073 74.094534 
182.000000 1.000000 5.000000 a 377.127299 409.547311 401.543273 385.800467 455.543631 306.493067 361.088632 431.510139 267.800299 406.322532 522.187706 485.126788 437.017162 328.636577 300.426364 343.517103 194.064422 404.338967 273.906918 218.247566 243.905719 406.148987 496.991952 259.563094 215.956014 439.751066 513.416985 271.641308 397.508490 435.295302 543.332311 315.734065 224.902201 246.519776 409.224877 355.326610 432.758593 426.057508 525.517840 97.800818 364.901357 346.226804 256.780062 355.928364 396.137602 398.548617 276.342179 393.544153 367.967390 495.564325 162.289864 374.476969 547.489726 238.096619 448.361461 251.001992 411.830062 380.678342 482.248898 353.239296 349.656975 338.255820 239.081576 199.722307 387.220867 266.925083 423.382806 501.278366 179.201004 244.264201 230.982683 473.600042 425.737008 282.605732 273.534276 165.855359 395.834561 239.852038 402.613959 137.295302 520.696649 151.109232 417.929420 367.288715 505.399842 378.318649 140.662717 249.064249 250.798724 237.766692 345.615393 370.548242 353.814923 337.499630 399.111513 452.311839 353.638233 365.224588 296.674906 192.426609 340.442359 249.377224 474.751514 394.020304 531.768747 483.037266 342.146168 292.225940 434.658487 51.788030 393.275985 254.593794 218.625250 266.176633 433.518166 521.829474 493.377138 141.675686 409.464284 422.452364 
267.000000 6.000000 4.000000 a 268.784300 271.516114 308.079535 298.573274 404.242501 183.504768 368.875318 318.190195 266.242371 281.485346 445.371755 378.671361 411.013382 301.652118 318.025156 208.806130 172.722321 286.625191 209.009569 90.000000 183.461168 403.837839 396.727866 243.920069 72.422372 386.374171 445.000000 131.061054 354.509520 385.063631 456.344168 258.000000 84.219950 255.264569 274.045617 394.665681 325.508832 383.334058 467.017130 134.629120 243.657547 237.674147 114.070154 375.421097 318.026728 337.249166 237.918053 433.046187 357.463285 424.796422 69.584481 275.878596 461.026030 94.371606 343.080166 185.024323 378.565714 330.006061 373.973261 299.001672 341.525987 328.562018 99.859902 69.404611 358.719946 264.916968 417.824126 398.421887 84.005952 168.240899 229.436266 382.346701 317.616120 168.813507 138.683092 124.482931 269.408612 230.991342 380.465504 127.914034 418.527180 12.083046 313.249102 268.262931 444.541337 362.856721 63.071388 106.004717 165.746795 135.059246 385.032466 317.014195 259.724854 380.644191 317.505905 425.396286 270.185122 228.816520 154.051939 94.530418 243.460469 181.000000 452.262092 394.897455 460.219513 482.270671 344.308002 320.062494 418.688428 96.798760 356.922961 162.806634 85.586214 211.683726 306.936476 421.001188 465.502954 78.714675 357.089625 411.166633 
269.000000 3.000000 1.000000 a 127.663621 253.148178 112.720894 90.801982 158.154987 149.241415 181.466250 175.641681 118.067777 192.854868 213.862105 204.462711 175.045708 85.445889 167.705098 202.002475 119.004202 169.070991 37.336309 180.235956 66.098411 193.752419 205.455591 92.574294 232.422030 140.356688 205.936884 214.723077 111.085553 139.000000 237.648901 13.892444 214.410821 135.148067 237.153958 249.238841 162.594588 138.917242 222.800359 214.149481 158.959114 114.490174 271.935654 204.088216 90.509668 92.649879 51.419841 277.319311 146.754898 187.459329 177.721693 103.237590 241.478778 236.425464 171.093542 61.814238 139.645981 84.480767 205.302216 53.338541 138.956828 128.280942 206.864690 193.018134 126.051577 117.106789 201.419959 213.009389 162.111073 78.025637 119.616052 173.510807 159.138305 124.807852 188.366664 143.781084 192.333044 106.892469 151.172087 171.327172 229.817319 235.008510 145.910932 100.000000 201.062179 144.312162 192.033851 266.101484 83.743656 121.564798 242.860042 71.112587 82.024387 246.221445 95.900991 187.747170 61.131007 219.672483 290.015517 152.029602 83.198558 65.375837 216.157350 190.790461 223.707398 263.427409 156.540730 186.077941 190.905736 295.711008 117.545736 91.394748 191.206694 42.438190 216.529444 229.104780 225.282045 181.176709 111.004504 189.200951 
201.000000 4.000000 1.000000 a 155.331903 88.238314 212.960090 218.048160 356.977590 80.280757 406.684153 180.709712 320.390387 125.399362 352.563469 244.844849 398.151981 313.427823 378.154730 43.046487 249.839949 146.277134 208.038458 112.361025 206.021844 422.859315 271.532687 290.523665 113.534136 339.449554 365.321776 53.851648 329.778714 343.069964 346.036125 242.662317 100.846418 324.260698 95.268043 463.389685 199.000000 352.601758 399.321925 281.215220 107.563934 136.857590 99.644368 425.471503 247.923375 289.471933 259.017374 496.459465 375.527629 344.419802 175.410946 180.886705 351.035611 93.600214 217.036863 198.436388 362.111861 300.374766 237.446836 273.402633 366.230802 354.572983 86.330759 127.475488 353.135951 319.023510 430.376579 268.464150 165.027270 179.493732 297.607124 275.049087 191.010471 106.042444 58.309519 218.506293 111.830228 290.688837 378.609297 247.655002 287.391719 175.559107 194.658676 175.231276 376.430604 373.448792 194.486503 101.607086 164.477962 134.833230 455.355905 286.818758 180.272017 455.632527 241.456000 408.814139 206.787330 51.478151 85.842880 156.540730 165.529454 193.793705 437.385414 419.448447 373.696401 491.406146 380.753201 390.590578 417.766681 281.149426 341.005865 152.463110 108.673824 224.474943 143.000000 291.871547 441.463475 202.299283 318.025156 417.594301 
242.000000 4.000000 1.000000 a 308.638948 394.000000 310.228948 289.318164 318.987461 274.089401 201.201392 363.188656 116.361506 360.284610 402.568007 401.707605 286.225436 185.733680 140.003571 327.220109 89.498603 346.174811 176.776695 222.407284 153.378617 247.588368 404.499691 119.473847 254.911749 305.738450 386.846223 285.043856 259.082998 299.260756 432.528612 200.412075 250.319795 92.114060 385.468546 197.585425 355.472924 285.408479 390.548332 79.322128 318.276609 283.301959 306.804498 195.028203 288.402497 274.488615 151.855194 236.393739 213.215853 372.055103 164.283292 293.342803 435.908247 273.534276 366.721966 163.514525 266.129668 249.569630 401.598058 228.405341 194.794764 184.694342 256.462473 215.406592 240.260276 115.870618 265.318676 411.768139 168.237927 171.020467 86.833173 372.239170 350.463978 242.249871 271.459021 111.198022 354.141215 99.247166 251.445819 86.330759 428.886931 206.206207 338.824438 287.847182 373.162163 225.197691 153.834326 298.318622 185.129684 199.123078 187.747170 242.909448 270.495841 180.834178 294.687971 301.378500 257.877878 350.142828 342.883362 174.140748 263.229938 165.245272 321.179078 234.940418 406.901708 323.187252 183.991848 131.381125 279.658721 182.167505 250.689050 195.358645 230.217289 160.589539 387.722839 428.239419 341.584543 139.588681 277.001805 266.129668 
110.000000 4.000000 4.000000 a 223.463644 363.452886 170.856665 154.870914 37.643060 285.077183 139.713994 242.981481 175.276924 288.425034 142.874070 228.659135 43.965896 106.230881 179.401784 329.334177 241.238471 257.614052 185.558616 329.874218 210.192769 109.553640 209.059800 175.328264 381.997382 39.623226 114.769334 359.538593 39.115214 30.083218 186.131674 136.780847 363.628932 200.142449 343.726636 221.382023 219.346757 11.661904 103.276328 336.122002 270.839436 230.204257 419.648663 169.168555 124.651514 76.485293 160.380797 229.172424 96.566040 110.421918 324.260698 192.416216 187.109594 384.958439 214.217180 208.865986 27.802878 66.098411 234.974467 96.772930 110.258786 114.551299 355.185867 342.838154 53.075418 175.635987 102.176318 220.637712 309.854805 227.125516 206.421898 168.344884 221.894119 267.471494 332.469547 280.401498 294.241397 195.724296 56.648036 299.861635 226.614210 382.953000 208.585714 195.576072 91.586025 81.633327 336.037200 414.270443 233.574399 271.182595 220.791757 80.006250 185.800969 230.184708 134.182711 48.010416 157.813181 341.552339 434.263745 300.707499 199.138143 213.138453 74.953319 118.258192 135.148067 142.239235 133.135270 201.159141 73.545904 431.551851 40.853396 240.842272 340.766782 182.068668 302.405357 222.092323 77.369245 323.303263 46.861498 85.094066 
281.000000 4.000000 4.000000 a 49.497475 116.275535 85.146932 104.216122 235.493100 118.460964 346.840021 21.023796 294.006803 38.897301 201.467119 85.000000 297.598723 252.073402 342.895028 116.965807 268.167858 15.264338 183.635509 211.813597 204.120063 344.615728 112.000000 267.226496 246.008130 221.070125 220.476756 191.128229 231.948270 228.037278 188.289670 183.883115 226.503863 309.523828 95.257546 421.658630 43.462628 245.051015 258.990347 343.080166 59.059292 75.153177 253.568531 373.020107 132.075736 181.471761 226.079632 446.078468 304.586605 200.960195 257.108926 74.148500 193.256306 233.856794 59.439044 193.961336 264.622372 205.730406 77.878110 191.324332 302.881165 294.923719 210.705956 232.422030 266.602701 293.001706 345.731109 108.558740 239.708156 188.308258 290.241279 122.090131 37.215588 136.561342 170.393662 264.886768 50.635956 278.513913 290.263673 299.294170 127.577427 290.043100 48.104054 76.236474 237.760384 296.556909 278.548021 253.001976 176.229963 181.024860 416.102151 195.777935 94.085068 420.448570 122.036880 303.804213 119.050409 114.280357 245.717317 226.373585 95.885348 192.275844 330.151480 346.324992 224.510579 396.890413 324.513482 361.935077 323.964504 386.788056 248.243832 168.715737 216.933169 202.091563 46.615448 131.973482 326.931185 277.238165 210.508907 329.771133 
193.000000 7.000000 1.000000 a 223.573254 118.848643 281.788928 288.360885 427.983645 151.604749 475.269397 241.099564 385.612500 182.274518 418.571380 303.133634 469.665839 383.275358 443.614698 109.444050 308.585482 208.173005 276.682128 159.380049 271.602651 493.170356 331.730312 356.068814 136.003676 410.571553 433.240118 97.575612 401.329042 414.366987 408.377277 313.359219 133.660016 387.249274 135.635541 528.674758 261.919835 424.128518 468.351364 323.729826 174.324410 207.530721 94.371606 492.886397 318.554548 360.833757 326.914362 562.818799 445.558077 412.536059 219.317122 250.697028 413.348521 114.070154 279.202436 264.877330 433.619649 371.927412 295.042370 344.818793 435.635168 423.727507 125.419297 167.693172 424.332417 384.219989 501.123737 327.184963 213.506440 245.000000 359.984722 339.889688 254.326562 175.385290 117.324337 271.429549 169.578890 354.261203 449.782169 296.445611 345.005797 200.249844 259.886514 245.415973 445.646721 443.969594 234.776489 101.414989 230.672929 197.202941 520.311445 358.357364 251.366267 519.849978 311.724237 480.370690 278.212149 105.929222 56.797887 208.216234 236.907155 260.048072 508.944987 489.336285 440.454311 562.541554 449.197061 454.658113 489.050100 300.885360 412.456058 218.961184 151.647618 292.205407 192.665513 350.051425 512.957113 245.930885 389.493261 488.589808 
214.000000 9.000000 5.000000 a 261.558789 216.002315 312.705932 310.006452 435.855481 169.705627 434.885042 300.128306 334.802927 250.599282 455.686296 364.453015 458.024017 355.128146 390.643060 167.720005 244.321509 265.631323 250.353750 103.817147 232.551070 463.608671 388.063139 308.449348 51.894123 417.608668 462.053027 89.560036 394.640343 418.516427 457.388238 297.270920 69.375788 328.782603 225.000000 471.920544 314.085975 421.797345 490.474260 226.850171 222.407284 234.232790 31.144823 446.010090 335.596484 366.285408 291.611042 509.235702 415.588739 441.028344 137.244308 278.648524 462.329969 50.000000 332.520676 230.078248 423.114642 366.979563 357.997207 336.267750 401.748678 388.850871 79.309520 95.189285 407.237032 333.402160 475.395625 386.959946 141.354165 209.697401 301.424949 383.407094 305.839827 172.185946 113.282832 197.994949 237.118114 299.868304 431.230797 212.037732 406.724723 93.230896 305.746627 271.471914 467.312529 418.168626 143.694120 28.301943 200.524313 162.225152 462.622957 353.140199 269.007435 459.621583 332.150568 471.189983 288.086792 181.110464 66.407831 143.951381 252.017857 225.204352 499.396636 456.580771 474.105473 539.793479 409.118565 396.285251 470.865161 182.175739 400.978802 192.333044 92.698436 259.538051 271.189970 410.463153 508.992141 158.600126 390.913034 466.141609 
189.000000 1.000000 3.000000 a 145.120639 254.892134 98.488578 111.503363 140.616500 236.907155 304.637489 119.816526 295.624762 179.234483 64.070274 68.883960 217.938065 230.106497 326.038341 253.505424 313.968151 151.753089 225.219893 320.357613 254.678228 283.044166 39.824616 278.567766 364.573724 135.299667 90.686272 318.044022 172.539850 145.220522 50.803543 193.041446 344.188902 318.290748 234.008547 387.218285 98.005102 168.107109 131.795296 406.863614 189.023808 173.002890 382.890324 334.320206 105.118980 129.653384 241.813978 400.604543 258.381501 76.661594 347.541364 130.919823 55.731499 357.246414 81.024688 246.756965 196.002551 161.012422 77.620873 169.955877 265.346943 263.153947 330.080293 339.649820 211.255769 295.194851 276.875423 51.039201 329.620994 253.239018 309.803163 24.166092 105.683490 240.127050 293.318939 331.621773 191.023559 296.769271 227.035240 362.729927 52.172790 394.417292 102.019606 138.513537 115.377641 245.381336 366.661970 380.788655 248.501509 272.117622 384.703782 160.626897 147.166572 392.429612 99.704564 217.497126 143.600139 254.011811 381.005249 316.627541 163.082801 248.032256 237.255137 290.084470 88.232647 311.004823 290.063786 348.168063 247.945559 476.601511 190.276115 247.412611 328.441776 236.890270 177.924141 47.381431 225.623580 359.990278 145.382255 259.771053 
230.000000 6.000000 2.000000 a 154.557433 280.431810 98.183502 101.434708 93.941471 242.167298 260.461130 145.437272 259.880742 202.595656 46.097722 108.724422 171.292148 191.470624 285.616876 268.262931 289.254213 172.409396 204.430917 317.290088 234.446156 237.018987 83.773504 245.837345 364.880802 89.005618 56.462377 324.154284 128.786645 99.000000 69.202601 165.423698 344.583807 283.536594 259.422435 343.211305 120.933866 122.016392 95.131488 384.793451 203.002463 177.228666 389.082254 290.258505 82.764727 91.268834 212.136748 355.268912 214.357179 36.891733 336.275185 132.060592 72.346389 360.312364 108.004630 227.774011 150.269757 121.198185 116.606175 135.723985 222.524156 221.382023 331.730312 335.359509 166.904164 259.599692 230.425693 95.462034 318.788331 237.693079 277.996403 46.861498 127.015747 239.108762 298.006711 312.693140 212.720474 265.096209 181.397354 341.708940 98.843310 387.397728 118.473626 139.003597 75.073298 200.897984 353.939260 386.000000 235.722294 264.370952 341.123145 123.422040 142.021125 349.252058 81.908486 170.836179 129.340636 272.591269 391.950252 306.426174 159.022011 229.895628 191.002618 244.460631 64.195015 264.560012 247.250885 307.923692 201.318156 462.096310 146.112970 236.890270 326.401593 213.084490 206.903359 94.047860 180.272017 345.527134 101.921538 213.337760 
Type de surveillance de chaque endroit(target):tab[nombre de target]
a a a a a a a a a a a a a a a a a a a a a a a a a a a a a a a a a a a a a a a a a a a a a a a a a a a a a a a a a a a a a a a a a a a a a a a a a a a a a a a a a a a a a a a a a a a a a a a a a a a a a a a a a a a a a a a a a a a a a a a a 