Nombre des capteurs:
50
Nombre des targets:
30
Nombre de type de surveillance:
1

Caracteristiques:
193.000000 6.000000 3.000000 a 125.035995 424.905872 406.253615 342.441236 323.097509 93.021503 196.254936 44.944410 307.175845 367.164813 346.632370 290.244724 233.053642 255.515166 311.321377 342.912525 407.141253 326.847059 381.693594 226.079632 68.709534 338.533602 311.207326 438.749359 297.899312 281.655818 156.051274 86.371292 386.948317 484.024793 
141.000000 5.000000 2.000000 a 100.568385 415.943506 393.103040 373.258623 281.602557 94.302704 168.023808 14.422205 335.232755 350.853246 372.818991 279.546061 205.353354 282.821498 328.975683 339.942642 402.412723 305.360443 392.451271 200.449495 69.835521 312.872178 341.470350 420.353423 314.992063 291.496141 194.987179 71.217975 366.580141 474.371163 
232.000000 2.000000 3.000000 a 68.014704 340.066170 322.567822 293.015358 281.737466 9.000000 132.619757 75.179785 252.446034 285.170125 287.934020 206.189233 165.801086 200.159936 239.927072 257.947669 322.074526 249.128481 303.199604 156.204994 19.723083 265.000000 261.017241 357.593344 225.849507 202.272094 138.130373 36.055513 307.566253 399.239277 
100.000000 7.000000 5.000000 a 135.793962 444.235298 423.858467 368.781778 322.009317 113.811247 205.548048 47.010637 333.713949 383.301448 373.202358 308.609786 242.825040 282.081548 337.338109 364.232069 427.983645 340.365979 406.684153 237.035862 88.481637 349.778501 337.615166 454.009912 323.830202 306.307036 181.069048 100.568385 401.154584 503.160014 
171.000000 7.000000 5.000000 a 103.754518 318.201194 306.276019 245.130577 310.485104 48.166378 153.912313 121.148669 204.244951 274.220714 239.718585 190.947637 180.944743 152.029602 194.092761 230.586209 295.575709 247.256951 261.963738 169.307413 66.708320 268.555395 213.150182 347.324056 180.247053 161.966046 106.042444 82.298238 301.479684 377.275761 
149.000000 9.000000 2.000000 a 364.540807 77.077883 74.148500 423.615392 329.460165 387.537095 305.712283 452.482044 390.928382 114.061387 380.591645 190.394328 272.253558 382.266922 309.226454 166.544288 117.183617 167.263266 248.229732 271.823472 410.780964 177.991573 410.962285 56.435804 307.375991 268.287160 458.004367 395.904029 109.713263 54.405882 
172.000000 3.000000 2.000000 a 365.715737 47.169906 79.924965 373.871636 366.456000 378.799419 315.420354 450.015555 344.646195 128.701204 329.830259 183.619171 286.174772 342.593053 263.797271 135.517527 73.006849 187.832372 194.164878 282.874530 403.406743 208.146583 364.335011 104.043260 264.200681 232.008621 430.276655 392.390112 142.635900 15.297059 
158.000000 1.000000 5.000000 a 155.929471 198.768710 162.265215 383.043079 148.660687 198.979898 87.361319 244.965304 338.940998 113.569362 353.827642 95.634722 50.695167 301.973509 275.181758 169.295599 206.242576 56.080300 278.958778 54.589376 216.279911 58.215118 356.653894 172.037787 263.856021 212.532350 317.521653 194.092761 116.107709 248.652368 
124.000000 3.000000 4.000000 a 154.120083 466.621903 445.179739 392.424515 328.987842 137.767921 221.939181 64.845971 357.972066 403.714008 397.709693 330.588869 259.262415 306.543635 362.552065 387.827281 451.270429 359.071024 431.820565 254.371775 112.294256 366.805125 361.437408 473.710882 349.057302 331.368375 202.891597 121.642920 420.202332 525.380814 
188.000000 1.000000 5.000000 a 338.255820 239.081576 199.722307 542.428797 190.664627 387.220867 266.925083 423.382806 501.278366 179.201004 505.842861 244.264201 230.982683 473.600042 425.737008 282.605732 273.534276 165.855359 395.834561 239.852038 402.613959 137.295302 520.696649 151.109232 417.929420 367.288715 505.399842 378.318649 140.662717 249.064249 
267.000000 8.000000 2.000000 a 328.562018 99.859902 69.404611 434.949422 274.235300 358.719946 264.916968 417.824126 398.421887 84.005952 393.970811 168.240899 229.436266 382.346701 317.616120 168.813507 138.683092 124.482931 269.408612 230.991342 380.465504 127.914034 418.527180 12.083046 313.249102 268.262931 444.541337 362.856721 63.071388 106.004717 
270.000000 9.000000 2.000000 a 128.280942 206.864690 193.018134 257.650927 262.087772 126.051577 117.106789 201.419959 213.009389 162.111073 232.757384 78.025637 119.616052 173.510807 159.138305 124.807852 188.366664 143.781084 192.333044 106.892469 151.172087 171.327172 229.817319 235.008510 145.910932 100.000000 201.062179 144.312162 192.033851 266.101484 
229.000000 5.000000 2.000000 a 354.572983 86.330759 127.475488 293.233695 404.776482 353.135951 319.023510 430.376579 268.464150 165.027270 248.600080 179.493732 297.607124 275.049087 191.010471 106.042444 58.309519 218.506293 111.830228 290.688837 378.609297 247.655002 287.391719 175.559107 194.658676 175.231276 376.430604 373.448792 194.486503 101.607086 
148.000000 6.000000 3.000000 a 184.694342 256.462473 215.406592 456.219246 75.325958 240.260276 115.870618 265.318676 411.768139 168.237927 428.476370 171.020467 86.833173 372.239170 350.463978 242.249871 271.459021 111.198022 354.141215 99.247166 251.445819 86.330759 428.886931 206.206207 338.824438 287.847182 373.162163 225.197691 153.834326 298.318622 
151.000000 8.000000 3.000000 a 114.551299 355.185867 342.838154 258.414396 327.786516 53.075418 175.635987 102.176318 220.637712 309.854805 258.924699 227.125516 206.421898 168.344884 221.894119 267.471494 332.469547 280.401498 294.241397 195.724296 56.648036 299.861635 226.614210 382.953000 208.585714 195.576072 91.586025 81.633327 336.037200 414.270443 
254.000000 4.000000 3.000000 a 294.923719 210.705956 232.422030 136.308474 428.133157 266.602701 293.001706 345.731109 108.558740 239.708156 93.059121 188.308258 290.241279 122.090131 37.215588 136.561342 170.393662 264.886768 50.635956 278.513913 290.263673 299.294170 127.577427 290.043100 48.104054 76.236474 237.760384 296.556909 278.548021 253.001976 
182.000000 2.000000 2.000000 a 423.727507 125.419297 167.693172 346.301891 455.636917 424.332417 384.219989 501.123737 327.184963 213.506440 301.802916 245.000000 359.984722 339.889688 254.326562 175.385290 117.324337 271.429549 169.578890 354.261203 449.782169 296.445611 345.005797 200.249844 259.886514 245.415973 445.646721 443.969594 234.776489 101.414989 
121.000000 4.000000 5.000000 a 388.850871 79.309520 95.189285 416.673733 365.853796 407.237032 333.402160 475.395625 386.959946 141.354165 372.699611 209.697401 301.424949 383.407094 305.839827 172.185946 113.282832 197.994949 237.118114 299.868304 431.230797 212.037732 406.724723 93.230896 305.746627 271.471914 467.312529 418.168626 143.694120 28.301943 
189.000000 1.000000 2.000000 a 263.153947 330.080293 339.649820 83.725743 451.388968 211.255769 295.194851 276.875423 51.039201 329.620994 93.005376 253.239018 309.803163 24.166092 105.683490 240.127050 293.318939 331.621773 191.023559 296.769271 227.035240 362.729927 52.172790 394.417292 102.019606 138.513537 115.377641 245.381336 366.661970 380.788655 
238.000000 3.000000 4.000000 a 221.382023 331.730312 335.359509 130.391718 417.329606 166.904164 259.599692 230.425693 95.462034 318.788331 136.418474 237.693079 277.996403 46.861498 127.015747 239.108762 298.006711 312.693140 212.720474 265.096209 181.397354 341.708940 98.843310 387.397728 118.473626 139.003597 75.073298 200.897984 353.939260 386.000000 
205.000000 8.000000 1.000000 a 282.651729 149.816554 171.825493 196.824795 387.620949 266.902604 266.326867 346.620830 165.677397 182.526710 154.051939 143.401534 256.499513 167.242339 85.000000 79.404030 109.772492 214.189169 40.049969 246.077224 292.063349 248.485412 185.440017 229.444983 87.005747 72.801099 270.248034 292.605537 221.009050 194.283298 
116.000000 3.000000 2.000000 a 347.437764 409.257865 423.670863 75.504967 542.517281 290.998282 385.358275 346.434698 95.603347 417.967702 118.207445 344.245552 401.647856 115.364639 177.087549 323.447059 370.341734 423.291861 251.676380 388.634790 302.512810 454.842830 75.927597 479.860396 179.234483 224.510579 164.003049 324.445681 455.738960 455.496432 
200.000000 3.000000 4.000000 a 210.278387 121.037184 115.624392 266.737699 288.362619 214.032708 177.395039 288.639914 226.296266 101.355809 230.384461 44.102154 161.409417 204.394227 150.073315 38.418745 100.404183 117.720007 139.301831 152.345003 239.140126 152.118375 246.018292 167.044904 142.214627 92.417531 270.016666 231.138487 139.269523 179.980555 
285.000000 5.000000 5.000000 a 245.568728 239.676866 196.651977 488.401474 106.216760 298.216364 174.888536 328.466132 444.946064 156.460858 456.534774 190.031576 141.152400 410.241392 376.511620 249.537572 263.427409 113.088461 365.568051 151.795916 311.449835 78.771822 463.249393 171.233758 366.379585 314.515500 425.067054 286.024474 128.875909 271.016605 
114.000000 2.000000 4.000000 a 179.744263 146.700375 134.536240 270.946489 267.166615 185.647515 148.060798 259.017374 228.449119 109.635761 237.966384 29.732137 134.729358 199.984999 157.952525 69.028979 129.807550 109.622078 162.000000 124.779806 210.487529 142.762040 247.491414 180.601772 147.871566 96.020831 252.448014 201.400099 144.308697 205.936884 
148.000000 5.000000 3.000000 a 275.786149 270.046292 227.107904 527.000949 105.546198 330.770313 206.494552 355.449012 483.529730 190.247208 495.073732 228.442553 174.888536 448.575523 415.004819 286.295302 296.445611 150.734867 402.504658 186.300832 342.486496 116.297033 501.806736 194.743421 404.934563 353.069398 460.682103 316.291005 159.201131 296.249895 
156.000000 1.000000 3.000000 a 100.284595 257.856549 224.162887 385.648804 134.629120 153.629424 29.410882 186.067192 340.872410 176.184562 362.763008 135.679770 16.643317 297.127919 289.084763 212.508823 259.624729 120.673112 310.852055 25.079872 165.939748 120.166551 356.501052 237.023206 276.052531 228.396585 287.417814 140.616500 181.107703 310.517310 
116.000000 2.000000 2.000000 a 172.817823 490.890008 464.010776 459.166636 298.429221 182.123584 227.297162 102.956301 422.365955 418.819770 460.636516 355.046476 262.560469 370.129707 417.714017 420.757650 481.240065 367.631609 479.877068 261.296766 158.344561 368.419598 427.628343 484.385177 403.707815 379.011873 274.000000 154.841855 428.878771 548.032846 
124.000000 5.000000 1.000000 a 94.868330 223.805719 199.459269 313.177266 206.169833 120.337027 61.400326 181.245690 268.411997 158.113883 289.689489 87.863531 63.529521 226.101747 216.363121 158.091746 215.076730 120.004167 244.000000 50.537115 141.410749 138.740765 284.478470 229.444983 203.179723 156.460858 232.107734 124.651514 178.361991 281.513765 
220.000000 9.000000 1.000000 a 70.405966 256.222560 227.747667 346.561683 176.139150 115.247560 21.095023 159.878079 301.850957 182.704680 325.725344 123.405835 42.154478 256.719691 254.656632 196.977156 251.286689 134.766465 284.971928 32.388269 130.751673 144.222051 316.848544 250.319795 241.132744 196.022958 245.415973 108.041659 196.061215 312.347563 
192.000000 4.000000 5.000000 a 411.491191 121.061968 163.990853 329.461682 450.409813 410.487515 373.905068 487.755061 310.161248 208.146583 284.929816 234.360833 350.766304 323.006192 237.394187 162.855764 107.782188 265.126385 152.554908 344.576552 435.965595 291.454971 328.001524 200.823305 243.074063 229.505991 429.316899 430.795775 231.780068 105.475116 
288.000000 5.000000 2.000000 a 71.840100 302.006622 286.008741 271.140185 275.174490 32.557641 118.562220 112.200713 228.560714 250.457581 261.191501 169.543505 146.372812 177.496479 206.891276 218.892668 283.176623 218.586367 266.062023 135.059246 57.982756 237.693079 239.426398 323.360480 192.626582 165.157501 141.354165 61.032778 275.089076 361.232612 
168.000000 8.000000 1.000000 a 133.958949 185.913959 159.777971 319.907799 204.970730 159.524293 86.608314 221.253249 275.688230 117.953381 291.624759 53.000000 69.462220 238.673417 213.953266 128.693434 180.601772 83.186537 227.079281 59.908263 181.245690 106.929884 293.293368 189.488786 202.081667 151.489274 261.704031 164.805946 139.291062 242.843571 
219.000000 3.000000 1.000000 a 276.001812 186.868938 144.391828 471.666196 169.920570 321.029594 205.156038 363.666056 430.069762 113.635382 435.932334 172.467388 168.026784 401.617978 355.600900 215.745220 216.104142 93.744333 331.006042 175.182762 338.079872 66.407831 449.360657 109.881755 347.311100 296.278585 434.728651 315.158690 77.884530 211.265236 
176.000000 5.000000 2.000000 a 349.143237 407.443248 422.238084 72.006944 543.401325 293.001706 386.400052 349.074491 93.605555 417.004796 115.069544 343.739727 402.334438 115.260574 175.231276 322.024844 368.408740 422.916067 249.064249 389.313498 304.795013 454.598724 73.763134 478.539445 177.687929 223.465881 167.047897 326.528712 454.862617 453.357475 
257.000000 7.000000 1.000000 a 284.613773 93.520051 116.674762 253.126451 357.022408 281.044480 254.348187 358.620970 220.730605 133.824512 210.487529 117.630778 237.084373 216.834038 139.176147 40.792156 54.120237 174.797025 85.000000 228.632894 306.528955 207.884583 240.684441 174.091930 138.654246 108.189648 309.342852 301.942047 170.950285 141.028366 
236.000000 6.000000 3.000000 a 147.526269 222.596047 216.009259 217.375252 301.943703 127.015747 152.190670 206.634944 172.629661 191.801981 194.535344 108.240473 159.248234 132.280006 125.000000 132.517923 197.448728 181.342218 172.707846 146.321564 152.305614 210.544532 189.029098 263.205243 111.040533 72.801099 169.852878 152.977122 224.902201 281.101405 
127.000000 1.000000 3.000000 a 149.452334 222.200360 216.000000 215.573653 303.753189 128.549601 154.149278 208.216234 170.836179 192.208220 192.603219 108.811764 161.058995 130.728727 123.000000 131.867358 196.758736 182.332115 170.950285 148.141824 153.808322 211.690812 187.296556 263.471061 109.041277 70.936591 169.664375 154.693245 225.497228 280.631431 
279.000000 3.000000 1.000000 a 268.927500 329.279517 286.276091 556.354204 60.827625 328.689823 207.171427 338.017751 511.926753 245.002041 528.168534 266.896984 184.287818 472.207581 449.649864 333.204142 352.022727 196.461192 447.966517 197.190263 335.650115 163.783394 529.053872 259.200694 438.292140 387.001292 467.080293 308.103879 218.552053 359.938884 
260.000000 9.000000 3.000000 a 160.975153 431.342092 418.025119 301.378500 369.995946 110.290525 230.930726 98.493655 270.170317 383.407094 311.276405 301.822796 265.753645 220.782699 287.506522 343.770272 408.770107 350.000000 364.906837 256.797586 94.371606 366.314073 271.317158 456.326637 275.174490 268.650330 108.466585 120.552893 407.649359 490.470183 
223.000000 4.000000 2.000000 a 286.900680 103.310212 127.279221 243.343379 365.012329 281.042701 259.048258 359.213029 211.596314 144.027775 200.479425 123.967738 243.022633 209.289273 130.249760 48.010416 63.324561 183.806964 74.404301 234.200769 306.537110 217.147415 231.482181 184.664561 130.391718 102.839681 304.384625 302.909227 181.342218 149.110697 
223.000000 2.000000 3.000000 a 369.774255 56.797887 97.800818 351.523826 386.208493 377.986772 323.989197 451.642558 324.410234 144.848196 307.104217 187.608635 297.026935 326.075145 244.724335 128.949603 63.976558 203.592731 170.461139 292.514957 403.033497 227.059464 343.792088 131.240238 246.456893 218.798995 419.505661 393.970811 164.401946 41.725292 
195.000000 2.000000 2.000000 a 216.640255 396.504729 394.670749 190.517716 427.846935 155.241747 271.950363 194.794764 165.239221 371.382552 207.251055 287.313418 298.457702 122.918672 204.166599 303.595125 365.656943 354.812627 289.359638 286.504799 158.902486 379.770984 162.409975 442.946949 194.989743 208.482613 12.041595 184.762009 403.398066 452.951432 
124.000000 5.000000 1.000000 a 235.544051 172.539850 129.711218 432.671931 161.136588 278.513913 165.604952 324.118805 390.386987 88.277970 398.272520 132.276226 128.269248 360.173569 317.845875 183.847763 195.256242 52.325902 300.088320 134.182711 296.243143 22.803509 409.415437 113.225439 308.825193 257.287777 391.081833 274.045617 63.245553 208.165799 
215.000000 1.000000 3.000000 a 326.142607 287.123667 245.473013 566.961198 147.461859 380.678342 256.563832 405.804140 524.183174 216.002315 533.206339 266.595199 224.198573 491.553659 452.800177 317.127735 318.127333 186.815417 432.921471 235.238177 392.756922 153.264477 542.915279 203.297811 443.541430 391.843081 508.917479 366.656515 180.249827 304.001645 
281.000000 4.000000 5.000000 a 355.686660 91.082380 132.003788 289.394195 408.285439 353.389304 321.012461 430.883975 265.088664 169.000000 244.730464 181.595705 300.041664 272.442655 188.095720 107.415083 62.072538 222.036033 108.060168 292.959042 378.874649 251.447808 283.924286 180.427271 192.044266 173.818871 374.759923 374.076195 198.841646 106.400188 
203.000000 8.000000 2.000000 a 319.820262 370.623798 384.766163 50.447993 509.522325 265.936083 353.362420 327.055041 57.706152 379.269034 86.400231 306.276019 367.783904 78.873316 138.600144 284.541737 331.887029 385.603423 215.334623 354.746388 279.835666 417.482934 39.000000 440.953512 140.388746 185.733680 151.343979 299.901651 417.137867 417.426640 
193.000000 7.000000 3.000000 a 152.472948 204.599609 168.047612 385.631949 144.006944 196.786687 83.198558 241.267486 341.422026 119.331471 356.886537 100.319490 46.173586 303.832191 278.512118 174.484956 211.966979 61.619802 283.591255 51.088159 213.600094 61.814238 358.987465 177.248413 267.031833 215.870331 317.127735 191.002618 121.264174 254.420911 
257.000000 6.000000 2.000000 a 181.024860 498.077303 470.338176 472.671133 296.006757 193.651749 232.568270 115.169440 435.611065 424.633960 473.677105 362.659620 267.121695 383.317101 429.773196 429.521827 489.391459 372.490268 490.846208 266.510788 170.308544 372.022849 441.082759 489.237161 415.716249 390.089733 288.006944 165.360213 433.530852 554.836913 
173.000000 2.000000 4.000000 a 198.176689 165.435788 165.921668 219.494875 315.296686 187.416648 183.324848 266.112758 177.552809 152.531964 186.102123 81.055537 177.634456 152.957510 106.174385 72.835431 136.821051 160.962729 122.482652 166.192659 212.896689 194.445365 196.900990 218.524598 96.020831 44.204072 222.575830 210.523158 189.855208 222.611770 
Type de surveillance de chaque endroit(target):tab[nombre de target]
a a a a a a a a a a a a a a a a a a a a a a a a a a a a a a 