Nombre des capteurs:
20
Nombre des targets:
50
Nombre de type de surveillance:
1

Caracteristiques:
113.000000 3.000000 3.000000 a 82.855296 455.179086 392.256294 200.202398 370.724965 451.846213 485.182440 298.613463 154.738489 280.401498 493.568638 296.168871 368.982384 214.219514 264.439029 529.849979 388.579464 223.573254 403.218303 372.323784 439.396177 339.425986 412.825629 334.252898 297.417215 353.005666 346.382736 452.603579 52.630789 214.410821 443.527902 420.594817 512.465609 304.174292 179.694185 178.443268 204.012255 76.419893 243.402958 223.660457 499.225400 558.028673 490.102030 172.568827 369.151730 271.118055 417.834896 321.006230 365.636431 540.703246 
140.000000 5.000000 5.000000 a 52.000000 353.865794 339.346431 198.237232 242.074369 330.847397 352.829987 183.839604 30.016662 293.155249 412.685110 268.411997 286.008741 225.577038 274.133179 432.023148 369.914855 201.405064 269.258240 239.470249 307.200260 227.844245 323.706657 238.096619 260.909946 235.669260 231.672182 382.001309 85.375641 161.755989 317.039430 292.138666 383.512712 188.279048 57.384667 138.755180 137.360839 118.258192 114.017543 137.131324 377.047742 451.128585 359.673463 44.777226 300.426364 254.848975 289.228284 254.436633 268.001866 421.413099 
170.000000 1.000000 5.000000 a 128.316016 264.578911 234.360833 125.590605 275.050904 265.663321 317.515354 112.605506 125.865007 213.908859 312.217873 170.651692 185.153990 155.666310 195.166596 340.424735 271.359540 114.039467 277.093847 212.896689 272.985348 149.933319 226.108381 144.003472 160.377679 166.400120 158.256122 278.460051 141.421356 63.702433 263.706276 321.362723 335.059696 118.726577 143.178211 59.665736 36.235342 129.468143 166.964068 34.205263 313.292196 366.946863 316.483807 74.793048 196.002551 163.355441 242.668498 149.482440 175.316856 352.320876 
220.000000 7.000000 2.000000 a 397.404076 196.400102 351.069794 410.019512 212.983567 92.357999 16.643317 198.657998 337.415175 467.001071 295.677189 385.876923 256.189383 436.010321 453.158913 240.636656 445.633257 381.903129 147.410990 108.903627 41.400483 178.227383 238.872351 222.575830 366.922335 153.551294 165.366260 316.425347 426.010563 335.554765 58.240879 209.057408 45.122057 192.346042 323.488794 357.962289 320.477768 432.902991 269.462428 288.321002 90.338253 211.804155 16.278821 306.080055 298.760774 403.001241 65.734314 300.166620 210.440015 131.244047 
217.000000 9.000000 1.000000 a 442.899537 298.095622 135.484316 260.572447 577.172418 394.202993 500.936124 348.810837 465.150513 187.072179 223.080703 172.525360 232.725160 246.456893 199.090432 306.104557 72.034714 243.680118 549.228550 455.923239 475.903352 332.831789 246.142235 282.605732 180.227634 355.578402 344.569296 178.361991 434.079486 279.164826 426.757542 612.412443 478.850707 351.876399 483.649667 303.981907 305.004918 385.695476 498.934865 316.526460 420.576985 362.067673 481.394848 415.245710 190.829767 191.133461 433.004619 212.136748 280.743655 422.143341 
175.000000 2.000000 3.000000 a 216.898594 173.626035 193.600103 183.991848 255.876924 172.803356 238.436574 31.048349 190.394328 248.919666 236.008474 177.002825 113.780490 210.608642 233.070805 251.406046 262.419511 157.050947 235.238177 150.136604 197.253644 55.605755 145.124085 59.000000 159.677801 75.239617 65.368188 213.466625 234.648674 109.444050 176.173210 293.724361 247.776109 36.496575 196.040812 134.238594 96.607453 223.664928 187.619295 66.287254 220.227155 273.748059 232.606965 137.673527 141.777995 186.271308 160.461833 109.622078 87.475711 257.856549 
262.000000 7.000000 2.000000 a 336.703133 251.793566 81.344945 158.028478 481.959542 332.067764 432.030092 256.019531 358.669765 105.683490 210.983412 65.787537 161.245155 149.110697 110.072703 286.714143 37.013511 137.873130 460.479098 370.293127 400.705628 248.696602 191.512402 198.517002 74.330344 273.344105 261.467015 157.155973 329.293182 172.626765 358.308526 520.384473 419.314917 260.019230 377.690349 197.327140 198.829072 282.708330 395.915395 212.424104 367.066751 338.998525 416.273948 309.386490 120.104121 87.091905 358.131261 120.768373 205.975727 380.110510 
123.000000 5.000000 3.000000 a 276.703813 267.675176 119.970830 95.084173 446.471724 332.019578 423.367453 228.980349 304.332055 63.694584 249.158584 23.021729 166.643332 87.361319 58.258047 316.526460 94.593869 77.620873 432.658064 347.610414 387.366751 232.499462 206.864690 186.217615 42.011903 257.815826 245.652193 196.580772 267.507009 120.507261 352.115038 488.190537 418.431595 234.008547 325.262971 139.542108 147.989865 220.004545 350.052853 167.886867 372.236484 364.540807 411.098528 257.856549 134.182711 24.515301 346.317773 110.548632 202.800394 392.746738 
261.000000 3.000000 5.000000 a 398.282563 182.148291 44.102154 241.373155 481.049893 279.551426 387.303499 255.162693 402.951610 208.060087 114.560028 144.312162 127.349912 240.840196 209.976189 195.971937 105.603030 212.812124 446.310430 351.688783 364.852025 230.729279 131.928011 183.218449 138.740765 251.071703 241.132744 64.124878 398.502196 227.055059 313.542661 512.041014 363.352446 256.912436 416.480492 260.192237 247.267062 358.934534 419.200429 247.648945 304.690006 251.177228 366.870549 349.493920 91.065910 174.244082 322.297999 130.080744 174.091930 306.780052 
217.000000 6.000000 1.000000 a 298.457702 204.088216 317.472833 331.006042 149.616176 119.067208 105.118980 120.208153 237.655212 399.996250 301.532751 325.852727 220.843836 359.112796 384.104153 271.648670 402.087055 306.719742 100.424101 10.440307 59.405387 120.440857 222.146348 171.046777 307.709278 97.082439 108.226614 305.119649 327.905474 256.007812 85.702975 168.629772 139.402296 114.586212 224.200803 272.767300 236.611496 338.337110 172.791782 204.352636 152.610616 262.274665 113.278418 207.547585 261.910290 337.136471 53.758720 247.872951 173.233946 200.878072 
110.000000 2.000000 5.000000 a 143.136299 249.929990 221.711524 126.372465 275.768018 253.211374 308.423410 101.118742 137.786066 211.177650 297.511344 162.606888 170.425937 156.208194 192.751135 325.631694 262.406174 110.941426 274.233477 206.072803 264.370952 136.780847 211.248669 129.251692 151.162165 154.207652 145.602198 264.229067 156.118545 58.249464 252.685575 321.068529 324.237567 107.354553 153.521985 63.000000 31.304952 142.341140 172.557237 19.416488 300.800598 352.512411 306.400065 85.234969 182.098874 157.746632 232.690782 136.066160 160.589539 339.165152 
213.000000 3.000000 3.000000 a 307.702779 89.106678 128.502918 222.712820 326.075145 142.031687 241.366941 108.415866 287.179386 253.600079 139.089899 168.344884 31.304952 241.118228 243.129595 161.136588 220.204450 189.211522 289.249028 194.609866 212.614675 75.166482 48.093659 38.118237 149.642908 94.047860 84.504438 122.155638 320.789651 162.788206 167.370846 355.308317 229.218237 108.157293 293.001706 197.570241 165.592874 299.546324 279.951782 146.013698 181.024860 193.793705 225.228773 233.931614 73.925638 191.481070 169.664375 81.024688 17.029386 203.901937 
277.000000 3.000000 5.000000 a 360.624458 42.154478 135.830777 269.903687 354.764711 129.468143 237.531051 153.052279 337.575177 289.209267 95.210294 203.708125 61.294372 285.686892 281.149426 108.046286 234.480276 235.987288 310.203159 216.333077 217.866932 112.449989 20.000000 89.844310 186.214930 122.776219 117.175083 97.185390 374.012032 214.273190 164.304595 378.403224 214.009346 151.330764 341.708940 249.609695 218.490274 352.274041 323.360480 199.210943 157.407115 144.170038 216.787915 284.971928 92.962358 230.325856 176.388775 121.490740 59.841457 169.011834 
285.000000 3.000000 2.000000 a 85.088190 406.636201 405.230798 262.606169 226.450878 370.302579 374.140348 234.079046 47.000000 357.328980 472.466930 335.596484 347.005764 288.736904 338.456792 485.275180 437.082372 267.917898 268.663358 262.606169 330.024242 278.188785 382.102081 295.895252 328.124976 281.460477 279.685538 444.703272 116.811814 228.965063 350.351252 275.312550 411.526427 237.446836 48.259714 205.428820 204.284116 165.496224 106.508216 201.556444 414.276478 499.328549 385.394603 101.079177 364.428319 321.502722 320.089050 319.427613 324.353203 460.765667 
299.000000 7.000000 5.000000 a 139.402296 345.071007 252.200317 55.036352 382.785841 369.595725 431.870351 222.656686 189.994737 141.777995 364.428319 151.953940 247.535856 72.498276 123.975804 412.941885 243.614449 81.320354 391.618437 329.370612 388.063139 252.253840 293.470612 228.650388 155.232084 273.029302 262.992395 318.628310 121.852370 93.861600 373.626819 431.066120 445.314496 228.980349 216.453228 63.560994 101.237345 70.611614 262.413795 132.853303 416.509304 449.722136 428.842628 161.919733 237.674147 126.003968 355.449012 191.668985 258.147245 450.708331 
208.000000 6.000000 4.000000 a 374.861308 263.351476 401.044885 424.057779 142.677959 160.601993 68.264193 213.588389 307.001629 493.206853 363.917573 417.892331 303.832191 452.358265 477.445285 316.077522 490.036733 400.126230 76.557168 96.005208 62.936476 209.351379 296.204321 259.254701 399.505945 184.458667 196.420467 377.708883 406.787414 349.173309 120.104121 131.003817 121.412520 207.894204 287.902761 364.664229 329.097250 423.483176 226.920691 297.015151 169.008876 290.630349 94.540996 287.336040 346.192143 430.131375 104.403065 337.480370 255.882786 210.774761 
229.000000 7.000000 1.000000 a 434.719450 45.607017 205.360658 354.684367 378.450789 115.381974 216.836344 214.462118 403.053346 371.016172 102.693719 286.216701 146.013698 370.375485 364.049447 42.720019 303.265560 320.781857 323.303263 237.976890 213.974298 170.205758 101.355809 166.412139 269.356641 168.715737 168.881615 141.428427 451.116393 297.321375 156.118545 391.846909 177.259696 210.850658 402.951610 332.015060 299.200602 433.206648 374.049462 276.875423 115.108644 59.464275 190.965966 353.021246 173.219514 313.823199 181.069048 206.118898 135.092561 103.324731 
153.000000 2.000000 4.000000 a 251.097591 186.657440 104.737768 124.579292 361.543912 237.894935 326.810343 136.473441 254.960781 155.544206 199.461776 73.979727 84.504438 140.459959 143.377125 249.002008 156.630138 90.609050 341.353190 253.298243 290.822970 135.959553 130.230565 90.022219 55.317267 161.276161 149.110697 156.732256 254.489685 81.786307 256.007812 400.216192 323.394496 140.872283 269.898129 117.443603 99.045444 221.108571 279.846386 100.304536 280.130327 289.705022 315.006349 202.071769 73.389373 91.923882 249.689808 26.076810 109.895405 305.098345 
200.000000 4.000000 3.000000 a 214.462118 251.246891 318.750686 278.976702 129.807550 191.086368 190.905736 100.801786 150.894003 360.435847 337.770632 298.283422 230.705440 308.753947 342.696659 327.123830 388.336195 261.216385 121.926207 77.794601 145.773797 131.320219 248.620192 173.216627 282.347304 120.838736 125.419297 327.495038 245.578908 207.761883 166.373075 170.836179 226.141549 99.020200 137.277092 214.553024 183.133831 262.429038 90.520716 154.042202 232.019396 329.370612 200.322240 125.717938 265.047166 301.877459 135.325533 236.177899 190.002632 279.658721 
245.000000 9.000000 3.000000 a 405.487361 37.483330 150.625363 308.327748 387.881425 141.675686 250.049995 196.206524 382.064131 318.421105 63.126856 234.446156 100.124922 321.895946 312.328353 65.299311 248.581978 274.372010 338.892313 247.341869 238.008403 154.081147 54.203321 134.766465 218.288800 160.822884 157.035028 89.269256 418.527180 256.587217 181.024860 407.707003 217.830209 194.023194 385.591753 292.330293 262.251787 395.647570 364.927390 243.846263 156.668440 109.567331 226.355914 329.674081 121.078487 262.937255 199.401605 158.448730 104.560987 154.935470 
Type de surveillance de chaque endroit(target):tab[nombre de target]
a a a a a a a a a a a a a a a a a a a a a a a a a a a a a a a a a a a a a a a a a a a a a a a a a a 