Nombre des capteurs:
30
Nombre des targets:
70
Nombre de type de surveillance:
1

Caracteristiques:
151.000000 6.000000 4.000000 a 510.881591 142.695480 130.862523 340.052937 200.551739 61.846584 497.129762 206.021844 370.482118 218.082553 217.043774 106.826963 47.434165 293.656262 140.982268 456.838046 250.379712 330.169653 545.000000 437.567138 58.694122 204.782812 279.308074 87.641314 428.401681 342.838154 198.698264 458.607675 212.219226 331.605187 107.563934 72.732386 487.483333 244.920395 305.163890 180.177690 37.735925 278.713114 102.576800 483.600041 408.926644 416.367626 366.174822 225.142177 297.808663 231.501620 445.148290 158.256122 343.052474 254.259710 483.372527 235.051058 394.528833 518.564364 470.239301 243.528232 227.200352 468.479455 283.769272 301.877459 284.176002 258.874487 300.081656 203.297811 513.802491 119.251834 336.514487 285.049119 323.600062 530.709902 
226.000000 5.000000 4.000000 a 437.795614 174.393234 214.336185 218.798995 225.175487 66.753277 414.773432 133.461605 306.894119 260.892698 128.222463 50.447993 103.812331 309.646573 161.607549 362.505172 144.917218 340.001471 477.797028 419.411492 164.468842 246.975707 155.157984 189.282857 399.500939 215.956014 124.907966 432.622237 250.567356 282.639346 165.024241 55.108983 446.767277 207.280004 280.371183 62.649820 122.331517 275.524953 142.523682 452.912795 312.617978 410.342540 289.401106 258.785626 293.981292 155.080624 338.245473 136.014705 223.606798 126.873953 380.157862 264.775376 294.336542 465.130089 421.236276 118.004237 216.390850 367.241065 156.204994 178.339564 195.971937 131.973482 302.238317 203.246156 482.464506 9.055385 355.681037 157.492857 301.479684 466.203818 
258.000000 4.000000 4.000000 a 151.647618 324.075608 400.044997 148.959726 314.006369 364.943831 113.600176 203.302730 116.000000 351.757018 191.846293 362.498276 362.763008 314.396247 311.411304 50.219518 167.538055 311.481942 197.691679 280.417546 406.745621 346.953887 194.982050 413.284406 242.002066 204.707108 210.052374 267.884303 341.256502 159.326708 355.534808 353.747085 238.472221 206.050965 219.180291 250.521456 379.527338 266.552059 337.290676 268.376601 1.414214 306.008170 77.388630 334.941786 267.904834 178.263849 61.400326 266.180390 136.616251 257.381040 80.099938 329.256739 24.041631 219.111844 200.339711 223.555362 253.213349 63.007936 233.529441 179.824915 124.326184 227.501648 282.708330 273.994525 286.810042 320.440322 338.940998 245.087739 227.178344 193.829822 
104.000000 6.000000 1.000000 a 220.127236 268.302069 317.623992 375.089323 214.767316 404.555311 247.309523 267.366789 157.000000 219.617850 286.111866 434.534233 366.565137 134.528807 268.603797 278.548021 308.561177 101.133575 221.000000 28.017851 370.919129 226.909674 380.090779 357.459089 42.426407 428.441361 274.869060 55.072679 217.690147 133.154046 307.001629 399.061399 107.517440 186.316934 112.805142 357.815595 371.849432 131.244047 307.092820 83.648072 272.523393 35.468296 199.288735 203.708125 112.614386 255.031371 330.945615 263.706276 364.819133 426.792690 329.631613 192.439601 285.427749 162.151164 120.353646 383.815060 184.271539 313.600064 422.143341 380.612664 252.990118 399.809955 113.846388 206.518764 111.251966 396.349593 118.127050 433.761455 91.678787 203.088651 
216.000000 3.000000 1.000000 a 350.184237 183.991848 247.887071 138.177422 216.009259 150.372870 324.624398 71.386273 226.318360 258.311827 50.249378 142.284925 164.684547 281.369863 168.240899 270.440382 52.697249 304.428974 391.808627 360.169405 221.616786 246.221445 84.534017 239.098306 334.551939 153.561063 65.802736 368.089663 246.454864 212.049523 194.589311 138.495487 373.466197 154.573607 226.318360 30.479501 184.089652 237.507895 170.390727 384.959738 220.494898 359.272877 203.088651 249.947995 253.268632 81.498466 246.840029 121.753850 140.128512 98.086696 288.173559 252.178508 202.054448 385.063631 344.308002 60.440053 182.726572 275.045451 109.123783 104.062481 108.226614 80.280757 264.877330 180.966848 413.298923 100.647901 325.399754 117.200683 247.163913 381.379077 
136.000000 1.000000 5.000000 a 187.109594 242.297338 318.190195 151.584960 232.398365 296.211073 164.839316 128.362767 75.026662 271.016605 123.555655 301.346976 287.562167 240.740524 229.960866 125.319591 114.612390 243.446093 228.659135 240.709368 327.940543 265.635088 169.849934 332.915905 205.975727 206.813926 136.077184 237.227739 260.247959 94.868330 274.641585 285.748141 225.800797 124.338248 148.165448 193.209731 303.265560 191.230228 257.309153 246.343256 83.216585 256.702162 40.718546 254.607541 195.601636 102.883429 137.568165 186.131674 140.801278 227.336755 162.249807 249.561616 80.056230 226.761990 191.689854 186.601179 171.959298 145.055162 212.849712 164.012195 55.226805 197.185192 210.601519 192.052076 271.029519 258.257623 270.562377 225.008889 160.639348 218.680132 
153.000000 3.000000 3.000000 a 263.795375 135.624482 202.970441 267.686384 100.623059 256.267438 265.062257 122.918672 127.565669 132.378246 146.013698 284.604989 222.607278 100.409163 130.598622 255.000000 178.600112 113.595775 289.435658 176.785180 238.648277 130.061524 253.331798 232.381152 161.554944 312.822633 129.387016 193.238195 123.016259 76.485293 175.071414 250.107977 219.426525 39.623226 38.013156 212.084889 230.867928 50.249378 168.386460 216.667949 222.946182 167.672299 148.296999 114.738834 61.269895 117.324337 280.401498 114.947814 260.317114 290.082747 299.774916 108.060168 223.376364 253.805043 204.443146 248.213618 43.908997 282.072686 292.022259 260.111515 138.852440 266.300582 74.946648 70.327804 246.886614 246.416314 137.905765 302.649963 58.523500 273.248971 
223.000000 7.000000 4.000000 a 242.705583 153.114336 224.448212 241.101638 126.099167 258.768236 240.441261 109.658561 103.077641 160.654910 129.189783 282.379178 230.521149 129.073622 145.499141 226.497241 156.894869 138.397977 271.516114 182.649938 253.339693 157.257750 231.199048 250.049995 161.400124 288.118031 117.239072 194.486503 150.748134 55.569776 191.426226 251.435877 212.758079 32.802439 48.052055 200.104972 240.919074 78.873316 181.394597 215.260308 193.289938 180.399557 119.707978 143.377125 86.833173 98.615415 250.505489 119.670381 233.214494 272.106597 270.512477 137.277092 193.424404 241.298570 193.072525 229.512527 65.620119 252.833938 271.287670 236.211769 111.830228 246.758992 101.414989 90.708324 245.106099 242.167298 164.012195 282.334908 68.359345 256.095685 
224.000000 2.000000 4.000000 a 58.821765 405.080239 471.373525 350.656527 366.050543 504.227131 105.080921 336.893158 162.274459 386.434988 340.846006 517.872571 482.578491 311.438597 398.848342 173.933895 337.831319 285.797131 30.083218 179.067027 506.996055 389.281389 387.459675 502.000996 150.053324 407.237032 345.463457 148.677503 380.621860 198.600101 444.245428 495.219143 90.443352 285.408479 238.933045 414.366987 494.145727 285.014035 435.258544 127.769323 204.188638 221.472346 182.603395 368.435883 272.693968 313.753088 240.410066 371.570989 338.303119 447.897310 213.740497 358.286198 226.991189 34.481879 73.437048 408.678358 313.560202 204.941455 429.130516 376.523572 277.142563 417.444607 281.831510 339.979411 125.207827 474.936838 307.470324 441.163235 228.116198 14.866069 
255.000000 7.000000 5.000000 a 270.292434 241.627813 314.606103 75.006666 254.096438 243.213898 239.265543 105.304321 167.430583 297.042085 82.036577 235.053185 250.966133 292.697796 226.419964 179.513231 42.755117 305.407924 314.472574 327.006116 303.105592 287.795066 76.791927 315.944615 294.635368 121.852370 108.171161 326.957184 285.119273 174.642492 263.590592 231.482181 318.713037 158.492902 212.896689 123.004065 269.536639 243.032920 241.337937 338.001479 129.634100 337.170580 132.672529 284.015845 253.503452 88.684835 153.378617 176.161857 69.028979 135.417872 194.589311 282.519026 109.622078 318.680090 284.740232 96.747093 202.726417 181.727818 119.820699 72.993150 55.946403 105.004762 267.725606 213.016431 363.446007 194.115945 330.647849 131.973482 230.488611 306.471858 
216.000000 6.000000 1.000000 a 52.497619 422.120836 495.262557 283.534830 395.885084 491.187337 31.016125 322.931881 168.074388 425.361023 318.056599 494.489636 480.801414 364.002747 412.368767 92.135769 301.346976 346.883266 84.504438 264.357712 516.605265 424.721085 333.120098 517.664950 228.254244 336.692738 330.836818 238.606370 417.119887 218.929212 458.530261 480.676606 186.171964 296.840024 275.181758 383.838508 495.552217 326.075145 444.416471 224.269927 138.452158 303.080847 161.913557 407.181778 319.189599 297.558398 152.397507 374.621142 271.464546 395.540137 116.004310 398.664019 161.148999 138.538803 154.547727 361.543912 336.535288 112.449989 370.951479 317.279057 248.805145 365.715737 331.603679 361.731945 228.422853 451.655842 372.228424 382.294389 272.222336 92.439169 
182.000000 2.000000 4.000000 a 163.783394 259.624729 335.171598 165.339046 245.601303 319.010972 142.003521 150.585524 60.728906 282.603963 146.754898 324.655202 309.129423 245.652193 247.929425 107.228727 137.379038 244.804003 205.548048 230.082594 347.979884 278.188785 189.488786 351.869294 193.847879 221.731820 158.473973 223.861564 272.264577 92.849340 293.204707 308.643808 208.021633 138.177422 150.943698 216.510970 324.464174 197.306868 276.739950 230.828941 70.837843 249.537572 20.024984 265.635088 199.461776 125.195847 129.251692 205.766858 153.883072 248.243832 148.296999 259.788375 74.202426 205.645326 172.742583 208.165799 184.567061 130.698125 232.206804 181.892826 78.568442 217.919710 214.373506 206.293480 254.283307 281.556389 272.200294 244.368574 160.704698 195.862196 
260.000000 9.000000 2.000000 a 427.126445 86.700634 123.036580 272.442655 143.031465 68.658576 413.353360 123.328829 287.001742 173.611636 137.320792 109.658561 36.674242 234.061958 77.025970 374.432905 175.011428 268.091402 461.683875 364.943831 87.132084 159.477271 217.568380 105.309069 352.132077 285.413735 116.481758 383.520534 164.347193 249.609695 72.670489 66.068147 408.447059 163.600122 228.442553 119.436175 53.150729 209.351379 50.566788 407.259131 327.200244 348.242731 282.363241 174.413302 228.650388 148.660687 366.305883 76.694198 273.514168 208.664803 402.951610 182.043951 313.904444 437.012586 389.278820 186.131674 153.026142 387.571929 232.331659 238.321212 202.200396 204.384442 233.653590 132.502830 437.476857 88.588938 279.508497 236.698120 248.072570 447.629311 
189.000000 3.000000 5.000000 a 148.808602 388.919015 445.637745 408.004902 340.330722 510.330285 192.421413 352.988668 189.644404 350.656527 364.005494 532.484742 479.610258 267.121695 386.290046 252.810205 372.292895 234.546371 123.405835 110.440029 492.878281 356.707163 433.175484 482.589888 100.000000 465.001075 361.448475 78.771822 347.541364 203.494472 428.544047 502.977137 39.395431 284.285068 220.238507 439.390487 487.877034 255.196003 424.662219 50.289164 271.280298 152.190670 224.722051 333.929633 238.600084 333.701963 317.844302 370.255317 396.031564 489.505873 298.377278 322.845164 291.755034 61.717096 72.062473 447.636013 298.670387 286.923335 476.185888 426.607548 310.464169 459.739056 243.238566 323.904307 32.572995 491.065169 250.459578 488.345165 202.940878 109.658561 
222.000000 7.000000 3.000000 a 406.605460 52.478567 65.855903 355.015493 42.720019 199.331382 407.894594 180.247053 270.283185 40.792156 206.929940 245.153013 147.085009 122.319254 67.201190 392.103303 251.113520 159.762323 430.131375 279.308074 126.463433 27.856777 316.128139 107.615055 280.000000 384.679087 179.724790 305.452124 36.235342 219.658826 71.063352 200.084982 346.132922 147.275253 169.543505 233.323809 142.688472 125.399362 86.683332 333.024023 354.153921 250.667110 286.027971 50.249378 141.400141 195.563289 406.970515 112.929181 351.717216 326.753730 433.041568 61.294372 349.366570 388.711976 339.023598 294.159821 102.313244 415.650093 342.953350 331.810187 243.515913 313.968151 137.974635 79.158070 362.178133 223.787846 161.548754 350.224214 181.176709 413.358198 
141.000000 4.000000 1.000000 a 238.430283 246.886614 294.159821 372.780096 192.255039 386.121742 262.771764 255.049015 161.523992 195.532606 275.356133 417.742744 346.590537 110.113578 247.969756 288.804432 300.707499 76.557168 242.206523 50.990195 348.803670 203.147729 373.566594 334.619187 64.195015 424.792891 262.190770 79.649231 193.932978 130.188325 285.175385 381.083980 131.244047 172.490579 99.045444 345.283941 351.142421 110.145359 286.274344 108.240473 278.689792 34.365681 202.871881 179.877736 91.065910 244.663034 338.000000 246.077224 362.990358 417.766681 339.802884 168.582324 289.882735 184.878338 141.173652 374.957331 165.496224 323.289344 414.981927 375.564908 247.695377 391.623544 90.785461 186.507373 135.624482 380.504928 94.366308 426.382457 78.000000 224.223103 
203.000000 9.000000 3.000000 a 34.014703 426.971896 498.423515 311.077161 396.547601 505.404788 49.648766 336.217192 171.773106 423.335564 333.863745 511.649294 491.687909 357.050417 418.230798 120.880106 320.887831 336.928776 51.884487 245.120379 524.263293 423.812459 357.754105 523.482569 211.009478 365.328619 344.400929 217.375252 415.819672 219.920440 464.462054 495.274671 162.077142 302.153934 272.415124 402.394085 505.569975 322.490310 451.824081 200.339711 163.682620 285.553848 173.807365 405.087645 313.772210 311.204113 183.847763 383.356231 298.854480 420.005952 149.083869 395.979797 186.943842 110.453610 134.260940 384.469765 338.787544 144.499135 396.769454 343.069964 265.324330 389.867926 325.259896 364.627207 201.419959 468.585104 361.221539 408.335646 266.908224 62.289646 
182.000000 1.000000 2.000000 a 129.807550 266.030073 336.786282 243.528232 235.161647 358.587507 132.015151 192.002604 19.416488 263.837071 198.338095 373.419335 337.668476 205.922315 258.042632 139.789127 202.484567 194.427364 160.078106 154.353490 365.301246 263.336287 263.387547 362.906324 116.867446 299.713196 200.601595 145.880088 255.650152 58.240879 304.138127 349.656975 132.098448 142.393820 114.039467 273.265439 349.905702 165.109055 292.970988 152.738338 128.689549 178.751224 58.940648 245.660335 159.812390 169.743925 187.448660 227.035240 232.131428 319.277309 190.286626 237.210877 142.172431 140.459959 99.624294 277.481531 177.115781 173.358011 306.471858 258.031006 140.520461 289.527201 173.173324 203.027092 177.011299 330.727985 221.386540 318.611048 113.564959 145.715476 
263.000000 8.000000 4.000000 a 314.311947 174.613860 209.009569 378.401903 116.056021 324.692162 330.311974 227.431308 205.234013 107.814656 252.926867 363.081258 278.729259 22.847319 180.055547 340.230804 288.530761 15.620499 325.479646 141.509717 270.179570 117.643529 363.159744 252.414342 153.075145 423.681484 232.432786 171.303824 108.724422 157.155973 209.308385 321.885073 221.359436 148.060798 98.005102 311.512440 279.571100 61.717096 215.800834 199.912481 317.800252 107.489534 239.140126 94.578010 50.931326 226.294056 377.482450 194.208651 370.757333 395.949492 389.236432 83.528438 322.869943 272.464677 225.577038 355.249208 116.498927 371.721670 400.655713 370.785652 249.262913 374.005348 36.235342 127.003937 226.894248 331.006042 27.313001 410.858857 89.961103 307.566253 
232.000000 7.000000 5.000000 a 312.473999 89.274856 154.314614 287.367361 53.037722 223.573254 312.860991 122.298814 175.251248 89.844310 149.251466 257.782854 183.961953 90.520716 86.833173 298.886266 189.129585 118.067777 337.912711 210.487529 193.196791 84.852814 262.154535 185.000000 201.534116 326.622106 126.115027 231.224999 79.075913 124.907966 128.972865 219.093587 263.286916 57.775427 80.430094 202.780670 189.736660 54.341513 125.419297 256.602806 263.387547 192.898937 192.260240 73.925638 73.498299 126.810883 318.680090 86.284413 281.689545 289.399378 341.621135 70.491134 261.007663 300.647634 251.023903 249.996000 10.000000 324.038578 296.939388 272.855273 163.670401 269.295377 80.305666 24.207437 286.735069 223.439030 135.712932 306.471858 96.938125 321.591356 
210.000000 3.000000 5.000000 a 233.173755 364.878062 439.528156 94.625578 368.419598 367.326830 189.060837 230.375780 203.334699 409.695009 209.403916 352.298169 378.639670 386.874657 350.271323 116.348614 170.188131 389.740940 278.648524 371.361010 431.074240 402.405268 158.420327 443.383581 333.361665 137.637204 234.446156 360.118036 398.252433 239.006276 389.758900 355.370229 330.928995 262.967679 294.613306 243.758077 397.363813 337.035606 368.179304 361.072015 91.416629 394.547842 161.400124 394.554179 342.052628 209.668786 52.810984 300.707499 85.586214 216.226733 95.880134 390.866985 74.946648 308.475283 292.720003 195.017948 310.885831 93.300589 185.270073 136.528385 159.380049 190.709203 357.050417 326.827171 379.300672 314.428052 416.941243 194.671518 306.315197 278.001799 
177.000000 5.000000 1.000000 a 439.508817 138.974818 174.289988 246.000000 192.937814 41.146081 420.354612 129.495174 303.534183 226.061938 132.740348 60.827625 64.140471 281.144091 127.577427 373.450131 160.056240 313.438989 477.339502 401.463572 125.031996 211.981131 185.194492 149.201206 384.707681 249.595673 121.082616 417.206184 216.316897 273.221522 125.896783 30.232433 436.311815 191.859323 262.573799 86.023253 83.186537 251.246891 104.278473 439.163978 324.260698 388.785288 291.430952 225.577038 270.248034 154.029218 355.844067 111.323852 249.288989 164.584325 395.834561 232.458598 307.923692 459.322327 413.493652 149.833241 192.634369 381.791828 191.981770 207.696895 202.039600 165.939748 277.050537 176.028407 469.140704 35.227830 327.074915 194.465935 283.240181 464.612742 
227.000000 6.000000 2.000000 a 298.670387 176.232801 248.485412 134.461891 193.847879 187.843020 275.670093 40.311289 172.177234 237.124440 16.000000 189.694491 188.281704 244.969386 160.822884 226.744349 31.144823 263.696796 339.365585 309.103543 238.052515 226.812698 104.100913 249.969998 282.056732 168.505193 42.059482 315.545559 225.088871 158.977986 197.306868 176.776695 319.405698 111.615411 179.067027 82.680106 206.194083 197.729613 175.094260 331.633834 177.687929 310.975883 150.572242 225.656819 211.513593 33.241540 213.234613 110.494344 131.518060 141.152400 250.960156 225.621364 162.225152 331.006042 290.077576 98.478424 148.808602 236.222353 141.509717 114.690889 56.639209 115.948264 224.403654 154.175225 359.706825 146.659470 286.722863 152.108514 199.271172 328.421985 
274.000000 1.000000 1.000000 a 19.697716 382.531044 452.248825 303.710388 348.862437 470.953289 60.415230 302.034766 130.096118 373.807437 303.288641 481.364727 453.133534 305.368630 374.774599 126.289350 296.516441 284.450347 46.400431 193.744677 482.050827 374.961331 342.620782 479.504953 158.757677 360.069438 310.485104 167.215430 366.749233 174.132134 420.830132 461.400043 114.769334 259.140888 223.143452 375.217270 465.948495 272.442655 409.695009 152.751432 156.553505 233.499465 142.435951 355.574184 262.834549 277.893865 192.761511 343.093282 291.343440 403.707815 167.967259 346.157479 179.524372 71.589105 83.240615 365.395676 292.656796 158.142341 383.782490 330.783917 237.200337 373.250586 273.885012 318.851062 158.382449 438.247647 308.561177 395.738550 216.233670 38.327536 
159.000000 6.000000 4.000000 a 530.874750 206.770404 211.747491 313.904444 265.188612 56.859476 510.272476 221.334588 395.667790 290.110324 222.081066 50.990195 103.121288 357.717766 200.039996 460.157582 243.018518 392.458915 569.221398 488.889558 141.396605 276.181100 248.871453 170.531522 474.236228 303.278750 212.840316 506.261790 282.511947 365.034245 179.025138 63.513778 527.549050 282.294173 351.062672 161.058995 108.903627 334.252898 165.873446 529.060488 410.396150 473.110981 382.507516 294.151322 353.544905 245.448569 436.606230 198.123699 319.695167 208.009615 478.565565 302.914179 392.500955 551.449907 505.407756 211.021326 277.431073 465.580283 241.074677 272.209478 291.204396 221.531036 358.520571 257.421833 559.171709 89.894382 402.613959 239.075302 371.247896 556.655190 
230.000000 7.000000 1.000000 a 205.119477 361.756824 437.224199 114.586212 360.855927 375.825757 161.009317 230.054341 182.332115 401.120929 211.532503 364.244423 383.275358 372.907495 347.669383 88.277970 175.727061 373.451469 250.577333 348.432203 433.461648 394.656813 175.205594 444.055177 310.074185 162.246726 235.008510 335.900283 389.955126 221.503950 388.870158 364.005494 304.844223 253.747906 279.114672 253.665134 401.529575 323.630963 368.195600 335.769266 66.730802 373.277377 141.428427 385.332324 327.273586 207.617437 26.627054 299.046819 104.004808 235.274308 71.700767 380.926502 54.561891 281.007117 266.580194 210.304541 301.850957 66.640828 205.779008 154.673850 154.719100 208.216234 342.252831 319.530906 353.226556 324.913835 400.824151 215.863383 289.394195 250.002000 
120.000000 8.000000 4.000000 a 207.894204 202.252318 265.708487 286.356421 160.153052 322.262316 217.664880 174.771279 89.470666 182.439031 192.374635 347.701021 290.327401 118.869677 198.171643 224.403654 214.704448 109.178753 228.002193 117.613775 305.883965 184.097800 286.923335 298.202951 95.854056 337.902353 182.584227 128.751699 175.684376 45.453273 241.913208 315.483756 151.485973 97.169954 33.120990 265.035847 298.804284 81.049368 236.190601 150.296374 204.247399 121.037184 125.602548 164.222410 73.171033 161.198635 264.236636 181.397354 276.826661 332.728117 273.695086 154.741720 211.766381 187.523332 137.844115 289.761971 110.634533 256.267438 328.635056 288.600069 160.723365 305.895407 86.145226 136.652845 180.369066 307.826250 136.565003 340.154377 26.476405 211.028434 
158.000000 1.000000 1.000000 a 349.091679 95.189285 165.075740 215.473896 126.245792 133.544000 334.647576 47.095647 209.880919 168.002976 68.154237 156.169779 115.381974 199.842438 79.404030 296.735573 111.664677 227.712538 384.629692 305.555232 157.543645 155.708060 172.429696 167.074834 287.445647 241.223962 42.190046 320.156212 156.236999 176.207264 113.564959 125.431256 338.775737 94.429868 166.379085 94.936821 130.740200 162.012345 91.547802 341.713330 250.343764 295.758347 203.678668 160.524141 180.069431 71.386273 292.684130 31.144823 213.845739 186.142419 327.319416 163.682620 238.436574 363.141846 316.622804 150.986754 103.174609 311.448230 199.724811 188.904738 125.765655 170.836179 189.129585 94.556861 371.636920 117.388245 245.448569 207.562039 187.360615 371.052557 
249.000000 7.000000 1.000000 a 331.436268 140.185591 174.140748 365.329988 81.492331 291.487564 343.144285 205.730406 211.747491 73.552702 232.331659 331.182729 244.499489 12.806248 146.512798 345.775939 270.702789 50.219518 346.590537 173.219514 234.829726 82.619610 344.605572 217.165835 180.272017 407.612561 209.811820 201.645729 73.600272 160.723365 174.183811 289.171230 248.455227 131.893897 99.724621 285.926564 244.773365 51.000000 181.416648 230.019564 318.717743 141.675686 241.234326 59.405387 52.345009 208.021633 377.461256 165.060595 358.587507 373.172882 393.178077 48.259714 321.236673 296.966328 248.646335 333.640525 92.574294 375.490346 380.295937 354.090384 237.625756 352.854077 40.112342 97.672924 257.978681 300.601065 56.320511 389.991026 99.181652 328.896640 
109.000000 8.000000 2.000000 a 337.712896 60.530984 136.180028 261.553054 67.208630 173.254149 331.445320 87.458562 196.573142 110.317723 114.865138 206.344372 137.200583 139.168962 49.979996 306.282549 158.404545 169.026625 367.865465 258.992278 156.923548 99.488693 227.035240 155.322246 246.564393 294.373912 88.391176 277.656262 98.290386 152.013157 96.208108 168.237927 304.699852 66.211781 122.886126 156.543924 145.691455 105.721332 84.876381 301.763152 265.007547 243.680118 203.179723 100.603181 124.739729 101.079177 315.298271 35.000000 257.769277 246.710356 344.036335 102.727796 258.118190 337.005935 288.175294 209.723628 47.434165 327.000000 258.001938 240.831892 149.646250 229.473310 131.745968 32.984845 331.995482 172.142383 185.083765 266.580194 142.172431 352.574815 
Type de surveillance de chaque endroit(target):tab[nombre de target]
a a a a a a a a a a a a a a a a a a a a a a a a a a a a a a a a a a a a a a a a a a a a a a a a a a a a a a a a a a a a a a a a a a a a a a 