Nombre des capteurs:
20
Nombre des targets:
30
Nombre de type de surveillance:
1

Caracteristiques:
245.000000 1.000000 3.000000 a 423.330840 387.981958 191.588100 297.833846 184.439692 57.314920 173.908022 200.688814 183.967388 119.331471 339.330223 81.123363 181.730570 173.002890 156.041661 372.711685 129.468143 177.507746 375.406446 136.058811 188.151535 302.100976 308.967636 345.052170 363.077127 164.368488 324.755292 392.073973 53.009433 323.125363 
120.000000 9.000000 5.000000 a 369.720164 320.730416 235.440014 243.115199 54.589376 261.520554 42.449971 306.740933 40.521599 99.005050 200.062490 232.105579 259.237343 107.647573 223.080703 386.828127 90.553851 40.162171 396.232255 196.086716 38.013156 359.562234 359.005571 332.615394 236.103791 92.048900 359.922214 383.400574 224.588513 333.946103 
130.000000 5.000000 1.000000 a 214.709106 197.739728 50.447993 132.823191 309.433353 236.211769 242.843571 77.103826 297.309603 207.453609 247.503535 160.112460 55.036352 175.445148 80.411442 138.177422 280.957292 244.131112 140.687597 106.943911 244.969386 77.794601 80.000000 122.090131 245.458754 320.315469 90.824006 162.003086 187.683244 91.547802 
242.000000 3.000000 3.000000 a 443.843441 428.077096 224.200803 354.419243 369.716107 139.086304 338.614825 154.207652 366.087421 279.614020 446.413485 146.972787 188.175450 303.595125 200.262328 343.048102 316.938480 341.843531 338.363710 210.237960 350.035712 252.057533 264.168507 349.000000 456.277328 354.611055 289.499568 379.043533 155.029030 312.771482 
187.000000 2.000000 3.000000 a 88.119237 63.655322 151.921032 55.000000 341.812814 352.330810 268.972118 211.191856 326.964830 262.408079 166.688332 274.898163 180.853532 204.284116 186.903719 109.416635 334.341143 268.411997 122.800651 200.084982 263.433103 150.216510 139.560023 46.572524 146.372812 366.006831 119.364986 89.375612 298.328678 76.941536 
189.000000 3.000000 5.000000 a 61.619802 76.000000 189.282857 111.018017 397.129702 390.283230 324.237567 231.244459 382.374162 314.696679 214.767316 312.705932 211.546685 258.487911 225.390772 72.993150 387.695757 323.785423 86.833173 243.018518 319.075226 145.344419 132.774244 36.400549 188.904738 420.415271 107.200746 37.947332 338.141982 72.801099 
243.000000 6.000000 5.000000 a 492.549490 473.843856 265.096209 396.137602 373.373807 132.034087 352.604594 203.494472 371.981182 293.574522 479.605046 167.764716 231.205536 327.365239 236.932480 395.919184 318.628310 356.040728 391.760131 241.400083 365.328619 305.360443 317.245961 398.503450 492.760591 353.005666 342.163704 430.813185 166.337007 363.323547 
130.000000 5.000000 1.000000 a 432.020833 388.567883 232.725160 299.713196 85.234969 161.027948 107.354553 274.052915 89.358827 85.842880 300.433021 165.124196 239.301066 148.003378 204.401566 412.234157 32.015621 110.462663 418.168626 176.139150 121.655251 358.745035 362.505172 370.696641 331.789090 60.033324 372.108855 421.531731 144.668587 358.860697 
145.000000 9.000000 5.000000 a 423.859647 379.526020 231.352545 291.494425 69.570109 174.140748 93.048375 277.521170 73.061618 79.056942 287.083612 172.409396 240.482848 138.708327 204.795019 408.754205 15.620499 96.005208 415.177071 176.051129 107.018690 358.453623 361.653149 365.328619 319.112833 48.507731 370.151320 416.432468 153.844077 355.128146 
143.000000 9.000000 5.000000 a 107.424392 128.035151 187.416648 145.801235 420.229699 382.188435 347.805980 209.353768 406.040638 329.801455 260.541743 306.026143 201.039797 279.415461 222.643212 21.931712 404.352569 347.850543 35.171011 244.951016 344.607023 108.756609 96.041658 49.819675 237.507895 439.829512 69.835521 21.931712 333.294164 55.578773 
297.000000 3.000000 1.000000 a 173.078017 124.326184 150.721598 55.226805 245.489307 318.954542 174.771279 235.280683 230.228148 185.970428 78.854296 248.394847 188.279048 122.053267 172.609386 212.849712 249.200722 173.366663 225.062214 169.118302 166.138496 223.293529 216.684102 151.162165 83.868945 274.710757 205.496959 197.648678 263.797271 167.502239 
117.000000 8.000000 3.000000 a 236.247751 211.631756 11.661904 133.689940 271.182595 205.506691 206.169833 78.447435 259.433999 168.315181 235.034040 128.003906 32.557641 140.527577 42.579338 174.642492 241.478778 207.684857 178.370401 67.542579 209.353768 116.846053 119.620232 149.214611 239.033470 281.042701 129.769026 194.041233 154.116839 124.579292 
278.000000 6.000000 4.000000 a 269.536639 223.886132 131.472431 137.927517 151.647618 234.797785 78.771822 212.680512 137.058382 83.432608 146.478667 176.005682 162.003086 20.124612 130.015384 274.643405 146.986394 78.549348 283.867927 110.022725 75.286121 249.707829 248.229732 221.963961 171.813853 175.863583 247.881020 273.197731 182.879742 221.578429 
138.000000 4.000000 5.000000 a 350.891721 309.040450 152.610616 219.082176 115.039124 154.922561 74.215901 206.155281 106.901824 15.231546 238.270854 119.000000 164.784708 73.389373 128.222463 329.633129 77.987178 77.620873 335.943448 99.156442 86.977008 280.280217 283.028267 287.543040 265.113183 118.139748 290.987972 338.363710 112.294256 276.090565 
239.000000 5.000000 5.000000 a 390.978260 344.622982 220.002273 259.480250 41.629317 207.171427 48.259714 279.250783 35.057096 64.070274 242.425246 188.403822 236.349318 107.540690 199.484335 388.624497 33.120990 50.635956 396.364731 170.578428 60.876925 347.908034 349.450998 340.332191 275.771645 54.424259 354.684367 391.761407 176.025566 334.790980 
123.000000 8.000000 3.000000 a 237.522631 213.002347 12.083046 135.103664 271.311629 204.364870 206.494552 77.201036 259.615100 168.297356 236.315467 126.889716 31.144823 141.031911 41.773197 175.390992 241.350368 208.031248 179.025138 67.082039 209.773688 116.931604 119.854078 150.336290 240.393428 280.978647 130.268953 195.023076 153.081678 125.483067 
271.000000 1.000000 4.000000 a 449.480812 401.008728 293.318939 320.862899 34.058773 262.017175 106.329676 352.638625 48.020829 137.876757 280.144606 256.602806 310.161248 174.837067 273.300201 458.039300 77.278716 106.550458 466.428987 244.380850 111.485425 420.990499 422.148078 406.970515 316.697016 41.773197 426.356658 458.248841 240.441261 404.400791 
127.000000 7.000000 5.000000 a 325.743764 360.546807 359.235299 376.490372 618.535367 496.919511 550.817574 318.446228 606.234278 516.189888 496.234823 437.886972 347.876415 482.114094 383.255789 220.168118 588.695167 551.841463 207.060378 412.082516 551.609463 231.354706 230.722777 283.134244 473.895558 628.732853 231.036794 248.294180 466.135174 264.321774 
275.000000 3.000000 5.000000 a 352.956088 304.685083 212.228650 224.517260 65.306967 245.312046 20.024984 283.670584 50.009999 78.771822 191.770696 211.683726 236.019067 84.811556 199.919984 365.547535 86.353923 17.262677 374.701214 173.080906 15.620499 336.657096 336.264777 312.313945 226.433213 98.183502 337.616647 363.341437 205.759568 312.417989 
286.000000 2.000000 1.000000 a 81.215762 42.154478 170.073514 51.244512 337.557403 367.548636 265.316792 235.467620 322.448445 265.181070 143.561833 290.798900 201.695315 204.198433 203.592731 134.733069 334.790980 264.378517 148.475587 213.506440 258.321505 178.986033 168.404275 73.171033 120.074977 364.156560 148.124947 108.706026 312.750699 105.721332 
Type de surveillance de chaque endroit(target):tab[nombre de target]
a a a a a a a a a a a a a a a a a a a a a a a a a a a a a a 