Nombre des capteurs:
20
Nombre des targets:
30
Nombre de type de surveillance:
1

Caracteristiques:
147.000000 4.000000 3.000000 a 301.400066 307.717403 454.798857 210.924157 261.030650 523.346921 398.503450 417.105502 239.301066 367.869542 512.659731 355.195721 309.724071 456.211574 270.024073 232.432786 228.354987 208.504197 407.835751 361.535614 279.401145 375.532955 200.039996 329.028874 456.694646 199.090432 324.887673 462.550538 113.600176 400.026249 
173.000000 4.000000 2.000000 a 160.377679 185.270073 331.639865 105.004762 187.627290 382.341470 265.650146 296.421996 178.997207 224.474943 369.855377 211.766381 199.449242 313.292196 151.082759 123.693169 137.742513 164.015243 266.257394 246.018292 172.191754 286.006993 143.627992 191.313878 342.118401 145.835524 236.247751 322.074526 134.238594 285.015789 
190.000000 3.000000 2.000000 a 144.996552 202.484567 189.620674 259.855729 301.517827 125.323581 124.919974 189.179809 321.628668 66.528190 94.201911 81.987804 236.002119 50.328918 212.924869 246.789384 284.344861 350.827593 52.952809 220.077259 246.829901 287.758579 332.701067 138.917242 230.217289 327.482824 277.218326 72.006944 390.518886 209.153054 
156.000000 5.000000 4.000000 a 248.654379 265.633206 309.633655 396.550123 443.785984 27.802878 261.503346 319.756157 463.242917 199.612124 49.040799 201.357890 287.141080 99.929975 353.824815 385.572302 360.406715 422.962173 194.023194 247.000000 310.077410 425.828604 409.815812 222.991031 352.012784 466.615473 419.004773 182.280004 522.220260 343.284139 
186.000000 6.000000 3.000000 a 282.294173 359.802724 181.664526 144.474911 67.119297 426.675521 184.837767 147.597425 89.805345 259.044398 394.000000 273.853976 391.153423 349.561153 123.227432 128.968989 366.259471 409.216324 249.050196 417.137867 375.554257 51.078371 387.587409 316.840654 159.831161 129.139460 24.331050 272.442655 221.325552 119.954158 
144.000000 8.000000 1.000000 a 68.447060 115.520561 278.411566 121.852370 206.169833 290.022413 202.039600 248.676497 209.880919 137.058382 277.850679 121.082616 142.358702 221.382023 129.321305 127.318498 122.004098 179.201004 184.772834 177.417587 124.579292 273.879536 157.407115 101.867561 298.839422 190.876924 231.536174 241.962807 215.336945 245.422085 
247.000000 4.000000 3.000000 a 345.775939 428.164688 154.029218 236.592477 165.148418 446.010090 199.449242 137.317151 187.216452 299.981666 408.916862 320.975077 462.179619 374.649169 200.688814 218.288800 449.169233 497.494724 272.237029 480.400874 450.821472 55.946403 475.509201 376.113015 115.260574 227.019823 105.513032 275.394263 318.323735 115.169440 
197.000000 6.000000 5.000000 a 176.504957 125.642350 428.273277 245.839378 332.897882 363.411612 349.755629 399.586036 327.397312 264.196896 366.960488 239.708156 108.466585 316.892726 274.147770 259.886514 33.734256 32.893768 318.512166 159.260792 81.565924 418.766044 20.591260 180.277564 449.908880 295.677189 372.505034 374.354110 270.386760 396.445457 
242.000000 2.000000 4.000000 a 374.982666 457.755393 168.023808 267.860038 194.928192 466.135174 222.272355 157.470632 216.020832 325.972391 428.263937 347.841918 492.045730 396.697618 231.846932 249.649755 480.266593 528.851586 295.160973 509.134560 481.212011 87.321246 506.858955 404.586208 126.570139 256.158154 136.682113 293.552380 346.417378 138.423264 
178.000000 5.000000 2.000000 a 92.655275 113.159180 312.846608 135.417872 222.791382 313.804079 237.170825 282.294173 222.441003 169.955877 304.829461 151.726728 132.196823 248.917657 155.415572 145.670862 93.193347 145.784087 219.228192 175.034282 108.673824 300.466304 123.761868 119.570063 332.031625 197.797877 255.634505 276.470613 206.155281 277.708480 
294.000000 5.000000 3.000000 a 290.263673 292.426059 454.586625 211.518321 267.421016 511.614112 395.595753 417.310436 246.953437 359.673463 502.176264 345.810642 293.001706 445.917033 269.532929 233.105126 210.857772 188.957667 401.423716 345.046374 262.640439 381.001312 181.011049 316.551734 458.328485 206.518764 330.037877 456.826006 125.801431 401.322813 
261.000000 8.000000 4.000000 a 269.675731 348.483859 43.462628 275.485027 263.047524 274.570574 92.347171 78.102497 289.927577 188.162164 234.804174 215.353198 384.762264 217.830209 215.573653 254.530941 408.417678 471.271684 135.988970 381.776112 386.372877 185.153990 450.089991 283.670584 80.056230 315.939868 206.816344 103.392456 404.101472 104.861814 
200.000000 5.000000 4.000000 a 143.087386 226.296266 141.088625 118.258192 144.544111 280.456770 75.663730 109.036691 165.423698 107.870292 251.205095 122.930875 261.222128 202.121251 60.802960 99.824847 261.231698 318.888695 108.784190 277.315705 253.031619 153.117602 296.951174 173.112680 158.902486 176.139150 127.200629 151.013244 252.438111 106.230881 
182.000000 3.000000 1.000000 a 152.121662 171.046777 277.418456 309.864487 367.001362 70.434367 210.190390 275.855034 383.575286 119.268604 71.784399 112.449989 196.290601 41.880783 274.116763 301.532751 264.871667 328.817579 137.306227 163.624570 216.480946 369.358904 314.542525 125.319591 317.944964 381.903129 352.852660 155.878158 430.360314 294.333145 
229.000000 1.000000 1.000000 a 172.930622 215.956014 299.340943 60.299254 139.291062 389.236432 240.615876 262.488095 130.483715 220.056811 372.001344 213.009389 235.580135 315.673882 114.542569 81.006173 182.496575 212.558227 253.899586 278.188785 210.684598 240.902470 192.002604 208.136974 305.373542 98.600203 190.412710 306.910410 109.480592 248.072570 
250.000000 1.000000 1.000000 a 35.735137 81.884064 267.478971 208.153789 279.646205 188.002660 186.300832 249.703825 290.822970 79.404030 180.712479 52.201533 117.686023 126.245792 187.840358 205.060967 160.962729 227.404925 133.555232 119.016806 124.064499 313.869400 209.859477 16.278821 299.828284 281.087175 283.593018 185.132385 318.022012 257.945731 
108.000000 1.000000 3.000000 a 207.870152 188.345427 425.424494 206.496973 287.111477 420.042855 353.696197 392.001276 275.610232 289.993103 416.677333 270.236933 183.174780 362.404470 250.457581 225.142177 99.368003 80.411442 339.779340 235.567400 153.026142 387.537095 68.468971 225.610283 439.501991 238.891189 337.733623 397.020151 194.733151 382.953000 
112.000000 8.000000 4.000000 a 289.772324 336.154726 342.934396 124.887950 123.065023 497.748933 308.099010 304.455251 96.566040 321.810503 475.943274 320.777181 354.391027 421.118748 177.045192 139.086304 293.400750 307.883095 343.354045 398.278797 328.153927 235.722294 290.547759 326.119610 333.766385 64.660653 188.854441 388.856014 42.720019 281.554613 
286.000000 8.000000 5.000000 a 34.000000 56.320511 289.993103 206.980675 283.734030 208.197022 208.482613 270.112939 292.514957 104.737768 204.200881 77.781746 92.655275 151.092687 194.537914 206.729292 134.134261 200.489401 159.524293 102.068604 97.000000 327.262891 183.308483 13.038405 320.755358 279.078842 293.751596 212.021225 308.131465 276.400072 
101.000000 5.000000 1.000000 a 94.831429 166.412139 225.008889 82.097503 155.801155 294.497878 153.805071 192.841904 164.760432 121.264174 274.592425 117.324337 197.306868 218.819560 70.767224 78.854296 181.661774 236.230819 155.438091 225.470619 182.701943 214.200840 214.161154 132.003788 242.002066 155.080624 173.277235 209.976189 204.416242 187.243157 
Type de surveillance de chaque endroit(target):tab[nombre de target]
a a a a a a a a a a a a a a a a a a a a a a a a a a a a a a 