Nombre des capteurs:
50
Nombre des targets:
50
Nombre de type de surveillance:
1

Caracteristiques:
153.000000 1.000000 1.000000 a 261.658174 284.344861 299.081929 300.507903 174.794165 312.616378 376.830200 315.957276 131.745968 369.415755 179.234483 350.138544 325.926372 130.667517 280.321244 405.720347 385.861374 123.907223 356.552941 341.457172 363.852992 267.239593 397.200201 281.312993 294.944062 492.305799 313.344858 80.721744 266.377552 513.351731 350.652249 271.035053 352.404597 431.625996 403.112887 346.770818 61.131007 314.416921 224.109348 113.145923 166.183633 241.049787 402.657423 34.176015 139.230025 195.412384 470.345618 433.401661 235.637433 314.682380 
145.000000 8.000000 1.000000 a 237.185581 82.377181 422.965720 419.314917 388.542147 203.570627 433.586208 29.410882 280.251673 114.725760 134.629120 183.393021 271.090391 216.092573 225.144398 347.541364 135.856542 178.619708 347.332694 242.423184 79.630396 116.846053 227.125516 382.660424 440.511067 426.550114 395.409914 349.757059 89.805345 323.790055 422.271240 60.876925 271.670757 338.155290 401.808412 102.313244 239.401337 60.299254 95.524866 239.207023 178.025279 419.686788 244.632377 265.092437 173.000000 153.792067 265.452444 305.137674 255.196003 208.031248 
259.000000 2.000000 5.000000 a 105.223572 78.771822 301.988410 296.863605 318.251473 45.254834 287.923601 140.662717 221.652882 105.948101 144.027775 41.617304 115.364639 181.474516 82.565126 187.472665 108.664622 197.266317 193.331322 82.365041 141.449638 56.320511 91.678787 259.788375 325.848124 267.529438 262.640439 322.931881 79.511006 208.031248 282.209142 105.513032 111.830228 180.205438 245.538184 89.894382 266.443240 106.042444 213.114992 204.247399 142.835570 324.024690 102.489024 278.368461 175.071414 114.477072 161.443489 154.012986 138.014492 49.517674 
282.000000 8.000000 3.000000 a 37.483330 186.810064 184.694342 179.011173 235.849528 80.777472 167.430583 254.371775 169.743925 227.477471 189.190380 135.340312 35.355339 169.056204 42.449971 113.951744 227.484065 220.056811 83.258633 72.532751 262.954369 150.655236 153.759553 143.125819 211.021326 202.674616 141.481448 275.408787 177.721693 250.063992 160.178026 206.867107 66.068147 139.186925 139.204885 211.981131 272.904745 222.423020 290.594219 180.886705 154.262763 221.461058 147.054412 271.562148 196.206524 146.996599 228.063588 150.814456 58.180753 77.878110 
257.000000 1.000000 1.000000 a 113.159180 267.379880 133.454112 126.826653 231.458420 155.913438 87.982953 334.856686 202.230067 303.295236 261.963738 205.565075 88.022724 224.396970 123.044707 95.441081 300.847137 283.853836 29.832868 132.563192 341.422026 231.250946 209.876154 99.984999 163.193137 166.207701 81.024688 297.112773 258.257623 281.584801 86.122006 287.367361 109.036691 140.003571 70.000000 289.499568 326.185530 302.552475 366.885541 229.002183 221.081433 194.023194 197.365144 318.509027 261.467015 220.513038 275.181758 174.633903 111.825757 152.200526 
280.000000 8.000000 4.000000 a 128.565159 280.471032 71.119618 67.416615 133.809566 199.040197 120.503112 346.619388 128.097619 338.892313 236.890270 255.007843 151.921032 173.556907 152.472948 191.846293 342.381366 238.924674 127.349912 194.363062 367.147109 243.082291 275.862284 31.827661 92.195445 262.931550 57.974132 207.171427 266.129668 366.084690 95.126232 292.588448 181.837840 233.805475 157.581725 320.390387 262.923943 319.953122 344.448835 168.077363 188.862384 101.237345 268.262931 248.298208 221.226129 202.252318 349.252058 261.176186 99.020200 197.000000 
150.000000 7.000000 3.000000 a 106.526992 165.423698 272.413289 266.270539 327.536258 52.952809 231.482181 224.075880 250.379712 169.070991 217.706224 67.941151 63.285069 230.670761 82.758685 105.118980 161.604455 264.367169 130.034611 21.633308 214.112120 140.911320 63.031738 232.348876 300.308175 180.953033 224.142812 357.106427 165.921668 159.402008 233.379519 192.346042 38.600518 93.391648 173.899396 161.335055 328.566584 188.767052 298.412466 248.887525 201.161627 314.560010 53.851648 334.414414 240.353906 180.080538 134.892550 74.000000 142.056327 49.477268 
111.000000 9.000000 4.000000 a 265.279098 110.941426 449.348417 445.839657 409.923164 232.045254 461.784582 51.623638 301.981788 134.536240 155.232084 210.297408 299.686503 237.002110 253.621766 375.825757 155.167651 194.002577 375.917544 270.712024 92.655275 145.344419 252.602454 409.376355 466.244571 454.234521 422.834483 366.000000 118.190524 345.418587 450.138867 89.106678 300.041664 365.656943 430.409108 125.323581 250.049995 86.127812 94.514549 259.295199 200.810856 443.636112 270.512477 277.200289 191.387042 178.465683 286.630424 331.615741 282.405736 236.501586 
231.000000 2.000000 1.000000 a 152.800524 291.898955 179.245642 172.568827 289.689489 171.825493 100.319490 357.169428 260.249880 312.193850 304.690006 210.845915 103.174609 277.000000 153.521985 53.009433 305.738450 333.061556 35.057096 137.360839 355.195721 258.642611 200.531793 152.793979 209.057408 107.070071 126.491106 356.545930 286.094390 248.453215 114.481440 315.145998 107.935166 99.609237 29.681644 302.173791 380.257807 322.913301 405.376368 284.015845 268.152941 247.685284 184.228119 374.476969 309.725685 262.505238 253.842471 144.346805 162.049375 167.475371 
299.000000 9.000000 3.000000 a 268.555395 205.681793 449.360657 443.253878 491.432600 194.920497 402.951610 215.127869 398.923552 130.678996 306.884343 141.315250 240.168691 358.062844 242.332416 256.164010 109.590146 363.477647 301.935424 195.576072 169.097605 215.336945 114.109596 408.959656 477.008386 291.564744 401.031171 500.632600 221.070125 104.235311 408.166633 228.265197 214.149481 216.674872 335.161155 148.354306 434.200415 191.887988 334.520552 381.414473 317.616120 487.567431 125.483067 450.138867 344.145318 287.236836 57.428216 167.026944 305.080317 195.760057 
146.000000 3.000000 4.000000 a 298.600067 343.949124 292.207118 295.042370 153.394915 357.807211 381.211228 379.684079 156.064089 428.878771 239.770724 400.372327 360.284610 178.832324 320.351370 433.797188 444.299449 186.601179 378.450789 382.196285 426.410600 323.447059 444.973033 283.591255 281.575922 516.846205 317.165572 57.314920 325.576412 559.396997 353.451553 332.777704 388.973007 464.762305 419.362612 406.070191 127.192767 376.033243 290.172363 156.540730 219.107280 222.804847 448.341388 99.141313 198.806439 249.953996 520.124985 472.603428 267.675176 359.279835 
231.000000 8.000000 5.000000 a 242.989712 395.551514 155.926265 151.168780 295.918908 279.206017 60.000000 462.482432 307.483333 423.264693 390.020512 322.304204 209.028706 343.861891 251.859088 161.276161 417.712820 406.765289 131.045794 248.072570 464.796730 360.111094 313.121382 157.384879 178.440466 162.505385 124.064499 383.600052 387.331899 349.961426 87.464278 416.515306 219.385505 203.179723 83.192548 411.986650 440.477014 429.260993 496.026209 343.512736 346.943799 234.785008 296.492833 427.814212 385.696772 349.177605 362.926990 251.753848 237.932764 275.070900 
203.000000 9.000000 4.000000 a 189.002645 308.650288 232.845442 226.225551 344.607023 187.771137 145.499141 370.129707 309.903211 314.014331 337.748427 214.200840 128.565159 320.145280 182.857868 43.081318 304.069071 372.000000 85.422479 148.033780 360.302651 279.145124 190.905736 207.894204 262.406174 53.310412 180.693110 408.931535 306.026143 212.595861 164.596476 334.175104 119.230868 68.876701 66.850580 307.800260 424.077823 334.940293 432.744728 329.692281 306.026143 302.724297 172.261429 420.676836 348.022988 295.846244 229.333818 118.532696 205.664776 183.308483 
290.000000 6.000000 2.000000 a 223.181540 342.883362 248.316331 241.896672 368.143994 222.283603 153.394915 403.673135 340.123507 345.307110 372.507718 246.564393 163.416645 353.192582 217.671771 77.794601 334.427870 406.078810 114.284732 182.258059 392.237173 313.805672 219.920440 228.035085 277.043318 32.649655 198.237232 436.945077 340.599472 227.070474 176.476627 368.620401 153.792067 94.847246 79.981248 340.072051 457.027351 368.408740 467.657995 361.901920 340.211699 321.822933 200.823305 452.761527 382.188435 330.552568 251.001992 143.003496 238.314918 217.830209 
184.000000 3.000000 1.000000 a 103.121288 210.202284 229.261859 222.804847 303.819025 89.050547 178.263849 272.917570 242.404620 223.439030 243.100802 122.024588 38.483763 237.497368 89.560036 55.713553 216.688717 282.304800 76.687678 50.219518 267.301328 180.360750 114.284732 191.760267 258.366019 141.795628 178.241409 348.001437 207.238992 187.032083 182.701943 235.459126 20.591260 67.230945 118.713942 214.282524 340.308683 237.993697 334.741691 251.461727 216.379297 280.560154 100.129916 341.316569 257.992248 202.022276 177.138364 81.987804 130.698125 84.581322 
235.000000 7.000000 3.000000 a 177.290722 310.098371 88.459030 90.553851 62.769419 251.029879 177.685115 371.873634 103.276328 379.258487 243.310501 306.444122 215.557417 165.894545 203.383874 263.077935 386.046629 228.319951 198.909527 254.448423 400.519662 274.641585 334.306745 80.956779 85.586214 334.095795 114.560028 148.003378 293.410975 431.584291 149.459024 316.355812 246.434575 304.095380 226.991189 358.738066 232.568270 350.087132 345.325933 150.814456 195.494245 48.083261 329.120039 211.539594 216.688717 217.892175 409.926823 328.609190 141.421356 249.903982 
200.000000 6.000000 4.000000 a 95.801879 212.492353 216.723326 210.280765 291.893816 91.268834 167.720005 276.441676 232.568270 230.228148 239.754041 129.034879 31.256999 230.228148 85.023526 56.568542 224.414795 277.041513 66.098411 55.226805 273.075081 181.245690 124.951991 179.120071 245.782424 145.031031 165.873446 337.699571 208.432243 199.672231 171.172428 237.033753 26.076810 76.157731 111.521298 220.047722 333.541602 241.811910 333.808328 243.328995 210.950231 267.988806 111.543713 333.624040 252.792405 198.204440 189.319835 94.413982 121.235308 86.821656 
205.000000 1.000000 4.000000 a 83.725743 143.265488 263.273622 257.437371 307.379245 25.019992 233.070805 205.251066 225.610283 159.201131 189.552104 59.615434 57.939624 203.029554 58.249464 122.588743 155.183762 235.906761 133.988806 17.492856 201.062179 115.732450 76.216796 222.009009 290.001724 204.004902 217.830209 332.031625 141.760361 183.447540 231.482181 169.248338 47.201695 118.608600 183.371208 148.070929 300.256557 170.320287 272.660962 221.812984 172.812037 299.282475 73.498299 306.497961 211.896201 151.647618 152.610616 102.459748 120.307938 21.213203 
225.000000 3.000000 2.000000 a 154.382642 312.673952 90.138782 83.486526 211.570319 206.247424 43.566042 380.468133 208.614477 353.837533 294.363721 257.437371 140.132081 244.444268 169.189243 137.898513 352.264105 307.883095 75.663730 185.067555 390.356248 275.670093 262.619497 68.963759 119.887447 190.918831 38.183766 290.841881 301.973509 330.492057 33.526109 330.691699 161.789987 184.694342 80.156098 339.117974 340.872410 349.326495 401.621713 243.829859 249.647752 161.721984 249.883973 328.762832 287.346481 254.701786 327.001529 223.754330 142.302495 202.765875 
111.000000 5.000000 3.000000 a 243.971310 176.025566 429.018648 423.057916 465.611426 170.229257 387.827281 187.925517 371.429670 102.786186 277.189466 115.247560 220.383756 329.261294 217.892175 245.307970 81.596569 333.802337 286.246397 175.139944 144.006944 185.800969 95.524866 388.046389 456.088807 289.278413 381.955495 472.339920 191.342625 117.630778 391.269728 198.879360 196.305884 209.246266 323.154762 119.419429 404.526884 163.294213 306.052283 352.784637 288.534227 464.157301 110.063618 420.629290 314.579084 258.001938 61.269895 160.031247 280.174945 171.470114 
189.000000 1.000000 1.000000 a 321.449841 301.424949 474.051685 467.471924 543.155595 254.153497 406.873445 320.661816 463.262345 235.314683 395.284708 212.701669 274.213421 433.461648 296.319085 253.779432 214.182165 450.408703 314.014331 237.356272 276.683935 302.592135 166.291912 437.666540 503.564296 253.948814 421.770080 569.140580 314.311947 59.203040 419.227862 326.657313 243.483059 206.968597 330.340733 250.169942 520.271083 294.436750 436.806593 454.793360 396.625768 526.089346 164.614702 532.459388 428.882268 368.620401 93.005376 166.138496 357.561184 253.160028 
100.000000 5.000000 2.000000 a 225.800797 380.784716 29.681644 33.615473 157.257750 291.852703 104.737768 447.213595 209.121974 435.991972 335.073126 346.770818 234.104677 265.580496 247.630774 243.515913 437.878979 330.605505 180.446668 279.302703 466.409691 343.292878 360.012500 70.936591 29.068884 289.458114 73.334848 254.489685 366.715148 435.271180 80.993827 393.300140 260.192237 290.303290 179.245642 418.422036 342.301037 420.058329 441.678616 255.000000 286.565874 89.140339 349.242036 322.187833 315.448887 302.134076 428.432025 328.332149 199.123078 289.181604 
155.000000 6.000000 3.000000 a 121.165177 227.270764 233.653590 227.070474 315.748317 106.625513 174.656806 288.979238 258.451156 236.211769 262.093495 135.103664 56.320511 255.644284 108.461975 38.587563 228.177562 301.159426 75.059976 66.640828 281.192105 198.275061 120.830460 197.952014 263.210942 122.918672 181.463495 363.411612 224.955551 181.201545 182.024724 252.926867 38.327536 50.249378 109.123783 228.319951 358.710189 253.870045 353.271850 269.091063 235.187160 289.000000 104.675690 359.243650 276.855558 221.020361 177.406313 74.330344 147.176764 102.181212 
248.000000 6.000000 3.000000 a 287.841971 340.085283 276.115918 279.007168 137.116739 348.764964 365.656943 378.355653 144.267113 424.728148 236.864940 392.658885 348.749194 171.965113 310.177369 420.942989 439.614604 185.367203 364.773903 371.963708 424.095508 318.121046 436.405774 268.039176 265.318676 503.314017 301.663720 41.976184 321.572698 550.145435 337.817998 330.142394 377.800212 452.739439 404.882699 401.885556 130.311166 373.202358 293.061427 148.808602 213.215853 206.526027 439.182195 101.004950 195.757503 244.376758 512.020507 461.806236 256.095685 350.075706 
150.000000 7.000000 4.000000 a 179.011173 160.031247 298.610114 297.235597 223.376364 208.568933 346.780911 193.062166 122.004098 244.969386 55.000000 236.027541 241.913208 61.611687 188.939144 328.440253 261.910290 4.123106 294.462222 244.092196 239.585058 146.454771 285.716643 266.257394 306.897377 417.579932 290.903764 171.026314 142.411376 402.377932 326.019938 146.321564 262.246068 343.821174 348.381974 222.441003 72.862885 189.694491 123.567795 74.404301 62.201286 269.824017 294.307662 90.917545 20.615528 81.437092 354.802762 334.892520 168.074388 211.624668 
152.000000 5.000000 4.000000 a 239.002092 202.141040 412.752953 406.509532 463.001080 166.811271 362.328580 224.899978 375.254580 139.917833 297.001683 118.228592 204.071066 339.824955 212.849712 214.009346 119.339851 352.647132 261.925562 160.853971 185.002703 204.200881 80.006250 373.100523 440.959182 249.018072 363.309785 479.338085 215.081380 72.835431 368.657022 227.554389 176.408617 173.850510 293.231990 152.554908 422.916067 196.725697 338.378486 362.167089 301.310471 454.754879 87.464278 436.381714 331.698658 272.281105 15.811388 124.233651 275.771645 166.859222 
256.000000 5.000000 5.000000 a 156.847059 233.931614 194.550765 194.589311 109.767937 220.056811 262.619497 286.211460 15.132746 314.356486 145.344419 267.366789 218.000000 63.639610 179.610690 292.945387 326.240709 118.190524 240.852652 241.248834 324.044750 204.707108 308.402335 169.920570 197.625909 377.895488 200.242353 95.015788 215.455332 420.487812 237.497368 232.008621 246.813695 322.622070 286.530976 291.880112 122.249744 271.812435 238.379949 41.785165 104.043260 155.438091 309.885463 105.905618 111.072049 133.843192 384.896090 330.776359 125.399362 221.000000 
256.000000 2.000000 4.000000 a 205.411782 362.972451 32.140317 29.154759 174.040225 268.033580 73.661387 430.162760 209.389589 413.948064 325.272194 322.046580 207.280004 260.762344 225.550438 211.896201 414.692657 326.220784 149.642908 252.669745 446.454925 325.382851 332.543230 56.639209 54.083269 257.406294 45.891176 267.366789 349.857114 404.589916 48.826222 377.270460 232.077573 258.804946 147.027208 397.246775 344.548981 401.627937 432.897216 253.031619 277.315705 110.063618 321.014018 326.675680 309.250707 289.932751 399.452125 297.754933 182.236111 265.092437 
149.000000 2.000000 5.000000 a 210.297408 226.896452 279.978571 280.144606 177.101666 256.563832 346.151701 261.979007 98.979796 311.977563 122.102416 292.412380 275.118156 76.157731 226.931708 357.761093 328.086879 68.883960 313.253891 287.139339 308.423410 209.009569 339.991176 255.196003 281.641616 445.772363 284.782373 106.367288 208.751048 456.429622 321.846237 214.853438 300.088320 380.532522 363.034434 289.254213 36.674242 258.154992 181.496556 64.280635 108.466585 234.829726 346.070802 28.178006 81.492331 137.244308 412.563934 379.269034 188.098379 258.853240 
233.000000 2.000000 4.000000 a 292.754163 448.385994 168.011904 165.193826 309.316990 334.246915 97.349884 515.783869 339.005900 479.551874 435.252800 378.957781 264.200681 382.382008 304.069071 219.164322 474.570332 446.874703 186.461792 304.566906 520.212457 412.248711 370.936652 183.120179 182.718363 212.680512 153.378617 403.447642 439.182195 406.162529 117.000000 468.241391 276.284274 260.486084 141.031911 467.610949 474.140275 483.160429 542.502535 378.993404 390.216607 242.621104 354.396670 458.634931 427.112397 395.540137 420.600761 309.342852 283.176623 330.219624 
153.000000 7.000000 3.000000 a 130.000000 90.005555 324.359369 318.954542 347.332694 60.166436 302.364019 142.077444 251.924592 89.044932 170.469939 18.110770 127.141653 211.813597 105.304321 188.217959 86.648716 225.055549 204.129861 86.556340 131.529464 78.790862 67.683085 282.294173 349.297867 262.190770 282.418130 353.458626 96.509067 181.573677 299.162163 118.004237 116.043095 173.326282 253.268632 78.517514 294.869463 106.775465 229.786858 234.710460 172.678893 350.570963 82.097503 307.728777 203.494472 143.627992 132.438665 140.071410 164.596476 63.245553 
281.000000 7.000000 2.000000 a 76.059187 84.899941 272.591269 267.867505 280.643902 48.093659 269.133796 152.502459 183.174780 136.937942 117.153745 77.336925 106.470653 144.422990 59.464275 188.883562 143.055933 166.436174 181.400110 88.141931 165.084827 49.406477 124.016128 230.540669 294.923719 274.410277 237.033753 284.717404 76.843998 240.636656 260.155723 106.018866 113.564959 191.167466 236.304888 117.686023 233.754144 121.202310 201.427406 166.643332 107.615055 289.249028 131.228808 243.647286 143.125819 81.841310 197.344876 173.979884 104.560987 52.009614 
113.000000 2.000000 1.000000 a 219.419689 376.706783 36.687873 36.235342 176.071008 282.334908 81.688432 443.798378 218.295671 428.172862 337.349967 336.364386 221.531036 271.400074 239.741527 224.448212 428.981352 336.810035 162.929433 266.925083 460.492128 339.117974 346.698716 68.767725 50.596443 267.097361 60.207973 271.447969 363.435001 417.787027 59.506302 390.717289 246.164579 271.449811 157.543645 411.400049 352.988668 415.463596 444.784217 262.773667 289.207538 109.658561 335.053727 334.281319 320.351370 302.552475 413.309811 311.045013 195.685973 279.401145 
107.000000 9.000000 4.000000 a 177.011299 99.297533 371.098370 365.629594 392.536622 106.531685 345.527134 129.247824 294.592939 53.851648 197.385410 52.924474 170.469939 249.707829 152.328592 221.461058 43.600459 253.860198 245.589088 127.015747 102.415819 105.550936 75.153177 329.091173 396.232255 286.790865 328.397625 393.573373 112.893755 168.267644 343.803723 124.787820 154.870914 198.436388 291.815010 55.443665 324.562783 97.252249 236.400085 273.514168 208.568933 397.407851 94.366308 340.364510 234.360833 177.859495 111.628849 156.974520 211.340957 109.238272 
291.000000 6.000000 4.000000 a 181.686543 125.175876 325.976993 323.904307 262.545234 195.473783 364.046700 151.168780 157.429349 208.655218 31.016125 213.527516 240.010416 92.439169 185.690603 327.035166 226.808289 42.426407 301.099651 234.132441 199.123078 119.473847 264.319882 290.688837 337.124606 415.530986 312.246697 214.058403 109.123783 379.685396 345.606713 107.615055 256.031248 336.594712 356.506662 186.678869 108.046286 150.748134 87.200917 111.233988 71.021124 304.581680 275.190843 130.740200 42.047592 72.560320 328.940724 321.636441 179.426865 199.123078 
120.000000 9.000000 1.000000 a 262.057246 159.590100 410.965935 409.059898 337.712896 261.843465 448.983296 146.492321 237.621548 226.612003 111.364267 265.318676 315.792653 174.977141 261.979007 401.646611 247.487373 112.605506 381.907057 302.393783 198.600101 173.072239 315.317301 376.175491 421.099751 488.485414 397.826595 273.358739 151.327460 424.444343 431.003480 132.563192 327.536258 405.265345 437.740791 208.865986 145.581592 165.060595 24.083189 190.065778 156.473640 385.478923 329.560313 175.262660 124.482931 152.712148 368.730254 383.220563 263.609560 265.996241 
224.000000 7.000000 2.000000 a 213.775583 150.602125 349.383743 347.752786 274.590604 228.254244 392.662705 165.124196 174.201033 231.233648 64.031242 244.393126 272.809457 112.449989 218.515446 359.869421 250.415654 49.091751 332.759673 267.080512 215.824002 149.693019 295.298154 315.800570 358.537306 448.446206 338.998525 214.832493 136.213068 409.913405 373.226473 129.402473 289.043249 369.597078 387.923962 210.107116 94.593869 170.941510 73.498299 126.605687 100.089960 322.024844 306.757233 121.807225 63.007936 105.304321 358.022346 354.203331 209.504177 231.948270 
203.000000 8.000000 4.000000 a 185.924716 189.928934 350.897421 344.569296 408.768883 118.827606 298.964881 230.586209 327.502672 153.378617 270.170317 85.440037 143.586211 299.908319 160.589539 151.822265 137.083916 322.865297 198.567369 102.956301 202.385770 180.277564 34.539832 311.887800 379.458825 196.580772 300.805585 433.544692 198.176689 83.240615 305.368630 217.680959 114.586212 114.586212 230.644748 157.165518 391.152144 197.365144 330.360409 320.451244 265.047166 395.989899 28.844410 401.004988 300.123308 238.924674 54.332311 65.604878 222.279104 117.592517 
195.000000 3.000000 4.000000 a 229.651911 325.000000 179.011173 182.175739 40.496913 299.766576 271.425865 377.033155 95.341491 404.589916 234.853146 350.907395 282.603963 154.029218 255.039213 344.200523 415.716249 199.323857 283.240181 314.101894 415.234873 294.984745 387.856932 174.384632 167.871975 421.236276 208.096132 59.135438 306.571362 495.101000 243.199507 323.099056 313.359219 381.095788 317.397227 382.278694 175.601822 363.005510 320.028124 130.311166 195.207582 109.635761 386.704021 148.070929 197.772597 224.982222 464.882781 398.120585 193.669822 299.933326 
186.000000 7.000000 5.000000 a 289.276684 300.306510 425.217591 418.551072 505.142554 229.401395 352.149116 331.868950 433.461648 248.032256 384.193961 199.210943 234.827596 411.400049 265.932322 200.591625 228.019736 436.794002 263.761256 204.355083 294.287275 293.777126 148.499158 390.913034 455.056041 192.782261 372.259318 540.229581 310.227336 37.013511 366.476466 327.426328 203.806281 153.574086 274.372010 258.213090 504.722696 301.532751 440.051133 430.889777 378.054229 482.121354 139.817739 513.688622 413.904578 352.638625 96.046864 120.220631 323.797776 227.422514 
117.000000 1.000000 3.000000 a 177.290722 329.243071 24.839485 24.166092 126.126920 246.657657 111.946416 395.102518 157.943028 387.769261 281.168988 302.423544 195.020512 212.285186 200.691305 221.237429 390.947567 277.521170 155.553849 239.014644 416.173041 291.924648 320.600998 26.570661 43.416587 281.517317 52.801515 216.002315 314.658545 405.088879 83.486526 340.777053 223.575491 266.176633 170.941510 369.384623 292.643127 368.815672 387.806653 202.743681 232.658548 70.936591 311.717821 274.249886 261.874016 248.509557 392.295807 298.690475 148.000000 244.401309 
210.000000 3.000000 4.000000 a 37.215588 193.349425 172.284648 166.736319 222.191359 92.395887 160.701587 261.122577 158.647408 237.857100 188.162164 147.665162 48.414874 162.117242 50.119856 121.840059 238.665037 215.752173 83.677954 86.400231 271.950363 156.540730 167.487313 130.464555 198.161550 209.659247 130.633074 263.651285 183.174780 263.821910 151.476071 212.132034 79.404030 150.096636 139.140217 221.652882 266.054506 229.960866 291.583607 172.447093 150.615404 207.617437 160.962729 263.400835 192.262841 146.184815 241.960741 163.893258 48.383882 89.805345 
239.000000 5.000000 3.000000 a 26.683328 134.465609 223.912930 218.961184 246.065032 50.990195 219.572312 202.252318 159.455323 183.861361 140.911320 104.785495 68.359345 138.654246 14.035669 155.389832 187.296556 179.047480 136.077184 72.718636 214.848784 97.672924 139.086304 181.730570 247.315588 244.073759 186.943842 265.663321 124.458829 249.833945 209.976189 153.521985 87.097646 168.671278 191.887988 166.027106 239.081576 171.420536 238.650372 156.156972 113.357840 246.398052 139.312598 242.843571 154.719100 99.181652 216.092573 164.730082 60.530984 51.107729 
147.000000 7.000000 2.000000 a 206.584123 120.066648 359.346629 357.106427 296.588941 210.002381 394.001269 130.249760 191.887988 198.171643 56.080300 219.529041 261.227870 126.909417 207.171427 347.541364 217.800367 72.835431 326.450609 250.097981 181.110464 124.951991 270.325729 323.371304 371.079506 435.000000 343.902602 244.294904 107.540690 383.105730 376.527555 96.829747 274.235300 353.141615 382.256458 177.589414 128.736164 137.207871 53.150729 145.499141 102.727796 339.053093 283.098923 154.932243 76.478755 97.169954 329.674081 333.839782 208.386660 214.002336 
132.000000 9.000000 1.000000 a 164.760432 268.732209 249.577643 242.870336 346.528498 149.646250 174.269906 328.274276 297.845598 269.408612 307.079794 170.581359 100.284595 299.046819 153.326449 23.323808 258.940148 345.878591 89.044932 108.931171 316.218279 241.366941 145.344419 218.586367 279.544272 78.447435 196.351725 401.139627 267.619132 175.011428 188.223272 295.054232 82.607506 26.076810 98.045908 264.054919 402.514596 292.959042 397.336130 311.488363 279.835666 312.707531 126.657017 402.095760 321.596020 266.016917 185.951607 74.632433 188.111669 145.279042 
211.000000 7.000000 4.000000 a 159.154013 10.816654 353.390719 349.012894 343.071421 116.764721 352.797392 69.310894 237.217200 75.584390 115.108644 99.408249 185.399569 181.463495 143.055933 260.353606 91.836812 171.604196 262.611881 155.235305 85.988371 40.024992 147.217526 311.724237 374.108273 339.779340 320.140594 326.038341 27.784888 254.686081 343.936041 37.483330 184.564352 251.745904 316.267292 52.773099 241.913208 37.589892 150.266430 206.196508 138.751577 362.173991 163.027605 260.716321 155.048380 107.707938 199.624648 221.183182 183.657290 121.202310 
101.000000 6.000000 3.000000 a 187.808413 323.396042 79.101201 82.024387 65.145990 261.396251 172.800463 385.572302 117.515956 391.618437 257.650927 317.067816 223.089668 180.313616 213.721782 266.507036 398.005025 242.639651 201.586210 263.104542 413.627852 287.701234 343.547668 78.294317 72.917762 334.861165 111.085553 156.540730 306.858273 438.790383 144.367586 330.080293 253.743965 308.600065 226.338242 371.296378 245.747838 363.407485 359.747133 165.096941 209.766537 34.525353 337.733623 224.118272 231.106036 231.872810 418.693205 334.902971 152.472948 260.099981 
190.000000 4.000000 4.000000 a 236.932480 393.885770 120.830460 116.726175 262.383307 282.349075 40.459857 461.524647 283.550701 429.094395 378.054229 329.655881 213.002347 325.385925 249.579647 180.346888 425.413916 389.724261 136.894120 255.360529 468.210423 357.341573 326.352570 128.875909 141.315250 195.818794 97.514102 353.114712 384.037759 374.085552 60.440053 412.972154 228.352797 225.319773 101.242284 416.038460 418.273834 429.483411 485.412196 322.552321 332.915905 199.040197 311.006431 403.626065 369.849970 338.514401 381.922767 272.009191 226.108381 278.490574 
225.000000 9.000000 4.000000 a 218.341476 160.524141 403.031016 397.080596 440.519012 144.585615 362.856721 181.176709 347.495324 96.332757 258.605878 90.138782 194.504499 307.131893 192.208220 222.272355 76.006579 314.892045 261.216385 149.214611 142.284925 166.207701 70.342022 362.034529 430.074412 270.830205 356.102513 449.328388 174.496418 115.039124 365.820994 185.148589 170.836179 188.215302 299.386038 108.931171 385.519131 153.160047 295.182994 330.324083 267.067407 438.306970 86.005814 400.524656 294.871158 237.002110 56.008928 139.817739 254.662522 145.715476 
119.000000 5.000000 1.000000 a 148.394744 227.270764 192.130164 191.887988 114.004386 211.634118 257.614052 280.515597 9.848858 307.174218 140.687597 259.138959 209.695017 58.940648 171.125685 285.077183 318.818130 116.606175 233.567977 232.768125 317.630288 197.517088 300.000000 166.027106 196.468827 370.309330 195.726850 103.479467 208.865986 412.012136 232.879797 226.035395 238.430283 314.428052 279.835666 284.763059 125.590605 265.424189 235.925836 39.115214 98.045908 156.400128 301.424949 110.887330 107.837841 127.318498 376.527555 322.342985 117.136672 212.558227 
Type de surveillance de chaque endroit(target):tab[nombre de target]
a a a a a a a a a a a a a a a a a a a a a a a a a a a a a a a a a a a a a a a a a a a a a a a a a a 