Nombre des capteurs:
20
Nombre des targets:
120
Nombre de type de surveillance:
1

Caracteristiques:
245.000000 1.000000 3.000000 a 423.330840 387.981958 191.588100 297.833846 184.439692 57.314920 173.908022 200.688814 183.967388 119.331471 339.330223 81.123363 181.730570 173.002890 156.041661 372.711685 129.468143 177.507746 375.406446 136.058811 188.151535 302.100976 308.967636 345.052170 363.077127 164.368488 324.755292 392.073973 53.009433 323.125363 288.530761 180.878412 298.511306 365.164347 249.633732 162.742127 287.405637 138.003623 190.515091 282.200283 331.472472 375.095988 71.112587 272.356384 335.529432 147.979728 139.946418 187.523332 328.074687 210.116634 43.965896 418.284592 282.816195 327.360657 147.299016 173.979884 202.940878 292.099298 173.011560 376.430604 312.846608 290.423828 173.692257 362.398951 194.139125 298.001678 194.537914 201.717624 404.223948 114.214710 294.552203 115.017390 90.138782 445.004494 234.642281 194.833262 110.981981 96.046864 248.310290 96.046864 386.803568 117.239072 272.640789 179.293056 316.652807 220.737401 180.049993 205.769288 195.673197 296.447297 348.304465 40.162171 138.191896 241.033193 374.213843 384.688185 465.102139 144.506055 276.028984 268.425036 186.681547 390.000000 464.784896 82.734515 143.735869 443.308019 459.064266 291.650476 331.386481 274.961816 221.578429 41.761226 216.480946 179.011173 261.204900 175.755512 388.352932 371.981182 211.549049 342.620782 
120.000000 9.000000 5.000000 a 369.720164 320.730416 235.440014 243.115199 54.589376 261.520554 42.449971 306.740933 40.521599 99.005050 200.062490 232.105579 259.237343 107.647573 223.080703 386.828127 90.553851 40.162171 396.232255 196.086716 38.013156 359.562234 359.005571 332.615394 236.103791 92.048900 359.922214 383.400574 224.588513 333.946103 130.384048 239.776980 311.834892 422.654705 138.351003 318.064459 393.395475 302.041388 63.007936 150.615404 239.282260 247.008097 274.235300 130.751673 221.472346 74.404301 168.656456 40.804412 381.807543 227.035240 162.163498 331.903600 302.233354 350.035712 70.349129 179.902752 251.668433 210.618138 77.129761 413.146463 288.875406 185.440017 265.324330 388.207419 241.660919 162.520768 172.733899 44.721360 269.601558 201.427406 365.492818 106.775465 161.198635 413.696749 134.182711 59.076222 95.189285 140.730238 67.082039 251.007968 285.889839 211.624668 126.321020 250.008000 214.646221 161.335055 186.986631 82.927679 326.805753 232.561820 354.572983 207.694487 256.345470 213.178329 243.018518 349.961426 446.651990 120.332872 278.614429 295.381110 328.469177 285.954542 444.176767 127.424487 270.765581 332.601864 351.889187 256.019531 308.449348 348.175243 226.629654 206.344372 185.261977 79.906195 202.785601 137.637204 260.007692 336.648184 308.650288 400.800449 
130.000000 5.000000 1.000000 a 214.709106 197.739728 50.447993 132.823191 309.433353 236.211769 242.843571 77.103826 297.309603 207.453609 247.503535 160.112460 55.036352 175.445148 80.411442 138.177422 280.957292 244.131112 140.687597 106.943911 244.969386 77.794601 80.000000 122.090131 245.458754 320.315469 90.824006 162.003086 187.683244 91.547802 249.064249 55.154329 69.123079 143.010489 189.525724 149.566039 124.004032 161.245155 320.663375 216.037034 188.448932 254.031494 235.227549 225.177708 215.362485 288.105883 123.434193 242.210652 102.176318 57.584720 234.542107 238.321212 53.160135 92.779308 222.575830 103.227903 34.669872 161.297861 316.834342 144.461067 107.814656 187.672587 68.249542 127.882759 45.221676 225.179928 112.924754 315.158690 281.055155 122.702893 82.764727 279.692688 164.176734 220.513038 179.254010 320.975077 236.135554 290.027585 264.705497 155.544206 230.482103 117.881296 230.586209 55.578773 193.002591 138.852440 95.963535 209.570990 115.260574 142.618372 116.211015 194.987179 106.920531 96.187317 257.256681 169.162644 234.480276 166.604322 62.968246 37.643060 131.137333 236.027541 234.853146 254.169235 111.825757 282.072686 290.814374 109.603832 119.037809 66.730802 63.639610 193.196791 109.238272 323.882695 130.249760 145.619367 262.771764 159.238814 65.299311 120.241424 
242.000000 3.000000 3.000000 a 443.843441 428.077096 224.200803 354.419243 369.716107 139.086304 338.614825 154.207652 366.087421 279.614020 446.413485 146.972787 188.175450 303.595125 200.262328 343.048102 316.938480 341.843531 338.363710 210.237960 350.035712 252.057533 264.168507 349.000000 456.277328 354.611055 289.499568 379.043533 155.029030 312.771482 419.153910 208.060087 295.528340 293.170599 364.045327 82.758685 185.607112 83.192548 377.359245 398.026381 406.007389 466.807241 125.399362 397.102002 425.248163 334.260378 236.772042 348.369057 271.979779 253.268632 230.375780 468.027777 280.964411 303.817379 309.342852 255.156815 221.334588 371.012129 361.686328 323.066557 338.285382 386.401346 171.944759 324.137317 220.984162 412.001214 280.444290 385.219418 496.009072 191.481070 232.561820 304.198948 219.492597 441.072556 348.891100 381.030183 287.000000 287.647354 400.911462 129.294238 454.828539 182.923481 400.091240 195.576072 402.612717 316.166096 255.190125 345.775939 117.337121 360.672982 333.640525 173.184872 147.339743 302.200265 468.482657 397.397786 445.466048 275.408787 293.298483 266.270539 100.169856 459.882594 447.219186 270.275785 133.701159 509.134560 519.449709 335.243195 349.326495 219.572312 267.262044 174.103418 294.550505 368.142635 335.600954 287.308197 477.830514 388.579464 167.585799 276.725496 
187.000000 2.000000 3.000000 a 88.119237 63.655322 151.921032 55.000000 341.812814 352.330810 268.972118 211.191856 326.964830 262.408079 166.688332 274.898163 180.853532 204.284116 186.903719 109.416635 334.341143 268.411997 122.800651 200.084982 263.433103 150.216510 139.560023 46.572524 146.372812 366.006831 119.364986 89.375612 298.328678 76.941536 205.231577 167.155616 77.826731 182.024724 162.889533 283.063597 233.460918 292.405540 352.933421 168.371613 89.844310 150.269757 354.498237 186.868938 124.619421 333.946103 197.091349 260.739333 154.042202 127.094453 320.014062 104.995238 88.005682 98.615415 262.154535 163.012269 148.030402 93.509358 357.095225 151.426550 26.400758 126.822711 196.725697 122.641755 152.315462 167.800477 148.097941 340.000000 170.496334 223.778909 171.397200 339.613015 248.163253 117.953381 163.917662 351.069794 293.620503 361.060937 250.990040 276.342179 108.171161 224.109348 193.258894 176.204427 110.022725 140.217688 156.115342 214.953483 249.226804 67.208630 80.062476 299.547993 231.691605 97.514102 155.544206 53.450912 149.003356 215.740585 71.400280 100.568385 265.307369 114.236597 146.686741 324.858431 240.303974 152.315462 158.600126 45.541190 23.086793 169.593632 114.337221 297.405447 126.751726 363.077127 95.257546 180.488227 154.051939 39.849718 198.798893 169.755707 
189.000000 3.000000 5.000000 a 61.619802 76.000000 189.282857 111.018017 397.129702 390.283230 324.237567 231.244459 382.374162 314.696679 214.767316 312.705932 211.546685 258.487911 225.390772 72.993150 387.695757 323.785423 86.833173 243.018518 319.075226 145.344419 132.774244 36.400549 188.904738 420.415271 107.200746 37.947332 338.141982 72.801099 259.268201 202.704218 89.961103 156.041661 218.826415 306.373955 231.490821 319.582540 408.306258 222.829531 138.231690 190.128904 390.861868 241.834654 172.307864 388.128845 244.386988 316.362134 139.430987 169.000000 367.669689 114.140265 105.475116 87.206651 316.260968 211.142132 181.408379 148.553021 411.928392 118.532696 68.883960 181.107703 226.152603 92.720009 188.095720 221.000000 199.371513 395.701908 204.677796 265.369554 168.014880 392.164506 294.898288 66.189123 219.938628 406.558729 346.013006 412.074022 306.776792 311.295679 138.452158 264.092787 248.195487 209.121974 161.235852 195.071782 203.666394 270.800665 267.555602 122.918672 57.428216 341.586007 263.910970 149.040263 196.086716 16.763055 93.520051 267.858171 103.585713 120.904921 284.787640 144.256716 91.547802 375.564908 270.070361 166.721324 166.379085 99.005050 48.836462 172.678893 158.256122 339.532031 179.025138 418.025119 150.950323 233.383804 190.682983 21.540659 217.478735 150.376195 
243.000000 6.000000 5.000000 a 492.549490 473.843856 265.096209 396.137602 373.373807 132.034087 352.604594 203.494472 371.981182 293.574522 479.605046 167.764716 231.205536 327.365239 236.932480 395.919184 318.628310 356.040728 391.760131 241.400083 365.328619 305.360443 317.245961 398.503450 492.760591 353.005666 342.163704 430.813185 166.337007 363.323547 445.820592 248.823230 344.843443 348.053157 393.859112 128.502918 240.674053 119.854078 379.697248 428.239419 445.479517 503.758871 118.105885 424.984706 461.989177 337.004451 265.158443 364.017857 325.983128 293.899643 232.045254 512.800156 329.771133 355.613554 323.649502 288.300191 264.614814 408.905857 362.167089 377.361895 384.688185 421.046316 215.000000 377.482450 262.731802 442.936790 313.912408 390.266576 533.318854 219.665655 286.434984 304.198948 238.321212 492.541369 378.350367 383.950518 295.169443 282.398654 420.437867 153.938299 496.299305 212.624081 427.299661 237.394187 439.732873 349.005731 289.620441 368.213253 168.433963 401.154584 385.001299 182.167505 184.588732 341.568441 504.905932 446.534433 498.375361 297.865742 339.779340 314.696679 150.784615 501.080832 499.972999 271.737005 173.002890 551.655690 563.022202 378.726814 397.020151 272.693968 308.099010 183.657290 330.287753 368.066570 373.483601 315.245936 515.402755 437.099531 217.423550 331.295940 
130.000000 5.000000 1.000000 a 432.020833 388.567883 232.725160 299.713196 85.234969 161.027948 107.354553 274.052915 89.358827 85.842880 300.433021 165.124196 239.301066 148.003378 204.401566 412.234157 32.015621 110.462663 418.168626 176.139150 121.655251 358.745035 362.505172 370.696641 331.789090 60.033324 372.108855 421.531731 144.668587 358.860697 236.780489 228.569464 334.053888 424.304136 218.160491 255.820249 365.000000 233.465201 89.022469 243.823707 316.697016 343.677174 175.071414 228.002193 309.743442 50.249378 161.449683 122.539789 384.158821 239.520354 65.787537 410.274298 320.306104 368.957992 94.540996 191.128229 248.040319 280.044639 69.871310 426.564180 331.061928 266.309970 237.655212 406.988943 237.547890 258.804946 200.584147 103.870111 370.202647 165.680415 357.015406 15.556349 119.632771 465.317096 206.518764 93.962759 55.081757 18.601075 181.397354 184.260685 370.167530 173.971262 225.893780 233.034332 295.959457 211.532503 199.090432 160.330908 280.130327 293.615395 383.093983 126.087271 211.929233 251.097591 341.087965 401.260514 492.163591 132.382023 304.776968 308.585482 275.261694 371.856155 490.805460 29.732137 222.623000 423.335564 441.376257 302.610310 351.203645 337.515926 246.260025 125.924581 221.415898 75.325958 257.939915 167.871975 357.263208 387.722839 281.442712 401.287927 
145.000000 9.000000 5.000000 a 423.859647 379.526020 231.352545 291.494425 69.570109 174.140748 93.048375 277.521170 73.061618 79.056942 287.083612 172.409396 240.482848 138.708327 204.795019 408.754205 15.620499 96.005208 415.177071 176.051129 107.018690 358.453623 361.653149 365.328619 319.112833 48.507731 370.151320 416.432468 153.844077 355.128146 222.467975 228.326521 330.492057 424.057779 206.400097 263.539371 368.570210 241.960741 74.148500 230.930726 306.104557 330.927485 188.066478 214.560015 297.835525 34.000000 159.000000 108.078675 383.600052 236.180016 75.953933 400.005000 317.176607 366.083324 83.096330 186.978608 247.032387 270.118493 56.008928 424.746984 324.895368 254.950976 239.943743 404.357515 236.448726 245.692898 194.486503 88.022724 357.056018 167.764716 357.761093 2.236068 120.933866 458.651284 195.368882 78.854296 47.759816 34.655447 166.012048 191.846293 359.016713 176.581426 212.200377 233.692105 284.775350 202.940878 195.017948 147.678705 285.716643 284.803441 379.043533 135.162865 216.363121 244.640553 328.161546 394.366581 486.384621 125.872952 300.443006 305.996732 281.780056 360.513523 484.876273 36.400549 227.793766 411.558015 429.802280 295.651822 345.110127 338.422812 242.076434 134.766465 214.704448 62.072538 249.467433 160.561515 344.488026 380.788655 284.191837 401.079793 
143.000000 9.000000 5.000000 a 107.424392 128.035151 187.416648 145.801235 420.229699 382.188435 347.805980 209.353768 406.040638 329.801455 260.541743 306.026143 201.039797 279.415461 222.643212 21.931712 404.352569 347.850543 35.171011 244.951016 344.607023 108.756609 96.041658 49.819675 237.507895 439.829512 69.835521 21.931712 333.294164 55.578773 298.457702 197.914123 80.411442 105.848949 251.984126 284.763059 192.096330 301.317109 431.588925 261.335034 183.469343 239.708156 380.888435 279.007168 218.194867 407.117919 252.356890 341.809889 96.166522 173.954017 373.280056 165.894545 95.885348 55.785303 335.886886 221.720545 175.823775 186.389377 432.897216 66.940272 93.380940 220.220344 213.527516 43.566042 184.567061 261.721226 215.647861 420.933486 255.765518 264.741383 130.667517 406.787414 300.509567 83.486526 250.351753 430.447442 360.854541 423.135912 340.283705 301.373522 189.763010 261.503346 285.408479 201.089532 204.377102 219.617850 213.740497 298.328678 242.637590 159.260792 30.413813 339.511414 252.507426 168.629772 245.473013 68.468971 88.955045 283.550701 108.078675 110.367568 260.324797 195.655309 89.822046 386.463452 255.884740 218.506293 217.313138 126.589889 75.802375 140.003571 166.571306 337.616647 198.113604 439.385935 180.313616 251.668433 241.174211 72.173402 195.058965 103.469802 
297.000000 3.000000 1.000000 a 173.078017 124.326184 150.721598 55.226805 245.489307 318.954542 174.771279 235.280683 230.228148 185.970428 78.854296 248.394847 188.279048 122.053267 172.609386 212.849712 249.200722 173.366663 225.062214 169.118302 166.138496 223.293529 216.684102 151.162165 83.868945 274.710757 205.496959 197.648678 263.797271 167.502239 97.637083 166.090337 153.525242 272.800293 58.309519 290.987972 291.446393 290.833286 256.041012 60.464866 47.381431 94.847246 325.262971 78.568442 53.075418 244.607849 150.903943 163.713164 236.913486 122.653985 258.723791 141.000000 152.453272 188.488726 176.011363 121.753850 158.398232 14.866069 263.590592 249.881972 109.178753 20.615528 203.592731 221.472346 155.206314 62.625873 96.540147 240.684441 124.482931 192.852275 239.169396 258.031006 196.331353 218.892668 64.776539 253.355481 214.755675 285.187658 144.031247 257.421833 102.107786 198.070694 84.958814 179.412932 31.400637 65.299311 119.519873 116.927328 271.206563 41.617304 180.767807 258.278919 225.601418 74.000000 96.046864 156.818366 253.805043 144.640935 124.036285 155.116086 283.098923 104.694795 250.862512 251.733987 238.891189 157.813181 174.450566 78.185676 125.099960 229.139695 110.136279 256.048823 78.644771 268.782440 38.897301 110.494344 106.794195 144.170038 227.683992 255.440795 
117.000000 8.000000 3.000000 a 236.247751 211.631756 11.661904 133.689940 271.182595 205.506691 206.169833 78.447435 259.433999 168.315181 235.034040 128.003906 32.557641 140.527577 42.579338 174.642492 241.478778 207.684857 178.370401 67.542579 209.353768 116.846053 119.620232 149.214611 239.033470 281.042701 129.769026 194.041233 154.116839 124.579292 226.221131 18.027756 100.124922 182.332115 166.243797 137.974635 149.906638 143.600139 282.336678 196.155551 186.010752 248.847343 206.196508 202.247373 208.062491 248.965861 84.172442 206.651881 141.650980 34.539832 195.818794 249.703825 84.291162 129.541499 184.621234 67.623960 5.000000 153.075145 277.901062 183.831445 124.615408 173.954017 48.795492 166.087326 5.656854 207.299301 82.734515 277.618443 277.411247 84.929382 119.201510 240.052078 124.775799 249.465428 154.003247 282.846248 196.664689 250.529439 234.307490 126.921235 234.104677 81.394103 207.086938 26.076810 185.237685 114.109596 61.351447 177.485211 114.061387 140.246212 149.753130 159.452187 81.394103 83.648072 251.177228 193.062166 267.091745 128.809938 81.743501 69.871310 126.570139 239.152671 267.007491 214.580987 90.697299 288.721319 299.736551 115.420969 140.132081 101.242284 47.507894 157.537297 85.708809 284.985965 118.532696 111.427106 259.082998 181.603965 72.560320 159.452187 
278.000000 6.000000 4.000000 a 269.536639 223.886132 131.472431 137.927517 151.647618 234.797785 78.771822 212.680512 137.058382 83.432608 146.478667 176.005682 162.003086 20.124612 130.015384 274.643405 146.986394 78.549348 283.867927 110.022725 75.286121 249.707829 248.229732 221.963961 171.813853 175.863583 247.881020 273.197731 182.879742 221.578429 102.083299 139.742621 199.409127 311.554169 56.938563 244.049175 292.514957 235.274308 162.889533 89.498603 150.562279 183.896710 243.741667 82.006097 146.413797 144.308697 81.743501 72.470684 270.972323 117.618026 160.112460 244.100389 190.031576 237.625756 73.552702 76.118329 146.751491 114.039467 166.571306 300.820545 178.734440 101.651365 172.104619 275.775271 137.786066 105.261579 62.177166 151.476071 212.438226 126.530629 257.619875 155.029030 109.123783 308.292069 42.544095 161.384634 111.543713 181.994505 92.070625 190.546582 204.518948 135.358783 83.761566 152.069063 130.613935 50.537115 81.492331 34.785054 240.168691 129.838361 242.538657 172.586210 176.119278 101.044545 182.463695 243.823707 339.094382 48.836462 166.183633 183.806964 246.375729 206.526027 337.001484 149.050327 191.230228 258.814605 276.327704 146.686741 198.725942 241.472566 115.377641 170.484603 72.835431 172.539850 95.817535 33.000000 197.385410 230.262893 211.286535 290.110324 
138.000000 4.000000 5.000000 a 350.891721 309.040450 152.610616 219.082176 115.039124 154.922561 74.215901 206.155281 106.901824 15.231546 238.270854 119.000000 164.784708 73.389373 128.222463 329.633129 77.987178 77.620873 335.943448 99.156442 86.977008 280.280217 283.028267 287.543040 265.113183 118.139748 290.987972 338.363710 112.294256 276.090565 184.114095 150.655236 251.382179 345.827992 149.883288 206.651881 296.516441 189.380569 125.219807 180.601772 241.615397 277.194877 166.364059 169.026625 239.741527 87.005747 79.881162 85.796270 305.163890 156.974520 67.416615 333.529609 237.951676 286.832704 45.221676 108.078675 168.514094 203.376498 116.828935 345.606713 248.171312 194.797331 166.412139 325.098447 157.892368 196.369550 117.885538 126.530629 305.511047 95.713113 280.722283 77.414469 50.289164 382.623836 135.930129 127.121989 33.241540 95.189285 144.754965 138.090550 296.440551 105.550936 168.834238 157.206870 223.215143 132.457540 116.077560 101.316336 220.272558 214.114455 300.166620 96.462428 149.120756 168.514094 275.601161 318.780489 409.067232 51.009803 221.720545 226.742144 219.640616 298.804284 407.751150 59.135438 162.542302 351.525248 368.657022 220.336107 268.262931 261.663907 163.232962 94.868330 139.168962 124.036285 178.044938 87.005747 290.712917 305.290026 211.066340 322.913301 
239.000000 5.000000 5.000000 a 390.978260 344.622982 220.002273 259.480250 41.629317 207.171427 48.259714 279.250783 35.057096 64.070274 242.425246 188.403822 236.349318 107.540690 199.484335 388.624497 33.120990 50.635956 396.364731 170.578428 60.876925 347.908034 349.450998 340.332191 275.771645 54.424259 354.684367 391.761407 176.025566 334.790980 176.139150 220.367874 310.924428 412.989104 166.048186 278.226526 369.238405 259.422435 51.971146 187.541995 267.748016 287.388239 220.435932 170.038231 256.329866 23.086793 147.512711 62.369865 372.005376 218.961184 106.480045 361.935077 299.015050 348.051720 50.119856 169.008876 236.326046 233.788366 47.201695 409.176001 298.107363 215.083705 239.069028 386.649712 225.754291 201.717624 170.469939 54.451814 312.621177 169.056204 350.237063 48.414874 123.490890 429.504366 156.818366 53.712196 44.407207 82.462113 118.207445 207.966343 319.001567 178.941331 167.146642 228.212620 245.099980 171.405951 176.954796 106.000000 293.586444 251.268780 357.576565 158.012658 222.467975 218.247566 284.255167 364.993151 459.461641 104.484449 279.100340 289.546197 292.514957 320.039060 457.558739 69.354164 235.722294 369.914855 388.567883 267.029961 318.311169 331.615741 222.265607 157.000000 188.279048 54.037024 217.331544 134.331679 300.853785 351.404326 283.668821 390.325505 
123.000000 8.000000 3.000000 a 237.522631 213.002347 12.083046 135.103664 271.311629 204.364870 206.494552 77.201036 259.615100 168.297356 236.315467 126.889716 31.144823 141.031911 41.773197 175.390992 241.350368 208.031248 179.025138 67.082039 209.773688 116.931604 119.854078 150.336290 240.393428 280.978647 130.268953 195.023076 153.081678 125.483067 227.266364 17.000000 101.079177 182.452734 167.299133 136.561342 149.164339 142.200563 282.453536 197.294197 187.408644 250.217905 205.000000 203.297811 209.418242 248.937743 84.148678 207.077280 141.820309 35.846897 195.225511 251.097591 85.211502 130.249760 184.805303 68.154237 5.385165 154.434452 277.915455 184.260685 125.924581 175.231276 47.381431 166.688332 5.830952 208.482613 83.600239 277.838082 278.792037 84.172442 119.016806 239.827021 124.326184 250.569352 155.000000 282.991166 196.542616 250.121970 235.053185 125.686117 235.518577 80.504658 208.117755 24.698178 186.593140 115.156415 61.983869 178.160040 112.729765 141.650980 150.651917 158.533908 80.056230 85.000000 252.539106 194.280725 268.067156 129.034879 82.969874 70.710678 125.195847 240.565999 268.001866 214.217180 89.308454 290.134452 301.144484 116.824655 141.382460 100.955436 48.877398 156.626945 86.833173 285.007017 119.866593 112.008928 260.464969 182.849665 71.449283 159.552499 
271.000000 1.000000 4.000000 a 449.480812 401.008728 293.318939 320.862899 34.058773 262.017175 106.329676 352.638625 48.020829 137.876757 280.144606 256.602806 310.161248 174.837067 273.300201 458.039300 77.278716 106.550458 466.428987 244.380850 111.485425 420.990499 422.148078 406.970515 316.697016 41.773197 426.356658 458.248841 240.441261 404.400791 210.038092 294.083322 381.083980 485.824042 218.579505 347.558628 442.867926 327.232333 22.671568 231.812424 320.156212 327.391203 276.001812 211.858443 302.671439 61.351447 221.144749 114.127122 444.797707 290.814374 163.783394 413.052055 369.898635 418.713506 120.933866 241.149331 309.685324 290.330846 32.388269 480.618352 363.798021 266.308092 312.699536 457.280002 299.152135 243.501540 240.052078 36.496575 349.022922 242.142520 423.803020 90.138782 195.880065 491.846521 213.018779 23.706539 114.965212 113.951744 146.013698 276.240837 367.103528 251.882909 207.280004 302.026489 295.690717 235.544051 248.965861 160.626897 365.636431 311.077161 426.410600 221.822001 294.762616 285.406727 323.187252 427.659912 523.696477 176.782352 348.600057 361.167551 363.593179 367.143024 521.452778 123.794184 307.548370 413.400532 432.760904 331.605187 383.766856 405.277683 293.081900 221.219348 256.019531 26.019224 279.517441 203.656574 340.211699 414.198020 357.330379 463.276375 
127.000000 7.000000 5.000000 a 325.743764 360.546807 359.235299 376.490372 618.535367 496.919511 550.817574 318.446228 606.234278 516.189888 496.234823 437.886972 347.876415 482.114094 383.255789 220.168118 588.695167 551.841463 207.060378 412.082516 551.609463 231.354706 230.722777 283.134244 473.895558 628.732853 231.036794 248.294180 466.135174 264.321774 528.160960 360.118036 282.115225 166.964068 475.673207 369.102967 233.927339 394.361509 629.784090 491.057023 419.325649 475.862375 489.200368 506.780031 454.110119 596.813204 432.042822 548.799599 207.935086 362.856721 531.636154 393.143740 289.000000 244.476993 531.613581 411.661269 342.953350 417.614655 625.799489 181.570923 322.374006 451.541803 350.406906 209.811820 353.556219 493.668917 416.865686 623.796441 490.486493 421.674045 230.288949 585.976962 467.603464 274.016423 470.443408 630.025396 544.008272 591.929894 561.271770 423.831334 424.199246 413.885250 513.066273 354.369863 439.031890 433.498558 404.042077 511.375596 327.371349 390.401076 251.077677 479.892696 381.634642 381.414473 481.705304 300.647634 241.006224 475.649030 315.245936 294.401087 340.649380 429.893010 245.985772 557.742772 375.254580 444.227419 438.223687 353.327044 308.650288 249.687805 363.022038 478.752546 406.177301 632.879925 403.673135 452.134936 476.707457 307.314171 308.449348 189.179809 
275.000000 3.000000 5.000000 a 352.956088 304.685083 212.228650 224.517260 65.306967 245.312046 20.024984 283.670584 50.009999 78.771822 191.770696 211.683726 236.019067 84.811556 199.919984 365.547535 86.353923 17.262677 374.701214 173.080906 15.620499 336.657096 336.264777 312.313945 226.433213 98.183502 337.616647 363.341437 205.759568 312.417989 123.939501 216.517898 290.000000 399.962498 122.482652 296.432117 370.158074 281.044480 75.690158 139.003597 224.555116 237.760384 257.608230 120.203993 209.344214 73.681748 145.499141 18.439089 359.068239 204.200881 147.851277 318.114759 280.071419 328.124976 49.091751 156.773722 228.473193 193.847879 85.052925 391.061376 268.763837 170.836179 242.231294 366.415065 218.442212 152.210381 150.233152 61.294372 261.919835 179.047480 342.379906 101.242284 140.014285 395.459227 116.456000 73.054774 80.262071 135.092561 65.000000 230.312831 273.239821 189.235303 116.619038 226.770809 200.569190 140.662717 163.917662 64.078077 304.179223 214.555354 333.438150 189.446562 233.944438 191.942700 234.232790 331.387990 427.706675 97.144223 256.898813 272.904745 306.178053 273.731620 425.368076 116.275535 248.477363 322.001553 341.023460 236.171548 288.534227 325.000000 204.137209 187.970742 163.526756 89.453899 183.480244 114.808536 251.055771 317.970124 285.464534 378.021163 
286.000000 2.000000 1.000000 a 81.215762 42.154478 170.073514 51.244512 337.557403 367.548636 265.316792 235.467620 322.448445 265.181070 143.561833 290.798900 201.695315 204.198433 203.592731 134.733069 334.790980 264.378517 148.475587 213.506440 258.321505 178.986033 168.404275 73.171033 120.074977 364.156560 148.124947 108.706026 312.750699 105.721332 188.798835 185.930094 106.103723 210.038092 153.075145 305.643583 261.772802 313.445370 348.432203 152.970585 66.730802 123.044707 370.648081 172.594901 101.079177 332.759673 206.813926 255.738147 182.822318 143.178211 327.954265 80.156098 115.247560 127.279221 261.633331 172.626765 168.362704 80.777472 354.231563 178.126360 52.153619 111.395691 217.848571 149.566039 171.327172 150.073315 154.324334 334.175104 142.126704 237.806644 200.024998 341.391271 257.670332 123.490890 156.780101 346.140145 295.959457 364.927390 239.384628 293.860511 79.309520 239.232105 178.868667 196.114762 89.810912 139.742621 166.508258 209.093281 273.658546 58.821765 107.168092 312.416389 251.077677 105.546198 128.565159 62.225397 158.672619 219.328521 95.587656 126.826653 289.276684 85.375641 155.602057 329.341768 260.716321 124.807852 132.457540 56.080300 51.788030 197.668915 129.468143 310.227336 132.185476 359.872200 93.214806 183.393021 126.035709 50.606324 223.606798 198.338095 
Type de surveillance de chaque endroit(target):tab[nombre de target]
a a a a a a a a a a a a a a a a a a a a a a a a a a a a a a a a a a a a a a a a a a a a a a a a a a a a a a a a a a a a a a a a a a a a a a a a a a a a a a a a a a a a a a a a a a a a a a a a a a a a a a a a a a a a a a a a a a a a a a a a 