Nombre des capteurs:
30
Nombre des targets:
120
Nombre de type de surveillance:
1

Caracteristiques:
185.000000 4.000000 4.000000 a 361.535614 279.401145 389.452179 375.532955 200.039996 329.028874 456.694646 199.090432 324.887673 462.550538 113.600176 400.026249 452.823365 157.622968 380.663894 267.217140 339.838197 386.358642 132.230859 378.651555 501.042912 483.712725 425.131744 484.430594 533.251348 376.616516 244.182309 296.710296 428.889263 428.160017 171.732350 136.312142 94.021274 452.382581 228.982532 444.707769 291.907520 382.844616 538.815367 399.440859 399.752423 354.682957 522.598316 549.753581 225.610283 417.258912 330.552568 571.342279 239.827021 528.985822 411.491191 531.896606 108.664622 351.870715 474.236228 209.773688 150.416090 249.040157 273.514168 384.398231 322.099364 236.033896 333.588069 498.092361 461.087844 375.708664 248.453215 405.838638 274.116763 29.154759 496.847059 390.417725 297.605443 393.753730 501.662237 473.972573 349.692722 444.203782 355.844067 227.793766 286.174772 484.235480 354.498237 176.255496 339.754323 351.461235 488.439351 488.758632 393.264542 505.395884 309.027507 241.406297 542.905148 415.784800 44.045431 463.405870 117.902502 96.519428 406.276999 201.558924 441.601630 347.230471 210.342578 182.002747 411.121637 318.863607 79.120162 397.146069 272.970694 161.805439 10.198039 405.602022 270.739727 307.616645 342.584296 311.430570 142.411376 280.862956 27.586228 399.452125 
185.000000 8.000000 2.000000 a 246.018292 172.191754 271.223155 286.006993 143.627992 191.313878 342.118401 145.835524 236.247751 322.074526 134.238594 285.015789 311.852529 128.809938 273.239821 152.839785 212.077816 247.309523 89.196412 238.549785 360.661892 340.177895 330.711355 340.898812 391.931116 250.545405 160.654910 186.424247 297.026935 310.522141 85.702975 130.000000 59.135438 328.306259 130.545011 301.728355 149.013422 258.984556 395.273323 276.741757 279.715927 281.753438 382.099463 406.361908 105.475116 284.622557 196.061215 427.800187 100.319490 386.068647 278.280434 388.387693 114.214710 209.480309 342.614944 161.443489 76.026311 106.508216 219.592805 283.444880 238.849325 170.238069 191.384430 354.701283 376.724037 252.039679 170.815690 265.137700 134.658828 127.314571 358.675341 258.520792 156.780101 289.774050 358.898314 330.492057 207.002415 317.716855 217.375252 149.495819 143.055933 341.621135 235.172277 109.713263 203.769478 208.806130 346.459233 345.253530 264.775376 363.001377 179.446371 163.981706 402.513354 277.272429 115.104301 343.685903 76.118329 52.392748 275.771645 131.137333 300.121642 205.548048 157.724443 53.235327 293.288254 204.198433 126.495059 265.932322 188.366664 92.455395 135.148067 265.559786 208.434642 167.358896 212.492353 184.141250 128.390031 151.251446 115.965512 268.292751 
163.000000 8.000000 4.000000 a 220.077259 246.829901 213.506440 287.758579 332.701067 138.917242 230.217289 327.482824 277.218326 72.006944 390.518886 209.153054 61.587336 351.512446 232.862620 223.215143 176.283862 103.368274 336.471396 97.514102 97.867257 51.884487 291.926361 52.773099 130.003846 160.853971 294.762616 223.635865 133.146536 205.827598 300.975082 377.005305 344.072667 184.010869 272.405947 44.102154 143.178211 189.113722 104.995238 196.308431 208.000000 325.591769 129.988461 115.745410 234.797785 126.589889 139.445330 137.440896 202.566039 98.386991 122.576507 99.859902 374.157721 95.210294 171.493440 335.524962 310.394910 188.215302 340.599472 273.941600 305.722096 323.595426 111.789982 64.202804 343.517103 171.268795 293.293368 63.788714 173.072239 416.019230 134.331679 131.041978 142.888068 266.923210 73.681748 45.607017 87.664132 189.401690 106.212052 303.169919 150.658554 59.682493 206.167408 312.160215 141.226768 93.300589 87.298339 58.180753 168.074388 81.024688 167.904735 304.960653 132.378246 83.192548 402.196469 210.059515 342.001462 339.555592 158.344561 314.331036 72.180330 104.292857 329.511760 258.644544 220.084075 208.153789 400.622016 134.406101 281.007117 311.700176 425.913137 70.604532 323.867257 135.594985 151.082759 173.611636 364.177155 184.114095 406.690300 154.155765 
199.000000 1.000000 1.000000 a 247.000000 310.077410 225.157722 425.828604 409.815812 222.991031 352.012784 466.615473 419.004773 182.280004 522.220260 343.284139 179.293056 487.247370 369.997297 364.387157 230.531993 165.517371 467.600257 171.825493 176.298043 96.628153 423.494982 95.634722 16.970563 299.808272 362.220927 366.191207 260.762344 333.997006 395.288502 467.634473 465.988197 304.540638 351.391520 111.328343 271.935654 210.487529 82.879430 204.919496 214.170493 465.842248 31.780497 101.980390 370.946088 258.131749 281.712620 87.206651 310.203159 123.405835 255.988281 71.028163 504.528493 199.288735 126.668860 475.615391 441.780488 302.049665 483.140766 281.902465 340.242561 389.549740 217.204972 109.786156 471.729796 310.009677 435.049422 204.009804 276.016304 535.840461 69.641941 268.985130 277.650860 270.445928 131.946959 98.005102 224.178500 167.529102 248.696602 375.373148 266.340008 140.730238 240.607564 448.201963 214.979069 200.324736 62.609903 89.677199 188.743212 140.470638 309.898370 371.682660 177.721693 218.215490 523.454869 328.539191 444.504218 460.257537 172.661519 394.062178 108.466585 203.027092 469.554044 386.393582 217.366051 350.629434 527.944126 270.780354 423.457200 445.486251 540.800333 210.085697 466.374313 272.405947 293.552380 315.939868 498.592018 324.038578 522.664328 175.353928 
224.000000 2.000000 5.000000 a 417.137867 375.554257 431.027841 51.078371 387.587409 316.840654 159.831161 129.139460 24.331050 272.442655 221.325552 119.954158 270.542048 171.572142 88.323270 114.109596 364.968492 343.198193 197.820626 330.552568 299.446155 347.116695 100.881118 348.116360 431.227318 145.382255 389.185046 89.470666 197.408207 145.907505 328.955924 377.577807 250.263861 182.849665 354.830946 340.242561 221.652882 408.541308 384.668689 424.905872 433.601199 34.058773 431.115994 382.231605 152.800524 194.054116 169.047331 411.086366 269.453150 352.638625 193.569109 386.970283 220.327030 292.856620 448.646854 120.353646 187.320581 252.960471 67.955868 471.052014 453.964756 407.332788 285.938805 341.900570 133.304163 135.959553 81.394103 239.000000 281.204552 299.015050 429.577700 176.255496 201.695315 471.815642 328.635056 345.013043 235.314683 446.413485 198.436388 383.418831 254.636997 313.107010 401.363925 154.434452 331.941260 288.979238 388.161049 354.114388 399.881232 325.356727 146.184815 395.824456 332.280002 226.973567 284.007042 178.103902 323.154762 253.810953 401.403787 371.981182 359.738794 298.464403 118.608600 199.210943 449.244922 95.801879 252.958495 176.400113 60.539243 171.642069 326.153338 233.034332 61.351447 198.806439 151.327460 137.568165 188.066478 149.893295 309.646573 393.662292 
263.000000 2.000000 5.000000 a 177.417587 124.579292 198.080792 273.879536 157.407115 101.867561 298.839422 190.876924 231.536174 241.962807 215.336945 245.422085 230.846269 193.064756 243.823707 137.295302 132.849539 156.000000 162.363789 146.696967 280.080346 249.897979 309.657876 250.571347 299.579706 199.100477 143.108351 167.200478 233.214494 265.635088 108.779594 182.630775 150.296374 274.052915 109.252002 209.880919 68.447060 181.000000 305.360443 199.007538 204.364870 284.964910 289.872386 317.672788 102.396289 220.227155 135.830777 337.829839 18.601075 299.260756 213.283848 297.759970 196.002551 117.200683 255.548430 205.080472 139.176147 14.212670 246.611030 225.842866 202.940878 166.087326 99.045444 266.204808 361.697387 204.024508 190.031576 185.946229 45.398238 219.665655 267.346217 197.040605 85.005882 228.868958 272.737969 239.760297 123.693169 235.172277 145.993151 141.396605 51.662365 256.048823 163.487003 159.665275 115.741090 116.661905 254.125953 254.656632 182.043951 277.848880 131.867358 151.287805 321.361168 202.529010 207.347534 294.159821 141.322327 144.253250 190.850727 138.755180 207.771509 113.207774 199.612124 82.024387 219.317122 175.513532 214.888343 205.060967 196.814634 149.164339 225.966812 187.925517 231.354706 96.046864 158.672619 139.864220 199.303788 110.476242 207.292064 182.989071 
188.000000 5.000000 3.000000 a 480.400874 450.821472 489.869370 55.946403 475.509201 376.113015 115.260574 227.019823 105.513032 275.394263 318.323735 115.169440 277.780489 269.224813 95.131488 194.550765 426.751684 389.964101 295.746513 377.751241 291.439531 361.138478 34.058773 362.107719 448.218697 166.412139 471.296085 162.246726 196.328806 123.911259 417.714017 471.349128 347.472301 158.003165 436.980549 367.491497 285.070167 465.717726 386.627728 480.453952 490.388621 74.464757 451.807481 378.761138 239.635139 199.449242 217.278623 407.594161 346.459233 348.896833 202.410474 392.460189 318.127333 343.208392 488.431162 217.517815 284.270997 327.832274 158.685223 536.731777 529.479934 491.956299 340.966274 348.558460 35.510562 156.185787 178.907797 261.090023 351.216457 397.000000 458.495365 193.940713 263.077935 535.620201 329.815100 362.360318 280.178515 494.078941 237.153958 467.492246 320.600998 317.623992 464.172382 252.144800 390.041023 339.013274 410.468026 367.926623 453.206355 323.790055 204.452929 478.831912 314.574316 241.598841 382.032721 140.035710 417.041964 350.663657 451.575021 458.843110 392.036988 350.827593 216.187419 289.799931 505.715335 154.457114 350.515335 189.973682 156.179384 269.031597 424.199246 254.031494 156.923548 256.727482 193.217494 195.289529 285.506567 219.401459 407.649359 444.433347 
211.000000 7.000000 2.000000 a 159.260792 81.565924 187.779126 418.766044 20.591260 180.277564 449.908880 295.677189 372.505034 374.354110 270.386760 396.445457 362.465171 276.812211 393.513659 280.058922 160.654910 231.216349 235.849528 229.671505 410.019512 355.249208 457.922483 355.613554 374.476969 349.914275 30.805844 312.603583 380.107879 416.688133 64.404969 89.537702 188.042548 423.709806 46.270941 307.390631 214.462118 189.763010 408.893629 202.871881 199.484335 422.733959 360.034721 425.987089 236.381048 367.147109 286.141573 439.317653 137.116739 414.914449 360.090266 397.756207 251.602862 222.892351 287.367361 311.295679 225.842866 157.508730 367.763511 169.097605 104.019229 20.591260 207.299301 378.216869 508.482055 355.078864 315.868644 322.684056 152.118375 222.193609 326.259099 345.684828 234.104677 179.627392 391.618437 343.351132 260.155723 249.881972 291.830430 15.811388 184.043473 377.385744 158.041134 259.557315 182.156526 225.088871 337.379608 357.850527 207.241405 398.994987 282.846248 24.351591 448.742688 343.093282 219.317122 444.626810 104.923782 179.922205 222.928240 19.235384 291.650476 213.740497 307.434546 191.167466 207.347534 324.077151 250.000000 353.747085 329.819648 242.390181 208.038458 326.344910 355.443385 244.663034 309.560979 290.642392 273.622002 260.069222 198.426309 218.343766 
137.000000 9.000000 2.000000 a 509.134560 481.212011 517.873537 87.321246 506.858955 404.586208 126.570139 256.158154 136.682113 293.552380 346.417378 138.423264 296.966328 298.001678 122.494898 225.842866 455.411901 416.284758 325.676220 404.223948 306.323359 380.746635 55.470713 381.697524 467.757416 191.650724 502.319619 193.383040 215.675682 141.989436 449.090191 502.594270 377.955024 172.626765 468.030982 390.083324 314.579084 493.517983 402.854813 507.930113 518.046330 101.242284 472.217111 393.584807 271.016605 220.238507 245.489307 422.092407 377.196235 364.027471 223.886132 409.565624 347.012968 370.449727 512.884002 246.018292 314.841230 358.414564 185.310550 565.713709 559.801751 523.146251 368.972899 366.477830 8.485281 181.705806 209.162616 283.980633 381.221720 426.168981 480.767095 217.568380 292.487607 564.315515 346.561683 382.753184 307.058626 520.074033 263.600076 498.658200 350.237063 335.431066 492.878281 282.304800 418.273834 366.230802 431.570388 387.408054 480.392548 339.889688 234.068366 509.918621 326.153338 263.281218 411.351431 151.476071 448.264431 381.295161 478.206023 490.159158 415.502106 378.350367 245.018367 321.161953 533.273851 184.835062 379.064638 212.896689 186.903719 299.401069 453.689321 276.826661 185.067555 285.758639 220.984162 224.964442 314.039806 249.947995 437.402561 471.202716 
206.000000 2.000000 2.000000 a 175.034282 108.673824 199.062804 300.466304 123.761868 119.570063 332.031625 197.797877 255.634505 276.470613 206.155281 277.708480 265.216892 192.208220 274.116763 161.987654 138.452158 176.708800 156.626945 169.026625 314.396247 279.873186 338.670932 280.492424 323.817850 232.939906 115.801554 193.871091 268.419448 298.918049 73.437048 147.526269 132.698907 308.585482 81.400246 237.655212 103.754518 185.690603 335.477272 203.553433 207.038644 307.546744 312.947280 348.749194 121.016528 255.440795 170.293864 367.789342 31.240999 331.507164 248.515593 327.140643 186.217615 144.312162 269.118933 212.903734 136.894120 46.818800 261.222128 217.267117 183.806964 135.959553 125.936492 297.598723 389.647276 237.394187 206.014563 220.784963 64.660653 197.668915 287.513478 232.002155 120.149906 222.173356 305.378454 269.267525 158.145503 244.000000 181.339461 111.413644 83.240615 289.000000 163.150238 163.624570 131.095385 144.499135 279.517441 284.253408 191.023559 310.885831 164.222410 122.873919 355.461672 237.756178 186.850207 328.207252 108.452755 125.574679 202.074244 105.513032 232.398365 138.657852 207.954322 85.428333 221.020361 204.707108 200.242353 240.000000 216.393161 150.000000 200.302272 222.948425 247.072864 131.244047 192.501948 171.732350 195.478899 140.730238 182.537667 194.640695 
202.000000 4.000000 4.000000 a 345.046374 262.640439 373.148764 381.001312 181.011049 316.551734 458.328485 206.518764 330.037877 456.826006 125.801431 401.322813 446.813160 166.306945 383.262312 267.525700 325.135356 374.085552 137.003650 366.807852 495.395801 474.587189 430.167409 475.278866 521.674228 375.421097 226.000000 298.100654 426.357831 429.057106 155.270731 116.558998 92.048900 451.948006 212.084889 434.495109 284.431011 367.315940 529.917918 383.676947 383.631333 362.327200 510.617274 541.479455 224.216413 414.468334 326.915891 562.427773 228.547588 521.464284 408.511934 522.575353 118.139748 341.320963 459.735794 218.160491 152.453272 239.018828 282.603963 366.460093 303.323260 217.009216 322.964394 489.837728 467.838647 375.065328 254.031494 399.944996 262.528094 41.340053 483.993802 387.764104 291.496141 376.017287 494.313666 464.582608 342.414953 428.851956 350.910245 209.497017 276.479656 477.037734 338.496676 181.011049 326.741488 341.118748 477.325884 479.451770 378.428329 498.401445 306.615394 222.899080 537.275535 410.942818 52.810984 463.993534 101.192885 92.849340 391.760131 183.207533 430.261548 336.243959 218.213199 178.000000 394.684684 319.682655 91.678787 394.707487 278.028775 165.366260 12.041595 400.049997 278.741816 301.802916 340.230804 309.583591 152.085502 278.239106 25.019992 385.088302 
265.000000 4.000000 2.000000 a 381.776112 386.372877 380.368243 185.153990 450.089991 283.670584 80.056230 315.939868 206.816344 103.392456 404.101472 104.861814 111.758669 354.324710 136.213068 219.713450 331.483031 268.663358 359.380022 259.422435 103.464970 190.307646 161.505418 191.128229 273.905093 108.687626 425.191721 195.304890 61.032778 79.158070 402.776613 474.436508 391.817560 41.677332 395.297356 215.076730 227.008810 355.236541 200.810856 364.954792 376.463810 232.019396 281.641616 189.187737 259.617026 74.027022 161.276161 217.101359 305.014754 160.440020 81.006173 209.468375 394.275285 238.537209 342.982507 315.990506 336.752134 285.001754 287.417814 438.320659 457.170646 452.244403 246.840029 170.073514 200.561711 110.788086 264.915081 127.389168 289.884460 459.918471 298.760774 98.310732 209.289273 432.930710 147.166572 195.849432 183.564702 361.875669 149.083869 428.514877 257.031127 140.132081 366.349560 319.907799 292.369629 234.695547 245.601303 196.086716 336.154726 138.924440 177.417587 434.883893 120.004167 103.121288 444.212787 55.081757 426.820805 390.800461 328.420462 431.115994 244.321509 248.620192 311.295679 306.757233 389.666524 171.711968 426.929737 90.609050 241.867732 329.074460 479.475755 121.490740 274.767174 198.204440 143.961800 174.040225 370.871946 205.876176 459.967390 323.303263 
189.000000 3.000000 2.000000 a 277.315705 253.031619 287.236836 153.117602 296.951174 173.112680 158.902486 176.139150 127.200629 151.013244 252.438111 106.230881 144.267113 206.787330 110.113578 69.462220 223.664928 192.626582 202.566039 180.024998 187.211111 206.886442 178.103902 207.858125 286.183508 60.033324 281.256111 67.029844 106.103723 125.717938 244.818300 313.229947 228.989083 137.295302 248.243832 192.002604 83.486526 263.427409 252.733061 278.741816 288.294988 180.499307 284.142570 255.806568 98.183502 94.366308 18.027756 282.878066 154.638288 228.844926 88.684835 251.718096 239.507829 143.125819 297.321375 182.035711 178.002809 134.406101 183.787921 333.757397 330.720426 305.555232 138.697513 208.355465 232.280003 64.132675 136.970800 101.237345 151.604749 298.800937 279.508497 67.542579 61.294372 332.532705 201.764714 202.410474 83.934498 296.568710 50.803543 280.930596 119.281180 184.260685 261.084278 168.505193 187.256509 139.086304 241.207380 213.693706 252.287534 201.853908 14.212670 290.001724 227.758644 100.603181 283.323137 155.322246 263.827595 227.437904 252.295462 278.485188 209.380037 149.723078 176.204427 142.677959 303.771296 55.659680 270.495841 74.464757 124.036285 173.484870 316.689122 97.493590 166.973052 53.814496 20.396078 16.763055 221.731820 42.047592 297.047134 244.773365 
153.000000 3.000000 1.000000 a 163.624570 216.480946 148.013513 369.358904 314.542525 125.319591 317.944964 381.903129 352.852660 155.878158 430.360314 294.333145 147.085009 398.539835 315.901884 285.085952 136.853937 67.882251 375.832409 74.404301 171.432202 80.653580 377.486424 80.361682 80.721744 243.460469 268.477187 293.155249 220.791757 292.919784 297.793553 370.666966 370.552291 271.810596 255.280238 43.931765 182.660888 127.565669 121.412520 128.140548 139.359248 404.085387 69.641941 142.056327 284.177761 213.700725 208.753443 147.732867 213.283848 143.377125 209.251045 107.912001 412.059462 105.109467 84.148678 392.328944 350.408333 206.305599 408.148257 209.239098 256.719691 296.514755 122.155638 108.521887 429.884868 253.870045 356.202190 148.485690 178.921771 439.587306 53.009433 215.260308 192.379833 199.812412 131.673839 70.007142 144.124946 107.935166 178.868667 280.743655 171.898226 127.534309 153.805071 360.173569 117.592517 106.892469 41.231056 78.854296 104.479663 141.873183 234.616709 278.237309 194.486503 170.135240 427.571047 297.848955 346.831371 364.539435 90.022219 298.202951 17.464249 107.331263 386.249919 293.789040 147.959454 281.618536 433.941240 219.585974 348.206835 355.643080 443.717252 155.653461 391.127856 189.380569 226.152603 242.095023 408.707720 243.205674 425.772240 89.560036 
112.000000 9.000000 3.000000 a 278.188785 210.684598 301.303833 240.902470 192.002604 208.136974 305.373542 98.600203 190.412710 306.910410 109.480592 248.072570 297.741499 88.645361 233.019313 113.745330 238.018907 260.161488 55.731499 249.839949 345.144897 337.468517 287.088836 338.280948 398.045224 219.783985 205.805734 146.123236 271.073791 275.045451 133.660016 175.914752 63.976558 296.561967 173.908022 304.016447 143.669760 286.085652 391.081833 304.105245 308.585482 234.138848 389.997436 399.809955 68.680419 259.383885 172.887246 423.387529 121.004132 376.968168 253.602050 385.840641 90.824006 216.157350 362.006906 114.201576 33.376639 118.869677 171.058470 320.600998 281.824413 217.497126 199.323857 348.518292 331.308014 219.640616 122.588743 250.798724 152.069063 134.525091 370.623798 232.561820 144.422990 325.725344 349.356551 328.951364 198.977386 341.646016 199.444228 195.849432 149.602807 331.651926 265.699078 62.681736 222.315092 214.555354 351.511024 343.176340 288.444102 352.164734 151.211772 210.000000 386.870779 259.017374 119.402680 309.480209 121.490740 62.936476 297.516386 178.910592 307.143289 214.448129 110.113578 27.784888 323.047984 166.207701 114.546934 239.353295 141.152400 47.010637 151.700363 249.927990 159.840546 153.443801 184.805303 153.941547 93.005376 122.983739 132.098448 289.663598 
104.000000 6.000000 4.000000 a 119.016806 124.064499 126.506917 313.869400 209.859477 16.278821 299.828284 281.087175 283.593018 185.132385 318.022012 257.945731 173.141561 291.111662 269.001859 198.600101 65.734314 52.000000 264.140114 43.266615 218.387271 161.891939 336.689768 162.339151 198.040400 203.708125 171.020467 217.375252 211.293635 268.302069 183.806964 258.785626 254.049208 262.085864 149.345238 115.663304 86.330759 102.649890 216.695639 118.338498 127.581347 338.309030 187.216452 232.594067 183.534738 199.489348 146.102704 248.163253 95.718337 220.410980 192.753729 206.700266 299.040131 30.066593 155.206314 293.492760 239.653917 90.476516 321.846237 176.400113 189.907872 199.842438 22.671568 183.872238 391.173874 212.513529 265.962403 140.684043 61.294372 322.262316 163.370744 186.142419 105.118980 173.657709 197.185192 150.296374 88.204308 142.414887 131.400152 179.535512 61.032778 183.371208 102.800778 254.568262 26.907248 33.376639 154.207652 165.124196 93.230896 204.782812 162.077142 181.218101 255.548430 164.468842 310.536632 286.918107 230.555850 247.759964 96.540147 191.846293 106.887792 20.000000 287.563906 182.010989 143.122325 214.226516 318.849494 193.458006 264.393646 247.212459 326.075145 146.164291 305.137674 108.558740 170.531522 171.189953 299.376018 158.028478 308.146069 88.526832 
106.000000 5.000000 3.000000 a 235.567400 153.026142 264.092787 387.537095 68.468971 225.610283 439.501991 238.891189 337.733623 397.020151 194.733151 382.953000 385.768065 211.482860 373.225133 253.213349 223.002242 282.391572 170.660482 277.461709 434.939076 396.376084 431.973379 396.919387 430.698270 344.209239 112.787411 286.937275 385.240185 407.176866 52.497619 29.068884 116.103402 421.627798 102.883429 351.654660 223.486017 261.093853 451.807481 276.421779 275.118156 382.382008 417.915063 466.318561 205.922315 372.388238 284.803441 483.718927 150.376195 450.530798 365.629594 442.468078 177.628826 259.624729 356.679128 254.017716 168.359734 167.370846 315.990506 253.396922 190.042101 104.307238 241.679540 415.769167 478.257253 347.005764 270.601183 341.211078 179.387848 137.295302 387.671252 347.669383 237.892833 263.245133 424.858800 385.240185 278.691586 322.758424 299.908319 96.176920 203.273215 408.788454 230.783448 203.867604 232.690782 260.547500 389.179907 400.216192 274.854507 430.712201 273.045784 109.457754 475.943274 357.576565 136.014705 439.018223 27.802878 108.903627 289.352726 69.871310 341.883021 252.414342 251.340407 154.029218 285.077183 303.516062 170.000000 355.489803 289.318164 185.550532 122.016392 343.198193 306.365794 249.070271 304.532428 279.007168 204.628932 246.032518 113.000000 283.425475 
272.000000 7.000000 4.000000 a 398.278797 328.153927 421.626612 235.722294 290.547759 326.119610 333.766385 64.660653 188.854441 388.856014 42.720019 281.554613 381.943713 33.955854 255.548430 168.834238 358.201061 375.325192 67.446275 364.215595 424.671638 436.554693 285.847862 437.457426 505.676774 275.829658 315.792653 186.131674 333.754401 310.697602 237.474209 251.071703 114.621115 342.023391 286.895451 409.664497 250.000000 406.315149 486.834674 424.340665 428.914910 206.518764 499.432678 492.029471 150.233152 324.692162 252.121003 518.098446 241.132744 466.012875 320.663375 483.888417 53.907328 328.220962 479.718668 66.640828 87.091905 237.303603 122.409150 439.076303 395.021518 321.711050 312.808248 442.712096 314.305584 271.228686 116.811814 337.397392 271.149405 127.812362 483.674477 298.804284 243.460469 444.792086 438.630824 429.697568 297.934557 461.156156 284.522407 303.275452 264.200681 420.925171 385.975388 72.801099 340.777053 325.983128 458.864904 442.882603 408.060045 439.323343 224.142812 318.070747 464.521259 338.421335 115.870618 346.301891 203.403540 122.319254 416.529711 281.886502 417.164236 328.105166 70.327804 144.086779 443.383581 209.609160 77.162167 303.488056 141.523850 77.646635 157.664200 334.498132 123.975804 249.483466 253.160028 222.002252 28.160256 202.054448 146.249786 408.592707 
272.000000 6.000000 2.000000 a 102.068604 97.000000 114.947814 327.262891 183.308483 13.038405 320.755358 279.078842 293.751596 212.021225 308.131465 276.400072 200.022499 285.112259 285.112259 204.863369 48.826222 70.092796 255.274362 64.815122 245.589088 188.042548 353.101968 188.448932 218.634398 222.750982 143.753261 226.947130 234.785008 288.646843 160.206117 234.241329 239.820766 284.703354 122.772147 140.943251 94.868330 93.637599 242.396370 111.018017 118.473626 348.668897 206.651881 258.814605 183.635509 222.649949 162.274459 273.514168 80.653580 247.329739 215.779981 231.948270 288.683217 57.035077 162.806634 292.330293 231.864184 81.098705 325.729949 158.417171 165.075740 172.586210 45.354162 210.622886 407.450611 231.008658 269.118933 166.111408 47.518417 305.895407 179.568928 207.537948 116.038787 157.289542 224.350173 176.283862 110.168053 143.055933 151.818971 152.486065 62.241465 210.641876 85.912746 250.199920 23.086793 60.008333 176.479461 190.979056 90.448881 232.019396 174.642492 153.951291 282.842712 189.422807 294.961014 309.045304 208.942576 233.053642 98.127468 165.529454 129.189783 47.169906 286.555405 174.347354 134.078335 226.459709 306.218876 215.111599 270.098130 241.074677 307.717403 171.268795 309.363863 121.696343 187.323250 183.861361 291.988013 166.355042 290.373897 90.199778 
203.000000 9.000000 1.000000 a 225.470619 182.701943 242.156974 214.200840 214.161154 132.003788 242.002066 155.080624 173.277235 209.976189 204.416242 187.243157 200.204895 169.640797 184.092368 79.812280 175.308300 174.183811 149.966663 162.443836 248.509557 238.522536 249.647752 239.353295 302.694566 144.086779 203.066492 107.814656 185.367203 209.021530 160.900590 229.490741 159.665275 221.081433 169.056204 207.234167 46.486557 221.677694 291.809870 239.098306 246.400081 227.466481 295.989865 300.466304 57.035077 172.696265 84.344532 324.075608 77.420927 277.893865 166.138496 286.818758 187.448660 125.299641 281.028468 167.074834 123.943536 59.413803 197.699267 277.908258 261.428767 225.461748 111.112556 249.160591 301.683609 147.763324 141.039002 153.218798 87.982953 231.795168 280.446073 147.312593 45.276926 279.372511 250.331780 230.341051 99.639350 268.466013 104.201727 200.771014 66.490601 232.690782 210.190390 131.244047 147.512711 122.808794 255.890602 244.364482 217.366051 253.464001 73.979727 211.101871 290.387672 164.176734 217.276322 239.353295 181.218101 156.208194 222.611770 196.022958 213.600094 126.253713 161.111762 72.138755 261.946559 115.485930 213.600094 155.029030 143.178211 127.224212 245.203997 153.101274 181.430427 55.000000 104.004808 81.252692 180.360750 50.566788 225.534920 214.553024 
193.000000 7.000000 1.000000 a 82.200973 16.492423 109.635761 381.693594 110.602893 92.655275 391.429432 296.233016 341.539163 293.001706 300.043330 342.706872 281.001779 290.327401 346.413048 247.632793 68.883960 139.713994 253.396922 139.140217 326.675680 265.346943 413.879209 265.650146 282.481858 291.247318 64.621978 275.949271 310.942117 358.521966 108.632408 171.959298 221.009050 358.921997 54.405882 216.946998 153.951291 104.235311 318.127333 120.016666 119.854078 395.500948 268.212602 335.839247 213.328385 298.375602 227.635674 348.093378 92.617493 326.455204 291.358885 306.615394 280.030355 138.130373 200.062490 311.207326 235.053185 108.894444 356.910353 118.680243 93.813645 93.300589 125.195847 289.359638 467.231206 298.291803 300.665928 245.601303 85.586214 275.544915 235.104232 280.515597 176.005682 124.149104 304.384625 253.308113 186.343768 165.945774 224.521714 76.321688 118.511603 291.192376 74.672619 262.291822 91.760558 141.031911 245.348731 267.540651 118.406081 312.358768 232.699377 74.672619 363.671555 268.152941 268.001866 382.154419 162.689889 213.037555 133.416641 95.482983 199.922485 128.249756 306.132324 183.847763 131.468627 281.277443 289.110705 288.405964 308.025973 248.583990 269.764712 250.319795 342.001462 184.718705 252.715255 241.598841 292.605537 216.510970 255.409475 128.082005 
165.000000 1.000000 3.000000 a 101.237345 128.444541 102.303470 341.760150 222.910296 33.541020 319.864034 314.101894 313.600064 190.252464 349.748481 281.485346 178.538511 323.790055 294.869463 230.495119 54.083269 25.806976 296.141858 25.179357 219.911346 151.119158 361.964087 151.380316 173.948268 227.035240 179.203795 247.923375 227.589543 289.385556 204.384442 277.366184 283.769272 279.580042 162.929433 102.489024 118.359621 77.233412 203.541151 90.785461 101.138519 368.061136 161.616831 221.382023 216.520207 216.614866 173.066461 233.634330 124.482931 213.234613 210.237960 192.106741 330.588869 46.754679 122.331517 326.496554 271.919106 121.753850 354.153921 157.889202 183.534738 207.867746 51.264022 175.934647 416.400048 236.381048 298.492881 153.394915 90.249654 350.663657 134.461891 206.526027 136.014705 153.169840 192.665513 139.014388 110.390217 110.163515 154.207652 190.118384 94.005319 181.011049 86.034877 287.445647 24.207437 50.990195 133.003759 153.075145 63.513778 201.300770 191.407941 189.256440 254.017716 178.011236 339.477540 305.103261 253.917309 277.194877 64.513564 205.973299 86.284413 39.115214 320.563566 214.219514 116.180893 243.353652 349.463875 213.335417 296.287023 279.835666 352.881000 159.705980 337.379608 138.293167 196.603662 200.369658 331.789090 189.422807 335.451934 56.648036 
179.000000 8.000000 2.000000 a 83.600239 131.369707 77.369245 372.505034 230.800780 60.207973 346.659776 344.470608 345.028984 208.124962 376.940314 310.344969 196.865436 352.817233 324.819950 262.083956 51.623638 34.438351 323.882695 44.204072 234.394966 156.259400 391.532885 156.320184 162.289864 255.978515 183.504768 279.474507 252.620268 316.897460 219.893156 289.917230 308.326126 305.000000 172.817823 108.000000 149.896631 52.392748 204.570281 62.625873 73.817342 399.410816 148.054044 224.075880 247.267062 242.243679 203.744939 232.561820 149.452334 220.111335 236.135554 191.846293 357.531817 76.850504 93.941471 357.099426 300.166620 149.345238 385.648804 136.926988 173.738309 211.255769 82.873397 183.010929 445.880029 265.548489 329.875734 177.228666 116.297033 373.343006 116.103402 234.079046 167.630546 130.387883 202.484567 144.170038 139.807010 78.587531 183.357574 196.379734 124.326184 193.041446 71.007042 317.056777 45.891176 80.993827 126.846364 156.818366 33.970576 211.853723 222.748737 193.126901 265.377090 201.910871 362.856721 330.829261 271.576877 301.424949 32.893768 215.232433 84.528102 70.213959 351.199374 242.507732 87.965902 274.592425 375.000000 240.565999 327.881076 308.784715 373.664288 183.918460 368.897005 169.779268 226.876618 231.663549 360.227706 221.045244 356.886537 25.079872 
253.000000 5.000000 1.000000 a 275.426941 273.826587 277.800288 190.465220 338.053250 173.631794 144.589073 251.334439 182.274518 75.451971 327.519465 113.600176 69.318107 282.363241 135.723985 144.779142 223.235302 169.035499 276.682128 157.952525 111.803399 141.031911 196.786687 142.031687 225.887140 63.560994 312.200256 135.768185 53.758720 115.433964 292.745623 366.148877 298.502931 104.316825 282.511947 139.459672 115.732450 252.606413 181.201545 264.660159 275.670093 228.875512 227.035240 182.167505 171.405951 41.629317 63.031738 210.009524 193.372697 154.304893 34.885527 182.016483 314.006369 130.510536 261.021072 256.517056 251.549200 173.738309 251.033862 332.737133 346.023121 339.328749 136.165341 137.317151 249.707829 73.979727 209.468375 33.541020 176.918060 369.737745 230.540669 34.438351 100.424101 328.660919 127.769323 139.291062 71.168813 270.542048 38.327536 315.699224 144.222051 110.724884 259.493738 243.938517 183.883115 126.400158 184.545387 148.030402 236.027541 127.015747 89.498603 321.908372 152.793979 25.000000 354.564522 129.541499 321.161953 296.006757 231.224999 319.039183 163.719272 140.160622 250.798724 210.430511 290.036205 116.661905 344.308002 39.408121 193.217494 248.195487 385.538584 27.073973 234.887207 89.286057 61.741396 91.525953 297.195222 114.629839 365.815527 224.931101 
212.000000 8.000000 2.000000 a 242.923856 254.568262 241.373155 239.927072 330.442128 147.959454 187.323250 287.626494 230.008695 56.753854 356.602019 162.163498 45.221676 314.720511 185.162091 181.617730 193.582024 129.849913 303.606653 120.353646 94.339811 94.201911 245.220309 95.189285 177.180699 113.030969 298.202951 178.664490 90.520716 160.863296 291.595610 367.163451 317.590932 142.863571 271.773803 90.249654 119.707978 216.208233 140.035710 226.338242 237.760384 277.848880 177.766701 145.055162 199.248588 82.006097 96.566040 170.950285 190.685605 120.507261 77.103826 138.513537 341.397129 101.788997 214.149481 294.538622 277.713882 173.254149 295.435272 299.282475 321.278695 326.496554 113.159180 95.707889 297.472688 123.454445 250.193925 16.155494 166.721324 389.740940 181.298097 83.486526 112.698713 293.846899 92.849340 91.049437 62.169124 226.982378 63.158531 304.200592 137.927517 75.073298 227.668619 275.495916 154.987096 98.310732 135.148067 101.118742 197.496835 95.524866 125.355494 308.274229 135.565482 38.897301 375.217270 169.011834 327.012232 313.949040 190.601679 311.541330 115.602768 111.986606 288.617394 229.941297 251.286689 161.895028 369.718812 87.321246 236.349318 277.028879 402.412723 23.259407 278.890660 103.247276 104.938077 129.988461 328.385444 145.120639 382.838086 185.067555 
138.000000 6.000000 2.000000 a 463.907318 443.694715 470.315851 80.653580 480.035415 359.146210 64.498062 257.513106 129.065875 233.060078 351.005698 87.114867 237.143417 300.261553 83.216585 201.804361 410.234080 365.098617 321.311375 353.441650 244.462676 320.929899 31.384710 321.864878 407.707003 141.484982 469.835077 168.074388 156.588633 83.240615 424.040092 483.885317 369.001355 111.085553 436.092880 333.054050 274.116763 445.497475 341.256502 458.978213 469.527422 119.037809 412.801405 331.639865 249.098374 162.496154 201.457191 360.080547 343.087452 302.165518 166.868211 348.281495 348.037354 321.740579 457.919207 250.577333 306.080055 323.340378 198.635344 521.110353 521.415381 492.692602 322.386414 305.643583 56.885851 132.548104 205.506691 228.019736 342.312723 424.951762 423.075643 163.670401 251.962299 518.713794 285.224473 323.542887 258.118190 467.748864 214.282524 468.000000 309.854805 274.608813 447.639364 277.221933 371.963708 317.498031 372.839107 327.482824 430.837556 278.325349 195.897933 478.126552 264.068173 206.021844 409.480158 89.358827 430.405623 371.066032 427.369863 462.398097 359.469053 330.310460 248.116908 301.179349 484.430594 153.075145 381.295161 158.003165 180.601772 292.494444 450.521920 220.809873 193.002591 243.790894 176.232801 187.384631 317.157689 216.707176 432.842928 420.708926 
185.000000 5.000000 1.000000 a 158.700977 151.608047 167.107750 273.300201 225.144398 53.907328 261.725047 249.649755 243.741667 161.941347 295.447119 218.185701 150.096636 263.910970 228.527898 161.074517 104.995238 80.156098 240.875487 68.007353 198.176689 158.795466 296.298836 159.452187 211.549049 164.201096 193.000000 177.924141 176.465294 229.706334 189.362087 265.414770 238.817922 225.849507 166.207701 119.201510 50.039984 143.220110 214.336185 158.685223 168.107109 298.318622 203.393707 227.264163 151.400132 164.137138 105.550936 246.758992 90.426766 210.380607 157.203690 206.552657 277.319311 30.413813 187.771137 261.122577 215.390343 77.103826 285.159604 215.870331 223.432316 221.110832 18.788294 176.119278 350.770580 172.733899 230.097805 111.072049 61.983869 309.612661 185.809042 148.485690 66.098411 213.663287 184.707877 148.553021 51.546096 179.936100 92.784697 198.645413 39.623226 168.860889 142.425419 225.938045 67.268120 28.160256 165.218038 163.465593 132.834483 190.790461 121.803120 203.009852 237.924358 133.090195 296.664794 250.049995 229.923900 233.430932 134.480482 206.320140 120.540450 32.388269 255.096060 159.012578 183.611002 173.908022 300.176615 156.080108 226.770809 220.755521 317.039430 115.433964 268.287160 68.425142 130.115333 130.862523 273.760845 119.641130 298.216364 126.649122 
288.000000 9.000000 3.000000 a 333.430652 295.311700 346.953887 102.396289 318.025156 232.723011 159.354950 119.670381 61.611687 213.440858 208.031248 102.786186 208.722304 157.813181 85.023526 37.000000 281.016014 260.340162 166.688332 247.695377 246.333108 277.362579 142.635900 278.346906 357.945527 92.195445 313.459726 5.385165 150.446004 131.320219 260.768096 318.698917 207.894204 159.154013 279.100340 264.001894 137.557261 324.422564 320.777181 340.800528 349.482475 116.498927 356.113746 321.864878 83.952367 142.411376 90.005555 349.794225 189.760375 293.615395 139.230025 320.876923 199.489348 209.659247 366.715148 121.264174 146.986394 172.002907 112.294256 387.837595 374.037431 333.928136 202.081667 276.644176 191.880171 87.000000 71.281134 169.779268 198.494332 270.203627 351.199374 117.991525 117.630778 388.270524 267.441582 273.514168 154.573607 362.944899 122.331517 309.467284 170.891779 250.503493 317.573614 124.811858 247.824535 205.876176 313.159704 284.255167 315.900301 266.159726 63.953108 320.881598 284.285068 163.783394 254.401258 166.940109 265.188612 208.959326 317.724724 301.094669 281.026689 214.888343 116.103402 135.959553 365.126006 25.495098 232.723011 121.494856 53.450912 136.297469 293.073370 164.975756 95.707889 115.169440 78.587531 56.222771 174.484956 66.030296 274.366543 309.932251 
259.000000 3.000000 4.000000 a 130.698125 166.964068 132.517923 555.115303 217.186556 234.610315 549.155716 473.152195 517.704549 417.493713 465.279486 506.502715 406.306535 463.315227 515.050483 424.637492 183.673624 243.846263 424.189816 252.343021 442.232970 356.931366 583.065176 356.736598 327.299557 452.603579 177.890416 451.270429 458.680717 517.672677 257.390754 283.254303 382.969973 510.380250 204.599609 312.161817 322.490310 157.098695 395.641252 150.416090 138.751577 572.197518 310.272461 417.119887 391.900498 447.447204 392.439804 417.202589 271.007380 420.214231 440.922896 381.344988 445.737591 275.610232 213.396345 488.373832 408.770107 286.015734 535.510971 73.430239 97.293371 181.223619 271.906234 384.783056 637.300557 461.069409 479.296359 384.662189 257.856549 422.094776 272.090059 435.440007 344.483672 79.120162 406.773893 345.583564 337.551478 174.025860 380.711177 192.675894 287.085353 399.592292 146.727639 438.360582 222.712820 279.737377 312.443595 355.624802 178.036513 416.688133 403.112887 178.058979 470.106371 409.298180 418.896169 535.627669 304.507800 374.723898 189.190380 217.807254 284.073934 266.062023 483.497673 360.955676 128.891427 453.982379 447.930798 442.661270 486.272557 423.500885 407.276319 391.000000 520.632308 351.206492 417.528442 412.292372 463.341127 390.755678 398.287585 192.333044 
144.000000 1.000000 3.000000 a 347.800230 403.450121 328.000000 428.805317 500.120985 305.655034 334.181089 507.631756 434.632028 185.348321 576.071176 343.097654 189.256440 535.075696 373.687035 401.150844 324.007716 251.563113 522.427028 254.188906 158.533908 136.488095 414.077287 135.771867 118.827606 312.501200 455.266955 394.045683 260.278697 325.677755 477.896432 552.783864 530.755122 290.084470 440.095444 178.600112 329.959088 311.122163 81.835200 307.610143 317.516929 473.469112 135.830777 76.157731 419.147945 262.937255 316.205629 49.648766 384.294158 104.694795 263.655078 88.459030 560.200857 271.447969 232.484408 513.904660 496.380902 372.110199 508.178118 386.337935 441.480464 483.504912 289.748167 125.095963 454.925269 321.375170 467.713588 230.763949 352.018465 602.588583 174.269906 282.469467 329.013678 375.202612 130.545011 146.454771 274.007299 272.767300 283.241946 467.004283 334.551939 147.732867 339.629210 495.807422 301.171048 271.060879 146.013698 131.552271 288.499567 132.196823 344.802842 465.123639 134.629120 234.200769 588.891331 309.195731 523.197859 526.103602 272.800293 483.140766 191.062817 278.028775 508.067909 445.407678 321.906819 374.209834 587.218017 281.186771 451.313638 496.743395 611.657584 234.401365 492.411413 320.975077 320.001562 348.462337 548.548995 365.531120 592.616233 274.184245 
Type de surveillance de chaque endroit(target):tab[nombre de target]
a a a a a a a a a a a a a a a a a a a a a a a a a a a a a a a a a a a a a a a a a a a a a a a a a a a a a a a a a a a a a a a a a a a a a a a a a a a a a a a a a a a a a a a a a a a a a a a a a a a a a a a a a a a a a a a a a a a a a a a a 