Nombre des capteurs:
20
Nombre des targets:
70
Nombre de type de surveillance:
1

Caracteristiques:
211.000000 8.000000 4.000000 a 310.438400 450.362077 259.699827 242.538657 118.680243 364.226578 111.803399 332.415403 195.310010 376.538179 216.113396 316.835920 47.507894 146.741269 171.128607 412.059462 281.396517 346.013006 249.775900 396.157797 268.486499 63.134776 295.489425 208.614477 448.091509 127.632284 184.000000 433.626567 115.974135 118.966382 261.191501 205.039021 431.223840 216.566387 431.045241 175.641681 308.876998 99.859902 155.364089 367.306412 356.407071 314.111445 490.180579 133.003759 213.002347 163.835283 210.850658 169.198109 95.084173 187.181730 379.084423 279.206017 261.047888 454.120028 303.679107 270.024073 82.807005 145.096520 323.482612 171.011696 113.282832 125.035995 424.905872 406.253615 93.021503 196.254936 44.944410 307.175845 367.164813 290.244724 
134.000000 1.000000 2.000000 a 321.210212 459.436612 275.506806 255.947260 150.029997 364.275994 71.386273 349.914275 166.883193 388.814866 253.047426 342.217767 72.006944 133.689940 132.834483 415.337212 258.062008 359.334106 241.346224 385.129848 255.548430 25.495098 323.706657 185.440017 436.176570 154.434452 222.036033 428.042054 128.444541 144.682411 297.672639 201.734975 420.601950 185.270073 441.075957 128.817701 327.617155 122.376468 197.408207 337.653669 364.200494 320.315469 481.062366 88.192970 228.600087 179.627392 196.412831 123.482792 72.449983 222.182358 361.072015 290.227497 298.050331 444.356839 324.833804 258.791422 97.082439 154.547727 348.104869 174.450566 87.595662 100.568385 415.943506 393.103040 94.302704 168.023808 14.422205 335.232755 350.853246 279.546061 
110.000000 3.000000 5.000000 a 231.870654 370.645383 186.214930 166.412139 82.855296 279.873186 95.603347 260.775766 132.098448 299.347624 186.453748 256.976653 43.416587 68.183576 132.548104 328.933124 206.475180 269.786953 165.275528 311.809237 185.539753 75.432089 241.250907 136.499084 363.881849 78.447435 160.124951 348.539811 40.024992 68.622154 228.160032 119.954158 346.701601 156.540730 352.022727 178.263849 238.882816 46.518813 150.073315 298.492881 275.670093 232.280003 405.306057 125.419297 139.463257 91.093359 129.869165 190.168346 50.566788 153.443801 298.055364 200.808366 229.612717 369.384623 237.084373 186.303516 19.104973 65.000000 262.246068 87.045965 63.411355 68.014704 340.066170 322.567822 9.000000 132.619757 75.179785 252.446034 285.170125 206.189233 
106.000000 5.000000 2.000000 a 335.335653 475.078941 285.394464 267.800299 145.206749 386.534604 111.830228 358.432699 204.479828 401.807168 241.530536 343.402097 72.945185 163.232962 173.173324 435.353879 293.819673 371.431016 268.882874 414.628750 285.854858 64.280635 322.024844 220.839308 466.274597 154.155765 209.193690 454.209203 140.356688 145.413204 286.630424 225.763150 449.911102 224.002232 455.940786 164.657220 335.017910 125.896783 178.907797 376.132955 380.741382 338.000000 509.530176 127.953116 238.562361 189.251156 227.305961 153.003268 106.099010 213.122031 394.442645 304.095380 286.342452 473.177557 330.043936 288.105883 107.056060 169.070991 350.035712 193.610434 123.178732 135.793962 444.235298 423.858467 113.811247 205.548048 47.010637 333.713949 383.301448 308.609786 
218.000000 5.000000 1.000000 a 190.685605 330.619116 141.155942 123.004065 51.884487 248.696602 141.566239 215.111599 153.808322 257.001946 145.120639 208.786973 72.249567 82.328610 169.198109 294.006803 210.344955 226.684803 149.482440 293.073370 175.025712 123.357205 193.093242 148.717854 345.162281 38.897301 122.788436 322.622070 9.848858 31.906112 184.396312 100.498756 326.718533 178.751224 311.295679 224.243172 192.509740 25.709920 123.308556 306.543635 236.907155 195.256242 382.648664 171.303824 94.154129 44.777226 128.316016 238.018907 95.351980 112.160599 289.001730 159.452187 186.324985 347.979884 189.736660 173.141561 38.470768 29.120440 214.158820 60.016664 103.730420 103.754518 318.201194 306.276019 48.166378 153.912313 121.148669 204.244951 274.220714 190.947637 
173.000000 5.000000 2.000000 a 262.488095 237.002110 309.483441 304.021381 422.895968 171.233758 408.573127 306.052283 307.092820 261.306334 451.279293 369.384623 439.150316 333.216146 361.653149 181.320159 214.830165 272.354548 231.905153 89.000000 210.924157 439.802228 390.898964 282.063823 41.785165 404.694947 454.990110 99.639350 378.113740 404.738187 456.711068 280.251673 61.983869 299.200602 243.244733 441.354733 317.416131 406.078810 481.001039 190.078931 228.530086 233.122286 61.392182 417.968898 327.441598 353.884162 269.091063 479.153420 392.230799 434.180838 106.606754 275.746260 461.573396 55.973208 335.679907 209.888065 405.034566 351.489687 363.600055 320.413795 377.524834 364.540807 77.077883 74.148500 387.537095 305.712283 452.482044 390.928382 114.061387 190.394328 
257.000000 8.000000 4.000000 a 220.422322 175.385290 273.016483 271.737005 401.403787 129.139460 414.016908 257.561643 316.834342 207.646334 416.058890 321.976707 428.477537 329.461682 374.076195 124.823876 230.672929 222.991031 222.427516 79.931220 208.434642 439.344967 346.005780 288.918674 40.792156 383.207516 423.738127 47.518417 363.296023 384.766163 416.260736 267.239593 45.607017 313.829572 183.221178 457.423218 272.038600 389.597228 453.471058 230.893915 179.977776 194.092761 18.681542 427.551167 298.429221 331.789090 267.402319 493.690186 391.092061 402.657423 130.188325 239.002092 421.222032 21.095023 290.477194 204.413796 393.005089 334.928351 315.412428 304.776968 378.403224 365.715737 47.169906 79.924965 378.799419 315.420354 450.015555 344.646195 128.701204 183.619171 
256.000000 7.000000 4.000000 a 232.757384 321.686182 236.862830 216.815590 266.475140 201.486972 191.039263 287.471738 88.600226 284.740232 339.607126 327.739226 249.969998 139.903538 139.086304 256.134730 14.000000 270.223981 102.215459 163.783394 77.491935 229.455878 332.243886 72.027772 205.548048 251.097591 327.566787 223.651515 208.081715 246.237690 365.935787 132.653684 196.229458 76.321688 312.006410 218.160491 280.415763 236.592477 337.001484 91.706052 242.985596 207.369236 256.750852 196.412831 219.221349 212.758079 88.192970 255.828067 185.873613 310.909955 116.931604 218.247566 369.640366 220.800815 292.261869 87.595662 222.991031 192.314846 327.226221 166.532279 168.442869 155.929471 198.768710 162.265215 198.979898 87.361319 244.965304 338.940998 113.569362 95.634722 
210.000000 1.000000 5.000000 a 360.456655 500.136981 310.633224 293.001706 169.516961 410.621480 123.065023 383.646973 220.791757 427.001171 263.711964 368.048910 98.183502 184.699756 184.390889 459.882594 311.905434 396.648459 291.384626 436.513459 307.275121 79.429214 346.273014 239.175668 487.923150 179.011173 231.147139 477.331122 165.423698 170.393662 308.768522 249.238841 471.895115 238.838858 481.049893 163.783394 360.199944 151.092687 199.040197 391.230111 405.690769 362.801599 531.879686 134.123078 263.797271 214.478437 248.364651 146.386475 125.251746 236.135554 414.306650 329.218772 308.274229 495.372587 355.105618 309.958062 132.136293 194.000000 374.769262 218.013761 141.209065 154.120083 466.621903 445.179739 137.767921 221.939181 64.845971 357.972066 403.714008 330.588869 
182.000000 1.000000 5.000000 a 377.127299 409.547311 401.543273 385.800467 455.543631 306.493067 361.088632 431.510139 267.800299 406.322532 522.187706 485.126788 437.017162 328.636577 300.426364 343.517103 194.064422 404.338967 273.906918 218.247566 243.905719 406.148987 496.991952 259.563094 215.956014 439.751066 513.416985 271.641308 397.508490 435.295302 543.332311 315.734065 224.902201 246.519776 409.224877 355.326610 432.758593 426.057508 525.517840 97.800818 364.901357 346.226804 256.780062 355.928364 396.137602 398.548617 276.342179 393.544153 367.967390 495.564325 162.289864 374.476969 547.489726 238.096619 448.361461 251.001992 411.830062 380.678342 482.248898 353.239296 349.656975 338.255820 239.081576 199.722307 387.220867 266.925083 423.382806 501.278366 179.201004 244.264201 
267.000000 6.000000 4.000000 a 268.784300 271.516114 308.079535 298.573274 404.242501 183.504768 368.875318 318.190195 266.242371 281.485346 445.371755 378.671361 411.013382 301.652118 318.025156 208.806130 172.722321 286.625191 209.009569 90.000000 183.461168 403.837839 396.727866 243.920069 72.422372 386.374171 445.000000 131.061054 354.509520 385.063631 456.344168 258.000000 84.219950 255.264569 274.045617 394.665681 325.508832 383.334058 467.017130 134.629120 243.657547 237.674147 114.070154 375.421097 318.026728 337.249166 237.918053 433.046187 357.463285 424.796422 69.584481 275.878596 461.026030 94.371606 343.080166 185.024323 378.565714 330.006061 373.973261 299.001672 341.525987 328.562018 99.859902 69.404611 358.719946 264.916968 417.824126 398.421887 84.005952 168.240899 
269.000000 3.000000 1.000000 a 127.663621 253.148178 112.720894 90.801982 158.154987 149.241415 181.466250 175.641681 118.067777 192.854868 213.862105 204.462711 175.045708 85.445889 167.705098 202.002475 119.004202 169.070991 37.336309 180.235956 66.098411 193.752419 205.455591 92.574294 232.422030 140.356688 205.936884 214.723077 111.085553 139.000000 237.648901 13.892444 214.410821 135.148067 237.153958 249.238841 162.594588 138.917242 222.800359 214.149481 158.959114 114.490174 271.935654 204.088216 90.509668 92.649879 51.419841 277.319311 146.754898 187.459329 177.721693 103.237590 241.478778 236.425464 171.093542 61.814238 139.645981 84.480767 205.302216 53.338541 138.956828 128.280942 206.864690 193.018134 126.051577 117.106789 201.419959 213.009389 162.111073 78.025637 
201.000000 4.000000 1.000000 a 155.331903 88.238314 212.960090 218.048160 356.977590 80.280757 406.684153 180.709712 320.390387 125.399362 352.563469 244.844849 398.151981 313.427823 378.154730 43.046487 249.839949 146.277134 208.038458 112.361025 206.021844 422.859315 271.532687 290.523665 113.534136 339.449554 365.321776 53.851648 329.778714 343.069964 346.036125 242.662317 100.846418 324.260698 95.268043 463.389685 199.000000 352.601758 399.321925 281.215220 107.563934 136.857590 99.644368 425.471503 247.923375 289.471933 259.017374 496.459465 375.527629 344.419802 175.410946 180.886705 351.035611 93.600214 217.036863 198.436388 362.111861 300.374766 237.446836 273.402633 366.230802 354.572983 86.330759 127.475488 353.135951 319.023510 430.376579 268.464150 165.027270 179.493732 
242.000000 4.000000 1.000000 a 308.638948 394.000000 310.228948 289.318164 318.987461 274.089401 201.201392 363.188656 116.361506 360.284610 402.568007 401.707605 286.225436 185.733680 140.003571 327.220109 89.498603 346.174811 176.776695 222.407284 153.378617 247.588368 404.499691 119.473847 254.911749 305.738450 386.846223 285.043856 259.082998 299.260756 432.528612 200.412075 250.319795 92.114060 385.468546 197.585425 355.472924 285.408479 390.548332 79.322128 318.276609 283.301959 306.804498 195.028203 288.402497 274.488615 151.855194 236.393739 213.215853 372.055103 164.283292 293.342803 435.908247 273.534276 366.721966 163.514525 266.129668 249.569630 401.598058 228.405341 194.794764 184.694342 256.462473 215.406592 240.260276 115.870618 265.318676 411.768139 168.237927 171.020467 
110.000000 4.000000 4.000000 a 223.463644 363.452886 170.856665 154.870914 37.643060 285.077183 139.713994 242.981481 175.276924 288.425034 142.874070 228.659135 43.965896 106.230881 179.401784 329.334177 241.238471 257.614052 185.558616 329.874218 210.192769 109.553640 209.059800 175.328264 381.997382 39.623226 114.769334 359.538593 39.115214 30.083218 186.131674 136.780847 363.628932 200.142449 343.726636 221.382023 219.346757 11.661904 103.276328 336.122002 270.839436 230.204257 419.648663 169.168555 124.651514 76.485293 160.380797 229.172424 96.566040 110.421918 324.260698 192.416216 187.109594 384.958439 214.217180 208.865986 27.802878 66.098411 234.974467 96.772930 110.258786 114.551299 355.185867 342.838154 53.075418 175.635987 102.176318 220.637712 309.854805 227.125516 
281.000000 4.000000 4.000000 a 49.497475 116.275535 85.146932 104.216122 235.493100 118.460964 346.840021 21.023796 294.006803 38.897301 201.467119 85.000000 297.598723 252.073402 342.895028 116.965807 268.167858 15.264338 183.635509 211.813597 204.120063 344.615728 112.000000 267.226496 246.008130 221.070125 220.476756 191.128229 231.948270 228.037278 188.289670 183.883115 226.503863 309.523828 95.257546 421.658630 43.462628 245.051015 258.990347 343.080166 59.059292 75.153177 253.568531 373.020107 132.075736 181.471761 226.079632 446.078468 304.586605 200.960195 257.108926 74.148500 193.256306 233.856794 59.439044 193.961336 264.622372 205.730406 77.878110 191.324332 302.881165 294.923719 210.705956 232.422030 266.602701 293.001706 345.731109 108.558740 239.708156 188.308258 
193.000000 7.000000 1.000000 a 223.573254 118.848643 281.788928 288.360885 427.983645 151.604749 475.269397 241.099564 385.612500 182.274518 418.571380 303.133634 469.665839 383.275358 443.614698 109.444050 308.585482 208.173005 276.682128 159.380049 271.602651 493.170356 331.730312 356.068814 136.003676 410.571553 433.240118 97.575612 401.329042 414.366987 408.377277 313.359219 133.660016 387.249274 135.635541 528.674758 261.919835 424.128518 468.351364 323.729826 174.324410 207.530721 94.371606 492.886397 318.554548 360.833757 326.914362 562.818799 445.558077 412.536059 219.317122 250.697028 413.348521 114.070154 279.202436 264.877330 433.619649 371.927412 295.042370 344.818793 435.635168 423.727507 125.419297 167.693172 424.332417 384.219989 501.123737 327.184963 213.506440 245.000000 
214.000000 9.000000 5.000000 a 261.558789 216.002315 312.705932 310.006452 435.855481 169.705627 434.885042 300.128306 334.802927 250.599282 455.686296 364.453015 458.024017 355.128146 390.643060 167.720005 244.321509 265.631323 250.353750 103.817147 232.551070 463.608671 388.063139 308.449348 51.894123 417.608668 462.053027 89.560036 394.640343 418.516427 457.388238 297.270920 69.375788 328.782603 225.000000 471.920544 314.085975 421.797345 490.474260 226.850171 222.407284 234.232790 31.144823 446.010090 335.596484 366.285408 291.611042 509.235702 415.588739 441.028344 137.244308 278.648524 462.329969 50.000000 332.520676 230.078248 423.114642 366.979563 357.997207 336.267750 401.748678 388.850871 79.309520 95.189285 407.237032 333.402160 475.395625 386.959946 141.354165 209.697401 
189.000000 1.000000 3.000000 a 145.120639 254.892134 98.488578 111.503363 140.616500 236.907155 304.637489 119.816526 295.624762 179.234483 64.070274 68.883960 217.938065 230.106497 326.038341 253.505424 313.968151 151.753089 225.219893 320.357613 254.678228 283.044166 39.824616 278.567766 364.573724 135.299667 90.686272 318.044022 172.539850 145.220522 50.803543 193.041446 344.188902 318.290748 234.008547 387.218285 98.005102 168.107109 131.795296 406.863614 189.023808 173.002890 382.890324 334.320206 105.118980 129.653384 241.813978 400.604543 258.381501 76.661594 347.541364 130.919823 55.731499 357.246414 81.024688 246.756965 196.002551 161.012422 77.620873 169.955877 265.346943 263.153947 330.080293 339.649820 211.255769 295.194851 276.875423 51.039201 329.620994 253.239018 
230.000000 6.000000 2.000000 a 154.557433 280.431810 98.183502 101.434708 93.941471 242.167298 260.461130 145.437272 259.880742 202.595656 46.097722 108.724422 171.292148 191.470624 285.616876 268.262931 289.254213 172.409396 204.430917 317.290088 234.446156 237.018987 83.773504 245.837345 364.880802 89.005618 56.462377 324.154284 128.786645 99.000000 69.202601 165.423698 344.583807 283.536594 259.422435 343.211305 120.933866 122.016392 95.131488 384.793451 203.002463 177.228666 389.082254 290.258505 82.764727 91.268834 212.136748 355.268912 214.357179 36.891733 336.275185 132.060592 72.346389 360.312364 108.004630 227.774011 150.269757 121.198185 116.606175 135.723985 222.524156 221.382023 331.730312 335.359509 166.904164 259.599692 230.425693 95.462034 318.788331 237.693079 
Type de surveillance de chaque endroit(target):tab[nombre de target]
a a a a a a a a a a a a a a a a a a a a a a a a a a a a a a a a a a a a a a a a a a a a a a a a a a a a a a a a a a a a a a a a a a a a a a 