Nombre des capteurs:
30
Nombre des targets:
120
Nombre de type de surveillance:
1

Caracteristiques:
203.000000 4.000000 3.000000 a 473.032768 513.089661 302.337560 293.462093 181.107703 329.660431 394.077404 250.744890 58.137767 423.548108 467.124180 454.318170 308.585482 523.772852 301.400066 479.009394 502.189207 307.416655 497.096570 321.309819 382.487908 227.782791 71.400280 251.644591 434.897689 470.422151 531.416974 268.128700 362.415507 423.869084 338.303119 260.123048 376.247259 360.334567 261.658174 284.344861 550.040908 299.081929 300.507903 174.794165 312.616378 376.830200 131.745968 369.415755 179.234483 350.138544 325.926372 130.667517 280.321244 405.720347 385.861374 123.907223 356.552941 341.457172 267.239593 397.200201 470.255250 281.312993 294.944062 492.305799 313.344858 80.721744 266.377552 513.351731 350.652249 271.035053 352.404597 431.625996 403.112887 346.770818 61.131007 314.416921 113.145923 166.183633 241.049787 402.657423 34.176015 139.230025 195.412384 470.345618 433.401661 235.637433 314.682380 422.184794 445.896849 344.075573 393.103040 142.800560 294.864376 115.741090 226.861191 373.012064 120.904921 493.413620 533.670310 438.945327 420.415271 377.033155 222.193609 10.630146 478.448534 406.036944 401.299140 206.196508 518.811141 81.743501 391.771617 161.595173 345.939301 364.424203 376.191441 87.982953 150.986754 274.612454 475.194697 192.852275 440.236300 204.892655 136.488095 6.082763 
240.000000 7.000000 1.000000 a 247.163913 409.180889 57.567352 432.539016 163.884105 233.310951 303.712035 368.126337 335.276006 256.322063 229.270583 276.016304 134.331679 370.345784 272.058817 411.130150 417.468562 183.698122 281.902465 342.242604 230.184708 134.629120 234.478144 206.206207 286.555405 330.504160 395.132889 296.730517 428.598880 212.143819 146.536685 335.335653 184.878338 475.681616 237.185581 82.377181 391.000000 422.965720 419.314917 388.542147 203.570627 433.586208 280.251673 114.725760 134.629120 183.393021 271.090391 216.092573 225.144398 347.541364 135.856542 178.619708 347.332694 242.423184 116.846053 227.125516 514.884453 382.660424 440.511067 426.550114 395.409914 349.757059 89.805345 323.790055 422.271240 60.876925 271.670757 338.155290 401.808412 102.313244 239.401337 60.299254 239.207023 178.025279 419.686788 244.632377 265.092437 173.000000 153.792067 265.452444 305.137674 255.196003 208.031248 402.504658 179.047480 105.042848 473.565201 376.820912 154.870914 311.207326 299.172191 411.596890 333.946103 363.655056 371.001348 300.268213 200.112468 420.042855 302.476445 293.286549 451.558413 418.549878 476.525970 264.781042 330.752173 268.007463 380.479960 248.887525 70.936591 145.000000 192.629177 243.008230 176.377436 66.528190 454.215808 177.002825 164.201096 145.619367 342.667477 296.622656 
190.000000 5.000000 2.000000 a 165.653252 256.035154 103.773792 316.362134 128.222463 73.817342 144.222051 255.538647 318.190195 121.078487 163.682620 149.833241 26.907248 233.805475 124.036285 252.033728 260.654944 25.612497 188.095720 197.091349 83.198558 84.723078 238.597988 83.294658 142.579802 185.558616 251.914668 165.420676 286.150310 116.017240 40.000000 212.793327 67.801180 344.479317 105.223572 78.771822 258.240198 301.988410 296.863605 318.251473 45.254834 287.923601 221.652882 105.948101 144.027775 41.617304 115.364639 181.474516 82.565126 187.472665 108.664622 197.266317 193.331322 82.365041 56.320511 91.678787 361.487206 259.788375 325.848124 267.529438 262.640439 322.931881 79.511006 208.031248 282.209142 105.513032 111.830228 180.205438 245.538184 89.894382 266.443240 106.042444 204.247399 142.835570 324.024690 102.489024 278.368461 175.071414 114.477072 161.443489 154.012986 138.014492 49.517674 243.805250 165.302753 84.077345 331.187258 321.006230 14.212670 259.624729 188.066478 263.068432 281.156540 216.453228 239.401337 152.839785 115.004348 271.906234 194.002577 308.561177 291.605898 263.759360 332.415403 164.347193 214.084096 241.447717 223.731983 178.084250 124.631457 72.027772 67.178866 224.200803 158.902486 97.800818 294.477503 117.290238 171.420536 106.018866 282.733090 304.059205 
216.000000 1.000000 4.000000 a 248.744849 219.938628 217.039167 201.062179 151.082759 67.364679 103.600193 146.154028 279.331344 166.784292 256.859884 196.063765 147.353317 240.482848 8.246211 188.403822 209.618701 97.308787 256.470271 75.802375 132.003788 142.705991 235.372046 65.795137 162.289864 187.395304 242.260191 51.195703 164.514437 204.550727 159.088026 99.849887 164.438438 222.946182 37.483330 186.810064 266.737699 184.694342 179.011173 235.849528 80.777472 167.430583 169.743925 227.477471 189.190380 135.340312 35.355339 169.056204 42.449971 113.951744 227.484065 220.056811 83.258633 72.532751 150.655236 153.759553 247.858831 143.125819 211.021326 202.674616 141.481448 275.408787 177.721693 250.063992 160.178026 206.867107 66.068147 139.186925 139.204885 211.981131 272.904745 222.423020 180.886705 154.262763 221.461058 147.054412 271.562148 196.206524 146.996599 228.063588 150.814456 58.180753 77.878110 147.220922 278.341517 206.169833 209.695017 250.059993 119.570063 203.494472 91.586025 144.277510 219.317122 204.804785 253.207425 160.240444 211.009478 152.839785 98.792712 296.986532 203.039405 153.323188 211.454487 91.021975 253.663162 212.207446 119.870764 132.003788 245.283509 189.010582 157.079598 207.183494 174.140748 200.942778 202.829978 128.413395 288.419833 147.054412 214.394496 287.271648 
238.000000 8.000000 2.000000 a 302.324329 204.355083 297.469326 153.101274 221.720545 133.701159 121.807225 119.553335 306.757233 213.009389 315.063486 237.118114 226.108381 251.829307 76.694198 155.595630 183.831445 174.484956 301.802916 12.649111 188.247178 221.054292 287.085353 144.031247 196.305884 204.834079 242.495361 68.359345 87.664132 264.357712 234.412030 81.633327 231.521057 154.728795 113.159180 267.379880 275.980072 133.454112 126.826653 231.458420 155.913438 87.982953 202.230067 303.295236 261.963738 205.565075 88.022724 224.396970 123.044707 95.441081 300.847137 283.853836 29.832868 132.563192 231.250946 209.876154 168.107109 99.984999 163.193137 166.207701 81.024688 297.112773 258.257623 281.584801 86.122006 287.367361 109.036691 140.003571 70.000000 289.499568 326.185530 302.552475 229.002183 221.081433 194.023194 197.365144 318.509027 261.467015 220.513038 275.181758 174.633903 111.825757 152.200526 88.769364 346.733327 283.668821 131.946959 255.248898 199.010050 227.059464 107.079410 63.702433 236.088966 209.754619 267.439713 187.757823 273.585453 72.346389 112.294256 339.607126 144.682411 77.884530 132.593363 131.061054 283.381368 252.669745 58.523500 177.011299 324.336245 262.268946 222.800359 255.031371 239.701898 281.517317 141.598023 199.077874 359.343846 222.353322 226.294056 327.684299 
108.000000 2.000000 2.000000 a 370.885427 302.034766 311.724237 82.969874 196.824795 189.525724 208.540164 24.351591 220.054539 287.236836 378.910280 315.291928 255.219513 344.746284 125.514939 253.001976 281.584801 211.945748 377.413566 86.278618 254.017716 217.313138 224.521714 154.120083 278.172608 294.837243 338.289817 71.253070 106.531685 326.571585 273.380687 22.360680 285.043856 126.574089 128.565159 280.471032 369.801298 71.119618 67.416615 133.809566 199.040197 120.503112 128.097619 338.892313 236.890270 255.007843 151.921032 173.556907 152.472948 191.846293 342.381366 238.924674 127.349912 194.363062 243.082291 275.862284 214.401493 31.827661 92.195445 262.931550 57.974132 207.171427 266.129668 366.084690 95.126232 292.588448 181.837840 233.805475 157.581725 320.390387 262.923943 319.953122 168.077363 188.862384 101.237345 268.262931 248.298208 221.226129 202.252318 349.252058 261.176186 99.020200 197.000000 181.648011 396.852617 314.820584 142.077444 159.210552 226.920691 142.126704 53.009433 118.228592 145.910932 304.014802 359.555281 272.882759 332.543230 121.334249 50.931326 263.918548 233.420222 155.080624 149.000000 88.729927 368.875318 180.427271 153.169840 122.331517 347.864916 304.901623 278.258872 190.685605 202.566039 288.901367 228.372503 178.044938 404.855530 208.434642 133.929086 250.449596 
202.000000 6.000000 4.000000 a 157.457931 171.002924 188.448932 290.167193 190.706581 31.890437 58.137767 238.662942 357.598937 73.539105 168.297356 103.353761 111.427106 162.889533 89.022469 165.496224 173.968388 68.029405 163.217646 149.656273 41.109610 158.398232 295.237193 109.553640 74.411021 110.072703 174.255559 144.249783 234.047004 117.098249 104.403065 192.106741 87.321246 301.797946 106.526992 165.423698 189.029098 272.413289 266.270539 327.536258 52.952809 231.482181 250.379712 169.070991 217.706224 67.941151 63.285069 230.670761 82.758685 105.118980 161.604455 264.367169 130.034611 21.633308 140.911320 63.031738 291.508147 232.348876 300.308175 180.953033 224.142812 357.106427 165.921668 159.402008 233.379519 192.346042 38.600518 93.391648 173.899396 161.335055 328.566584 188.767052 248.887525 201.161627 314.560010 53.851648 334.414414 240.353906 180.080538 134.892550 74.000000 142.056327 49.477268 166.352036 201.109423 155.862119 276.739950 339.206427 95.885348 286.923335 183.839604 204.022058 305.163890 136.821051 172.513768 77.897368 126.372465 212.906083 190.979056 362.891168 209.021530 194.311605 275.797027 175.801024 163.670401 284.431011 152.013157 207.966343 200.800896 124.739729 77.826731 273.206881 220.422322 184.621234 212.868504 172.409396 215.557417 174.642492 302.248242 355.584027 
259.000000 8.000000 4.000000 a 266.007519 435.643203 85.088190 458.449561 187.552659 261.725047 331.621773 394.062178 350.365523 281.305883 246.675901 299.668150 162.348391 394.383063 300.562805 438.846215 444.623436 212.143819 301.378500 370.534749 256.727482 161.471360 249.242853 234.232790 312.217873 355.984550 420.023809 324.445681 456.610337 234.053413 173.080906 362.270617 209.938086 502.773309 265.279098 110.941426 414.348887 449.348417 445.839657 409.923164 232.045254 461.784582 301.981788 134.536240 155.232084 210.297408 299.686503 237.002110 253.621766 375.825757 155.167651 194.002577 375.917544 270.712024 145.344419 252.602454 543.415127 409.376355 466.244571 454.234521 422.834483 366.000000 118.190524 345.418587 450.138867 89.106678 300.041664 365.656943 430.409108 125.323581 250.049995 86.127812 259.295199 200.810856 443.636112 270.512477 277.200289 191.387042 178.465683 286.630424 331.615741 282.405736 236.501586 431.045241 191.708111 128.763349 501.511715 396.565253 183.382115 331.475489 325.530337 439.965908 353.951974 389.292949 394.324739 326.271359 221.325552 448.385994 328.600061 304.179223 479.913534 447.135326 504.583987 290.738714 352.410272 286.094390 409.078232 272.611445 89.453899 168.857928 218.082553 260.846698 197.202941 95.015788 482.636509 202.148460 174.470628 170.883001 363.407485 308.753947 
132.000000 3.000000 2.000000 a 285.224473 149.806542 319.864034 199.491854 266.174755 143.586211 98.081599 176.181724 365.892061 195.058965 301.734983 213.265093 243.836010 207.781135 108.466585 97.308787 126.589889 191.801981 277.848880 72.090221 181.135309 256.846258 341.474743 180.892233 170.695636 167.200478 193.196791 123.320720 109.444050 254.778335 244.989796 140.943251 231.397926 183.199345 152.800524 291.898955 229.895628 179.245642 172.568827 289.689489 171.825493 100.319490 260.249880 312.193850 304.690006 210.845915 103.174609 277.000000 153.521985 53.009433 305.738450 333.061556 35.057096 137.360839 258.642611 200.531793 147.299016 152.793979 209.057408 107.070071 126.491106 356.545930 286.094390 248.453215 114.481440 315.145998 107.935166 99.609237 29.681644 302.173791 380.257807 322.913301 284.015845 268.152941 247.685284 184.228119 374.476969 309.725685 262.505238 253.842471 144.346805 162.049375 167.475371 32.140317 343.460332 296.467536 144.031247 314.358076 219.804459 286.225436 165.520391 72.835431 295.575709 164.438438 224.323427 158.455041 266.326867 80.305666 171.093542 396.698878 89.050547 50.566788 140.513345 186.188077 248.973894 309.743442 8.246211 232.142198 340.119097 268.402683 221.758878 310.357858 287.656045 308.423410 87.823687 243.402958 359.089125 262.488095 285.786634 385.175285 
204.000000 3.000000 4.000000 a 21.931712 244.761108 201.556444 466.901489 301.809543 199.832430 208.830074 413.233590 495.395801 111.830228 15.811388 97.529483 173.833253 171.467198 264.282046 279.873186 268.151077 188.854441 49.658836 326.185530 136.132289 254.566298 411.000000 255.890602 138.538803 163.003067 204.804785 318.198052 407.592934 63.890531 144.201248 367.021798 110.981981 477.514398 268.555395 205.681793 181.135309 449.360657 443.253878 491.432600 194.920497 402.951610 398.923552 130.678996 306.884343 141.315250 240.168691 358.062844 242.332416 256.164010 109.590146 363.477647 301.935424 195.576072 215.336945 114.109596 447.934147 408.959656 477.008386 291.564744 401.031171 500.632600 221.070125 104.235311 408.166633 228.265197 214.149481 216.674872 335.161155 148.354306 434.200415 191.887988 381.414473 317.616120 487.567431 125.483067 450.138867 344.145318 287.236836 57.428216 167.026944 305.080317 195.760057 319.188032 77.646635 148.408221 448.197501 497.004024 191.049732 436.935922 352.665564 374.855972 458.105883 191.107300 163.110392 153.447059 62.769419 383.443607 359.439842 480.720293 342.864405 356.725385 445.970851 335.839247 110.462663 418.551072 315.065073 355.128146 173.623155 118.802357 114.825955 400.124980 331.403078 221.686716 349.824242 294.001701 100.284595 277.521170 458.785353 477.746795 
105.000000 3.000000 2.000000 a 525.818410 544.136012 363.962910 282.391572 235.229675 371.064684 429.075751 252.669745 46.529560 469.538071 521.775814 500.639591 363.056469 563.401278 333.588069 504.631549 530.023584 355.373043 547.644045 339.977940 428.509043 283.019434 131.320219 294.373912 477.356261 509.801922 567.736735 292.154069 365.584464 476.245735 392.502229 273.212372 428.094616 350.068565 298.600067 343.949124 589.801662 292.207118 295.042370 153.394915 357.807211 381.211228 156.064089 428.878771 239.770724 400.372327 360.284610 178.832324 320.351370 433.797188 444.299449 186.601179 378.450789 382.196285 323.447059 444.973033 471.424437 283.591255 281.575922 516.846205 317.165572 57.314920 325.576412 559.396997 353.451553 332.777704 388.973007 464.762305 419.362612 406.070191 127.192767 376.033243 156.540730 219.107280 222.804847 448.341388 99.141313 198.806439 249.953996 520.124985 472.603428 267.675176 359.279835 441.140567 504.968316 402.975185 390.011538 118.697093 346.439028 125.717938 247.000000 382.278694 118.258192 530.028301 574.575495 479.610258 474.067506 384.864911 241.033193 74.108029 495.600646 418.914072 399.001253 234.955315 564.448403 119.553335 411.108258 195.601636 408.015931 420.297514 427.014051 136.484431 206.891276 335.769266 491.240267 243.032920 500.636595 260.019230 130.980915 67.601775 
225.000000 3.000000 5.000000 a 395.637460 222.445499 425.000000 172.409396 349.274963 252.857667 209.847564 188.382589 398.453259 306.202547 413.168247 321.885073 351.135302 298.202951 204.892655 163.624570 192.002604 298.804284 385.268737 137.713471 293.846899 350.887446 401.463572 273.879536 279.529963 267.917898 275.109069 192.353841 75.325958 367.151195 355.218243 179.067027 343.861891 120.507261 242.989712 395.551514 315.626361 155.926265 151.168780 295.918908 279.206017 60.000000 307.483333 423.264693 390.020512 322.304204 209.028706 343.861891 251.859088 161.276161 417.712820 406.765289 131.045794 248.072570 360.111094 313.121382 38.275318 157.384879 178.440466 162.505385 124.064499 383.600052 387.331899 349.961426 87.464278 416.515306 219.385505 203.179723 83.192548 411.986650 440.477014 429.260993 343.512736 346.943799 234.785008 296.492833 427.814212 385.696772 349.177605 362.926990 251.753848 237.932764 275.070900 99.040396 456.163348 406.208075 65.855903 327.727021 325.296788 322.038818 217.800367 68.942005 323.501159 256.000000 315.228489 265.819488 378.906321 62.297673 220.292987 444.227419 103.817147 62.265560 56.568542 249.819935 349.290710 359.951386 104.709121 293.288254 448.830703 379.989474 334.282814 367.915751 364.540807 410.440008 94.704805 326.957184 471.755233 351.573605 310.009677 430.785329 
119.000000 8.000000 1.000000 a 263.592489 96.041658 333.839782 253.071136 301.663720 157.699081 89.498603 231.365512 417.258912 177.341479 283.128946 188.308258 256.425428 162.496154 144.031247 42.201896 71.421285 207.234167 249.899980 125.717938 175.362482 284.829774 385.939114 213.138453 147.135992 130.698125 143.251527 172.029067 157.581725 241.598841 251.097591 195.041021 228.422853 230.338881 189.002645 308.650288 182.148291 232.845442 226.225551 344.607023 187.771137 145.499141 309.903211 314.014331 337.748427 214.200840 128.565159 320.145280 182.857868 43.081318 304.069071 372.000000 85.422479 148.033780 279.145124 190.905736 163.746756 207.894204 262.406174 53.310412 180.693110 408.931535 306.026143 212.595861 164.596476 334.175104 119.230868 68.876701 66.850580 307.800260 424.077823 334.940293 329.692281 306.026143 302.724297 172.261429 420.676836 348.022988 295.846244 229.333818 118.532696 205.664776 183.308483 41.000000 333.054050 302.405357 184.945938 368.680078 236.372587 337.853519 216.538680 120.768373 348.380539 119.507322 179.479804 132.098448 254.825430 126.463433 222.569090 444.342210 62.481997 85.375641 179.359973 233.323809 211.853723 357.766684 59.548300 278.539046 347.466545 269.328795 218.524598 356.168499 326.006135 326.840940 67.208630 279.351034 351.091156 294.159821 339.187264 433.453573 
204.000000 9.000000 1.000000 a 286.274344 91.411159 367.631609 268.262931 336.168113 192.200416 121.794910 253.775491 446.256653 203.494472 307.092820 210.618138 290.244724 169.425500 178.070211 33.000000 61.131007 241.615397 269.180237 152.463110 205.883462 319.756157 418.646629 247.822517 171.467198 147.627911 144.419528 202.529010 167.630546 268.495810 283.778082 220.945695 259.023165 237.191905 223.181540 342.883362 185.218790 248.316331 241.896672 368.143994 222.283603 153.394915 340.123507 345.307110 372.507718 246.564393 163.416645 353.192582 217.671771 77.794601 334.427870 406.078810 114.284732 182.258059 313.805672 219.920440 150.269757 228.035085 277.043318 32.649655 198.237232 436.945077 340.599472 227.070474 176.476627 368.620401 153.792067 94.847246 79.981248 340.072051 457.027351 368.408740 361.901920 340.211699 321.822933 200.823305 452.761527 382.188435 330.552568 251.001992 143.003496 238.314918 217.830209 53.600373 360.173569 334.773057 187.384631 393.859112 270.769274 366.607419 245.725457 132.653684 375.932175 129.065875 186.324985 155.595630 282.226859 136.400147 251.406046 475.785666 34.928498 92.417531 180.360750 264.764046 225.321992 388.958867 81.841310 310.386855 379.969736 300.655950 249.160591 388.355507 360.138862 361.232612 42.720019 313.772210 379.021108 328.977203 365.978141 464.562159 
242.000000 8.000000 5.000000 a 204.707108 149.264865 236.171548 248.171312 209.611545 59.033889 31.144823 203.592731 351.978693 115.004348 218.508581 139.441744 158.927656 169.177422 65.000000 126.479247 142.790056 108.673824 203.887224 103.097042 93.637599 187.808413 303.942429 120.813906 99.724621 117.004273 169.614268 115.420969 182.164761 169.097605 157.003185 157.889202 142.523682 252.285552 103.121288 210.202284 195.207582 229.261859 222.804847 303.819025 89.050547 178.263849 242.404620 223.439030 243.100802 122.024588 38.483763 237.497368 89.560036 55.713553 216.688717 282.304800 76.687678 50.219518 180.360750 114.284732 236.349318 191.760267 258.366019 141.795628 178.241409 348.001437 207.238992 187.032083 182.701943 235.459126 20.591260 67.230945 118.713942 214.282524 340.308683 237.993697 251.461727 216.379297 280.560154 100.129916 341.316569 257.992248 202.022276 177.138364 81.987804 130.698125 84.581322 112.538882 255.665797 208.655218 223.617978 320.494930 137.753403 276.016304 160.701587 150.416090 291.343440 132.280006 182.726572 93.520051 179.621825 159.201131 167.836230 367.695526 159.298462 139.086304 222.121588 163.682620 189.615400 283.980633 96.798760 204.000000 252.960471 179.449157 132.969921 277.431073 236.457184 228.177562 162.077142 188.289670 270.601183 199.123078 285.727143 358.521966 
251.000000 9.000000 1.000000 a 428.444862 373.569271 340.277828 82.855296 208.165799 247.606543 276.795954 51.884487 164.878743 349.107433 433.866339 378.430971 296.006757 414.223370 187.459329 324.427188 353.135951 260.230667 438.456383 157.813181 313.065488 241.350368 198.002525 195.310010 343.495269 363.329052 409.029339 132.378246 161.623018 381.811472 318.509027 90.138782 337.201720 149.325149 177.290722 310.098371 439.608917 88.459030 90.553851 62.769419 251.029879 177.685115 103.276328 379.258487 243.310501 306.444122 215.557417 165.894545 203.383874 263.077935 386.046629 228.319951 198.909527 254.448423 274.641585 334.306745 266.422597 80.956779 85.586214 334.095795 114.560028 148.003378 293.410975 431.584291 149.459024 316.355812 246.434575 304.095380 226.991189 358.738066 232.568270 350.087132 150.814456 195.494245 48.083261 329.120039 211.539594 216.688717 217.892175 409.926823 328.609190 141.421356 249.903982 251.962299 443.883994 353.566118 185.172892 91.482239 269.091063 97.082439 92.892411 182.584227 90.801982 374.192464 428.622211 339.611543 385.966320 183.741666 86.122006 220.095434 301.877459 222.056299 194.041233 115.039124 434.824102 147.827602 224.142812 123.166554 380.600841 350.570963 331.633834 166.066252 203.061567 314.326264 296.204321 195.205020 449.040087 226.450878 75.802375 205.572372 
153.000000 3.000000 4.000000 a 216.390850 157.098695 239.384628 235.586502 205.039021 62.008064 42.638011 191.023559 342.171010 127.035428 229.682389 151.907867 162.609963 180.812057 55.072679 130.003846 148.475587 111.220502 216.226733 90.669730 103.846040 185.924716 296.710296 116.017240 112.361025 129.034879 180.069431 103.585713 171.020467 179.738699 162.855764 145.413204 151.158857 240.532742 95.801879 212.492353 206.712361 216.723326 210.280765 291.893816 91.268834 167.720005 232.568270 230.228148 239.754041 129.034879 31.256999 230.228148 85.023526 56.568542 224.414795 277.041513 66.098411 55.226805 181.245690 124.951991 229.008733 179.120071 245.782424 145.031031 165.873446 337.699571 208.432243 199.672231 171.172428 237.033753 26.076810 76.157731 111.521298 220.047722 333.541602 241.811910 243.328995 210.950231 267.988806 111.543713 333.624040 252.792405 198.204440 189.319835 94.413982 121.235308 86.821656 108.004630 265.173528 214.347848 213.046943 309.045304 139.942845 265.633206 149.214611 140.089257 280.529856 143.087386 194.620143 106.103723 189.842040 148.946299 156.310588 359.555281 157.581725 131.244047 211.872603 153.701008 202.232539 275.181758 89.498603 195.017948 258.141434 186.702973 141.792101 269.473561 231.049778 229.941297 159.665275 183.273020 279.544272 195.923454 274.590604 350.077134 
111.000000 1.000000 3.000000 a 170.519794 198.161550 168.585290 280.001786 162.249807 12.369317 80.808415 224.877745 331.694136 94.625578 177.814510 125.602548 91.268834 190.968584 77.103826 188.480768 199.331382 42.449971 181.245690 145.880088 55.461698 130.552671 267.202171 82.462113 101.257099 138.397977 202.714084 129.869165 233.623629 125.483067 91.049437 178.809955 86.492774 297.865742 83.725743 143.265488 217.002304 263.273622 257.437371 307.379245 25.019992 233.070805 225.610283 159.201131 189.552104 59.615434 57.939624 203.029554 58.249464 122.588743 155.183762 235.906761 133.988806 17.492856 115.732450 76.216796 300.507903 222.009009 290.001724 204.004902 217.830209 332.031625 141.760361 183.447540 231.482181 169.248338 47.201695 118.608600 183.371208 148.070929 300.256557 170.320287 221.812984 172.812037 299.282475 73.498299 306.497961 211.896201 151.647618 152.610616 102.459748 120.307938 21.213203 179.769297 201.556444 142.341140 277.713882 317.100930 71.470274 262.688028 165.387424 206.651881 281.668245 165.245272 200.142449 105.990566 132.015151 215.594527 172.351385 335.171598 226.742144 202.566039 277.780489 153.323188 188.175450 257.738239 161.375339 182.570534 186.002688 116.764721 78.517514 245.772252 192.010416 161.755989 229.706334 144.086779 213.459598 146.321564 279.635477 328.124976 
283.000000 6.000000 3.000000 a 354.746388 238.562361 343.402097 110.385687 253.339693 185.625968 171.842952 97.498718 303.916107 265.092437 367.763511 288.340077 274.754436 295.447119 125.239770 183.632786 213.824695 224.075880 353.239296 52.392748 241.014522 260.461130 301.822796 185.396872 246.894714 251.543237 282.242803 97.005155 37.202150 317.127735 285.029823 79.630396 283.924286 102.176318 154.382642 312.673952 318.311169 90.138782 83.486526 211.570319 206.247424 43.566042 208.614477 353.837533 294.363721 257.437371 140.132081 244.444268 169.189243 137.898513 352.264105 307.883095 75.663730 185.067555 275.670093 262.619497 136.297469 68.963759 119.887447 190.918831 38.183766 290.841881 301.973509 330.492057 33.526109 330.691699 161.789987 184.694342 80.156098 339.117974 340.872410 349.326495 243.829859 249.647752 161.721984 249.883973 328.762832 287.346481 254.701786 327.001529 223.754330 142.302495 202.765875 106.794195 399.170390 333.294164 82.419658 240.168691 246.981781 225.718852 118.139748 34.365681 229.688920 252.384627 311.680927 237.305710 326.337249 38.118237 120.619236 346.144479 153.075145 72.917762 84.958814 150.784615 331.834296 261.015325 83.486526 193.680149 372.699611 313.639921 275.312550 268.328157 266.563313 325.399754 147.135992 231.587996 411.413417 258.213090 217.366051 333.013513 
272.000000 9.000000 3.000000 a 31.000000 247.111311 172.652831 446.054929 272.618781 178.070211 196.290601 390.755678 466.717259 100.647901 14.212670 94.762862 144.616735 180.235956 243.032920 276.588141 267.994403 162.560758 67.007462 307.774268 117.098249 225.228773 381.561266 229.582229 131.487642 162.732910 212.228650 295.895252 391.448592 41.109610 115.108644 344.907234 84.480767 459.930430 243.971310 176.025566 193.540693 429.018648 423.057916 465.611426 170.229257 387.827281 371.429670 102.786186 277.189466 115.247560 220.383756 329.261294 217.892175 245.307970 81.596569 333.802337 286.246397 175.139944 185.800969 95.524866 438.055933 388.046389 456.088807 289.278413 381.955495 472.339920 191.342625 117.630778 391.269728 198.879360 196.305884 209.246266 323.154762 119.419429 404.526884 163.294213 352.784637 288.534227 464.157301 110.063618 420.629290 314.579084 258.001938 61.269895 160.031247 280.174945 171.470114 309.129423 62.649820 119.201510 433.180101 470.196767 162.825059 409.420322 328.525494 359.923603 430.823630 193.499354 174.393234 147.410990 35.440090 368.663803 335.167122 451.220567 337.259544 344.570747 431.520567 310.161248 124.426685 389.867926 302.367326 327.756007 146.741269 89.095454 89.627005 371.128010 302.059597 192.210822 343.681539 265.324330 85.000000 248.213618 431.935180 448.377073 
217.000000 3.000000 1.000000 a 102.883429 195.437970 302.907577 493.401459 382.341470 246.294539 219.093587 449.197061 567.366724 143.450340 122.188379 112.605506 259.326050 111.682586 302.319368 246.951412 225.142177 255.988281 69.354164 347.800230 183.662734 338.023668 492.659111 318.308027 146.700375 139.434572 143.000000 357.404533 415.523766 144.533733 230.551513 403.000000 188.671672 489.035786 321.449841 301.424949 105.309069 474.051685 467.471924 543.155595 254.153497 406.873445 463.262345 235.314683 395.284708 212.701669 274.213421 433.461648 296.319085 253.779432 214.182165 450.408703 314.014331 237.356272 302.592135 166.291912 429.284288 437.666540 503.564296 253.948814 421.770080 569.140580 314.311947 59.203040 419.227862 326.657313 243.483059 206.968597 330.340733 250.169942 520.271083 294.436750 454.793360 396.625768 526.089346 164.614702 532.459388 428.882268 368.620401 93.005376 166.138496 357.561184 253.160028 308.001623 185.010810 249.064249 449.872204 554.758506 268.365423 500.600639 399.125294 379.332308 519.743206 150.472589 95.859272 153.160047 153.114336 386.870779 406.306535 562.554886 313.413465 351.142421 445.405433 391.065212 57.706152 491.708247 314.340580 419.795188 279.658721 213.377600 187.256509 476.608854 413.052055 319.401002 321.908372 369.968918 207.154532 359.980555 517.536472 557.603802 
119.000000 6.000000 3.000000 a 454.133240 341.344401 412.074022 28.160256 295.832723 277.129933 275.757140 86.452299 273.227012 365.997268 465.130089 390.957798 352.978753 400.985037 212.360542 284.318483 314.841230 306.858273 455.431663 148.569849 338.023668 318.025156 306.471858 253.298243 350.344117 357.001401 386.943148 164.711870 89.643739 413.349731 368.925467 118.848643 375.586208 40.049969 225.800797 380.784716 423.615392 29.681644 33.615473 157.257750 291.852703 104.737768 209.121974 435.991972 335.073126 346.770818 234.104677 265.580496 247.630774 243.515913 437.878979 330.605505 180.446668 279.302703 343.292878 360.012500 172.351385 70.936591 29.068884 289.458114 73.334848 254.489685 366.715148 435.271180 80.993827 393.300140 260.192237 290.303290 179.245642 418.422036 342.301037 420.058329 255.000000 286.565874 89.140339 349.242036 322.187833 315.448887 302.134076 428.432025 328.332149 199.123078 289.181604 206.390407 489.776480 412.752953 88.391176 191.668985 324.524267 207.858125 153.495928 125.095963 200.860648 357.840747 417.268499 341.634307 421.070065 120.801490 150.602125 330.823216 241.867732 164.805946 98.234414 188.605408 436.836354 257.303323 187.408644 216.379297 447.362269 399.712397 367.865465 273.503199 298.482830 389.560008 234.053413 277.965825 499.508759 308.690784 185.440017 316.243577 
216.000000 5.000000 4.000000 a 207.152118 131.320219 252.539106 253.061257 228.560714 76.550637 21.377558 212.228650 368.048910 116.726175 222.685877 138.003623 175.137089 157.003185 81.006173 107.563934 123.911259 125.924581 203.000000 107.517440 101.710373 206.642203 322.121095 139.703257 96.332757 106.550458 154.673850 127.988281 180.224860 175.114248 171.187032 167.523133 153.003268 252.097203 121.165177 227.270764 182.584227 233.653590 227.070474 315.748317 106.625513 174.656806 258.451156 236.211769 262.093495 135.103664 56.320511 255.644284 108.461975 38.587563 228.177562 301.159426 75.059976 66.640828 198.275061 120.830460 226.035395 197.952014 263.210942 122.918672 181.463495 363.411612 224.955551 181.201545 182.024724 252.926867 38.327536 50.249378 109.123783 228.319951 358.710189 253.870045 269.091063 235.187160 289.000000 104.675690 359.243650 276.855558 221.020361 177.406313 74.330344 147.176764 102.181212 99.357939 263.893918 222.791382 219.804459 333.766385 155.077400 291.321129 174.040225 146.512798 305.944439 118.088950 171.405951 87.321246 186.625293 155.029030 181.069048 385.332324 142.888068 130.268953 217.497126 179.568928 183.142021 301.094669 87.846457 220.945695 267.525700 191.783732 143.220110 295.182994 255.274362 245.544293 146.239530 207.171427 279.885691 218.112356 299.714864 375.932175 
180.000000 9.000000 2.000000 a 518.700299 531.613581 361.167551 266.176633 229.612717 361.023545 417.484131 237.168716 35.355339 460.418288 515.349396 491.553659 356.910353 552.557689 321.726592 491.275890 516.979690 347.109493 539.741605 325.960120 419.486591 277.497748 129.522199 284.971928 467.309319 498.979960 556.181625 279.064509 349.961426 469.068225 386.167062 258.723791 420.837261 333.839782 287.841971 340.085283 578.955093 276.115918 279.007168 137.116739 348.764964 365.656943 144.267113 424.728148 236.864940 392.658885 348.749194 171.965113 310.177369 420.942989 439.614604 185.367203 364.773903 371.963708 318.121046 436.405774 455.580948 268.039176 265.318676 503.314017 301.663720 41.976184 321.572698 550.145435 337.817998 330.142394 377.800212 452.739439 404.882699 401.885556 130.311166 373.202358 148.808602 213.215853 206.526027 439.182195 101.004950 195.757503 244.376758 512.020507 461.806236 256.095685 350.075706 426.954330 500.489760 398.600050 374.000000 102.420701 339.330223 112.258630 233.555133 367.129405 103.324731 518.583648 564.008865 469.132178 467.346766 369.583549 227.437904 79.555012 481.124724 404.064351 383.020887 222.991031 555.079274 111.606451 397.020151 185.043238 405.408436 414.541916 419.421030 130.648383 202.200396 332.773196 476.642424 236.038133 496.864167 254.591830 115.572488 70.349129 
200.000000 4.000000 1.000000 a 353.782419 426.160768 177.611937 301.439878 70.213959 231.728289 304.573472 241.629882 156.160174 314.211712 345.937856 343.861891 189.274932 422.307945 224.008928 402.839919 421.222032 198.587512 380.295937 268.972118 274.155066 109.859001 55.785303 157.686398 330.904820 370.552291 435.129866 211.992924 335.953866 305.550323 218.826415 227.635674 259.260487 359.400890 179.011173 160.031247 447.889495 298.610114 297.235597 223.376364 208.568933 346.780911 122.004098 244.969386 55.000000 236.027541 241.913208 61.611687 188.939144 328.440253 261.910290 4.123106 294.462222 244.092196 146.454771 285.716643 439.965908 266.257394 306.897377 417.579932 290.903764 171.026314 142.411376 402.377932 326.019938 146.321564 262.246068 343.821174 348.381974 222.441003 72.862885 189.694491 74.404301 62.201286 269.824017 294.307662 90.917545 20.615528 81.437092 354.802762 334.892520 168.074388 211.624668 361.112171 321.512053 219.968180 375.898923 205.080472 180.313616 142.863571 186.943842 333.946103 163.865799 397.543708 430.025581 337.800237 300.621024 340.376262 186.118242 121.264174 417.824126 357.530418 381.964658 153.013071 408.344218 92.649879 331.929209 112.680966 221.386540 242.711763 260.633843 67.446275 42.107007 149.833241 416.773320 90.255194 315.483756 88.684835 175.559107 121.247680 
198.000000 7.000000 3.000000 a 21.095023 203.725305 204.619158 430.795775 286.379119 166.760307 167.529102 379.317809 475.820344 71.175839 43.931765 54.589376 161.027948 134.614264 229.654088 237.134983 226.152603 164.468842 30.232433 288.140591 101.390335 240.831892 396.717784 230.208601 95.859272 120.739389 166.868211 284.524164 367.575843 45.276926 131.825642 332.813762 91.241438 438.369707 239.002092 202.141040 148.006757 412.752953 406.509532 463.001080 166.811271 362.328580 375.254580 139.917833 297.001683 118.228592 204.071066 339.824955 212.849712 214.009346 119.339851 352.647132 261.925562 160.853971 204.200881 80.006250 405.315926 373.100523 440.959182 249.018072 363.309785 479.338085 215.081380 72.835431 368.657022 227.554389 176.408617 173.850510 293.231990 152.554908 422.916067 196.725697 362.167089 301.310471 454.754879 87.464278 436.381714 331.698658 272.281105 15.811388 124.233651 275.771645 166.859222 276.703813 108.226614 150.960260 407.442020 470.923561 172.626765 413.140412 321.603794 334.181089 433.503172 149.966663 128.751699 110.571244 54.405882 342.667477 328.568106 466.724758 299.933326 314.815819 404.922215 307.870102 79.762146 399.340707 273.441036 331.360831 184.978377 114.236597 91.547802 382.685249 316.834342 220.229426 306.882714 275.726314 130.678996 263.229938 432.961892 462.525675 
125.000000 5.000000 1.000000 a 394.461658 402.498447 260.491842 193.597521 120.266371 230.521149 286.790865 140.801278 96.020831 331.144983 393.554316 362.277518 238.296034 421.523428 191.400104 365.067117 389.463734 220.510771 413.058107 204.841402 290.518502 164.939383 85.755466 155.862119 336.689768 367.947007 425.455051 152.777616 248.919666 344.942024 266.159726 144.055545 296.826549 256.704110 156.847059 233.931614 447.920752 194.550765 194.589311 109.767937 220.056811 262.619497 15.132746 314.356486 145.344419 267.366789 218.000000 63.639610 179.610690 292.945387 326.240709 118.190524 240.852652 241.248834 204.707108 308.402335 356.746409 169.920570 197.625909 377.895488 200.242353 95.015788 215.455332 420.487812 237.497368 232.008621 246.813695 322.622070 286.530976 291.880112 122.249744 271.812435 41.785165 104.043260 155.438091 309.885463 105.905618 111.072049 133.843192 384.896090 330.776359 125.399362 221.000000 305.941171 387.164048 287.673426 282.846248 98.020406 216.944693 32.062439 110.317723 257.157539 55.081757 387.764104 433.021939 338.196688 344.843443 261.553054 105.574618 123.065023 362.006906 289.499568 290.394559 93.021503 425.230526 38.078866 275.544915 54.488531 304.200592 296.588941 294.292372 53.263496 103.406963 232.215417 358.644671 117.881296 387.091720 144.128415 62.968246 110.548632 
216.000000 5.000000 3.000000 a 426.029342 309.095455 394.254994 47.423623 285.035086 251.366267 245.507637 81.841310 284.585664 337.179477 437.833302 361.419424 331.846350 369.167983 187.320581 252.121003 282.639346 284.017605 426.129088 120.037494 310.644491 302.952141 307.319052 234.367233 320.382584 325.751439 354.802762 143.673240 58.000000 386.411698 346.066468 102.200783 350.178526 38.418745 205.411782 362.972451 391.635034 32.140317 29.154759 174.040225 268.033580 73.661387 209.389589 413.948064 325.272194 322.046580 207.280004 260.762344 225.550438 211.896201 414.692657 326.220784 149.642908 252.669745 325.382851 332.543230 149.642908 56.639209 54.083269 257.406294 45.891176 267.366789 349.857114 404.589916 48.826222 377.270460 232.077573 258.804946 147.027208 397.246775 344.548981 401.627937 253.031619 277.315705 110.063618 321.014018 326.675680 309.250707 289.932751 399.452125 297.754933 182.236111 265.092437 174.186681 464.991398 391.506066 66.189123 207.347534 303.427092 213.927558 140.801278 92.913939 210.297408 325.960120 385.519131 311.207326 394.689752 88.865066 139.316187 338.094661 210.760528 132.909744 75.538070 176.827600 405.997537 259.978845 155.261070 210.000000 427.790837 376.257890 342.130092 273.707873 290.908920 373.026809 203.147729 265.753645 475.618545 295.651822 195.478899 323.805497 
267.000000 6.000000 4.000000 a 414.837318 462.649976 246.077224 278.212149 123.036580 275.118156 342.252831 226.373585 89.005618 366.809215 408.867949 397.412884 250.337772 469.131112 252.253840 431.912028 453.616578 250.409664 439.159424 281.001779 325.848124 169.531708 13.416408 197.223224 379.381075 416.058890 478.223797 225.319773 333.024023 365.728041 280.058922 226.048667 318.201194 342.147629 210.297408 226.896452 495.274671 279.978571 280.144606 177.101666 256.563832 346.151701 98.979796 311.977563 122.102416 292.412380 275.118156 76.157731 226.931708 357.761093 328.086879 68.883960 313.253891 287.139339 209.009569 339.991176 440.501986 255.196003 281.641616 445.772363 284.782373 106.367288 208.751048 456.429622 321.846237 214.853438 300.088320 380.532522 363.034434 289.254213 36.674242 258.154992 64.280635 108.466585 234.829726 346.070802 28.178006 81.492331 137.244308 412.563934 379.269034 188.098379 258.853240 379.960524 388.352932 286.415782 368.097813 151.953940 236.966242 100.767058 188.679623 338.614825 116.275535 440.223807 478.483020 384.147107 362.178133 343.656806 185.310550 57.489129 436.835209 368.347662 375.474367 162.249807 462.001082 48.373546 349.692722 116.211015 290.062062 306.204180 318.311169 38.013156 92.763139 217.995413 434.373112 135.801325 383.262312 146.659470 130.862523 53.823787 
202.000000 1.000000 1.000000 a 453.477673 273.592763 478.357607 179.627392 394.220750 308.768522 267.777893 213.178329 420.459273 364.127725 471.097654 379.527338 405.764710 352.142017 257.526698 216.009259 242.668498 353.577431 442.634160 186.938493 351.512446 400.136227 435.765992 323.890414 337.250649 324.359369 327.258308 237.741456 106.887792 425.042351 411.175145 215.355520 401.143366 114.756263 292.754163 448.385994 368.164365 168.011904 165.193826 309.316990 334.246915 97.349884 339.005900 479.551874 435.252800 378.957781 264.200681 382.382008 304.069071 219.164322 474.570332 446.874703 186.461792 304.566906 412.248711 370.936652 34.785054 183.120179 182.718363 212.680512 153.378617 403.447642 439.182195 406.162529 117.000000 468.241391 276.284274 260.486084 141.031911 467.610949 474.140275 483.160429 378.993404 390.216607 242.621104 354.396670 458.634931 427.112397 395.540137 420.600761 309.342852 283.176623 330.219624 156.467249 513.857957 461.807319 70.710678 343.071421 379.305945 348.037354 255.906233 117.388245 345.878591 310.710476 369.109740 323.371304 436.729894 108.977062 257.099203 472.085797 151.845316 119.866593 62.585941 290.263673 405.222161 391.003836 162.348391 331.024168 503.817427 436.633714 391.624820 401.931586 406.709970 462.482432 142.688472 372.486241 529.235297 398.854610 331.271792 458.040391 
Type de surveillance de chaque endroit(target):tab[nombre de target]
a a a a a a a a a a a a a a a a a a a a a a a a a a a a a a a a a a a a a a a a a a a a a a a a a a a a a a a a a a a a a a a a a a a a a a a a a a a a a a a a a a a a a a a a a a a a a a a a a a a a a a a a a a a a a a a a a a a a a a a a 