Nombre des capteurs:
50
Nombre des targets:
30
Nombre de type de surveillance:
1

Caracteristiques:
240.000000 5.000000 1.000000 a 276.421779 302.497934 301.802916 220.619582 525.552091 193.132079 452.447787 430.750508 113.600176 151.208465 88.526832 288.392094 414.918064 114.236597 311.661676 151.267974 385.861374 413.217860 367.288715 399.169137 494.485591 305.551960 200.942778 444.299449 181.198786 279.517441 157.835357 539.935181 531.160993 249.158584 
167.000000 4.000000 4.000000 a 172.235304 214.441134 193.155378 201.099478 488.660414 218.013761 346.561683 446.327234 185.809042 39.115214 125.670203 200.529300 412.840163 99.639350 180.601772 52.153619 283.635329 312.648365 285.175385 365.472297 478.549893 281.602557 239.365829 392.413048 234.480276 302.026489 255.519080 472.558991 490.079585 241.234326 
291.000000 5.000000 1.000000 a 326.955654 320.814588 352.596086 183.133831 426.244062 114.004386 471.525185 277.915455 90.785461 310.104821 150.950323 310.858489 284.569851 184.447825 409.890229 255.344865 407.982843 427.855116 359.738794 313.383152 371.441785 230.956706 92.265920 376.378799 68.410526 148.246416 37.161808 482.842624 436.945077 177.101666 
287.000000 9.000000 4.000000 a 135.384637 81.859636 133.555232 159.314155 215.863383 225.268728 145.907505 275.426941 298.263306 320.739770 277.411247 93.295230 216.455538 246.876487 231.354706 239.207023 101.019800 105.475116 32.449961 121.564798 238.113418 120.830460 245.837345 111.319360 270.667693 221.846794 351.012820 183.095603 212.513529 161.993827 
121.000000 7.000000 4.000000 a 195.563289 227.844245 219.965906 178.058979 479.150290 178.907797 372.592270 415.463596 133.540256 85.906926 75.186435 213.527516 388.104367 62.625873 226.920691 67.186308 306.882714 335.047758 296.177312 353.208154 460.017391 263.427409 197.002538 388.919015 187.949461 266.492026 201.405064 477.403393 482.460361 215.081380 
120.000000 3.000000 1.000000 a 95.524866 127.534309 121.066098 125.574679 398.418122 165.529454 272.016544 371.033691 173.738309 125.299641 121.148669 113.251932 331.639865 79.711982 154.625354 39.623226 205.915031 233.925202 197.202941 276.586334 392.122430 197.306868 191.400104 301.400066 197.091349 237.002110 246.292509 382.593779 399.439607 166.433170 
206.000000 7.000000 3.000000 a 292.308057 321.288033 317.067816 244.920395 550.174518 218.680132 469.109795 456.207190 138.513537 150.296374 113.145923 307.065140 440.440688 135.694510 319.765539 164.514437 402.951610 430.743543 387.386112 423.689745 519.839398 330.219624 226.364750 467.800171 206.242576 305.026228 178.339564 562.360205 555.569078 274.220714 
261.000000 3.000000 4.000000 a 73.681748 34.828150 86.815897 105.702412 285.616876 174.751252 184.621234 298.904667 233.137299 241.400083 203.383874 31.304952 247.630774 169.516961 181.804840 158.417171 119.920807 141.283403 83.815273 171.470114 291.619615 118.473626 199.619638 184.878338 219.783985 202.356122 294.187015 264.015151 284.903492 127.663621 
181.000000 8.000000 3.000000 a 174.413302 201.121854 151.327460 331.001511 448.753830 394.366581 161.046577 524.317652 422.670084 287.062711 370.548242 204.120063 467.234417 329.188396 105.385008 267.329385 155.364089 168.011904 220.880058 373.503681 487.016427 350.435443 421.113999 348.053157 434.814903 436.606230 494.292424 362.006906 440.137479 360.584248 
221.000000 3.000000 4.000000 a 239.403425 195.724296 252.352927 128.949603 190.057886 152.751432 296.664794 132.698907 241.760212 366.890992 254.007874 197.040605 85.475143 244.705946 347.804543 278.677233 251.467692 257.421833 183.983695 74.545288 153.938299 50.009999 157.648343 141.014184 185.714835 93.770998 265.633206 247.202346 199.060292 92.913939 
188.000000 3.000000 3.000000 a 282.334908 239.175668 295.711008 161.830158 188.162164 170.205758 336.001488 89.822046 257.108926 401.669018 278.088116 240.333102 51.971146 274.116763 390.749280 314.331036 293.402454 297.934557 225.364150 96.135321 134.617978 91.782351 168.297356 163.487003 194.825563 92.086915 269.358497 265.699078 200.144947 122.122889 
168.000000 3.000000 3.000000 a 219.804459 249.303028 244.724335 186.010752 490.397798 176.570099 396.547601 415.866565 118.878089 105.209315 66.483081 235.034040 392.237173 70.092796 253.842471 93.021503 330.393705 358.231769 316.319459 363.902459 467.038542 272.200294 191.637679 403.193502 179.002793 265.135814 182.463695 494.535135 494.535135 220.410980 
121.000000 4.000000 3.000000 a 244.174118 199.582063 256.517056 136.473441 182.649938 160.430670 296.804650 128.390031 249.425340 374.040105 261.811001 201.375272 79.101201 252.356890 352.512411 285.748141 253.031619 258.118190 185.151289 69.065187 146.184815 56.142675 164.984848 136.235091 193.000000 99.639350 272.620616 242.033056 191.859323 100.687636 
266.000000 7.000000 4.000000 a 362.249914 326.718533 379.922360 215.668727 270.223981 187.216452 438.014840 83.186537 254.568262 443.091413 295.447119 324.819950 118.105885 306.058818 468.684329 362.215406 391.173874 398.493413 324.624398 200.124961 196.900990 178.044938 170.317351 266.390691 186.967912 103.247276 237.170825 364.878062 285.015789 176.459627 
214.000000 8.000000 1.000000 a 363.655056 310.716913 357.816992 345.000000 64.132675 389.307077 280.016071 261.919835 477.310172 548.032846 477.037734 322.418982 215.037206 456.010965 449.992222 463.389685 290.146515 270.822820 244.902021 170.000000 145.602198 262.773667 397.756207 123.166554 425.973004 332.701067 506.616226 82.280010 48.166378 322.074526 
252.000000 3.000000 5.000000 a 75.663730 110.385687 101.079177 129.031004 388.711976 175.840837 252.414342 371.303111 191.062817 136.014705 140.132081 96.260064 329.279517 98.762341 139.387948 55.946403 186.550261 214.758003 180.800996 268.960964 386.264158 194.139125 202.272094 289.830985 210.154705 242.260191 263.096940 367.828765 388.988432 169.056204 
146.000000 4.000000 5.000000 a 134.807270 137.058382 108.189648 276.349417 357.022408 344.383507 74.946648 443.190704 389.852536 304.217028 346.082360 145.361618 384.240810 305.499591 134.629120 257.437371 67.119297 76.059187 135.532284 287.562167 397.834136 277.477927 370.072966 257.328584 388.274388 371.496972 457.300776 271.488490 348.206835 298.804284 
196.000000 3.000000 1.000000 a 19.646883 58.412327 46.324939 140.868733 351.946019 202.180612 194.550765 363.011019 236.541751 184.718705 191.770696 46.141088 314.162378 151.476071 119.230868 113.088461 128.576825 156.850247 128.724512 240.027082 360.212437 181.408379 228.973798 249.200722 242.738542 251.588950 305.825113 318.064459 350.201371 174.771279 
178.000000 9.000000 5.000000 a 332.415403 278.729259 332.222817 284.313208 21.260292 320.975077 289.841336 184.610401 409.890229 503.611954 415.838911 288.133650 136.014705 399.260567 429.644039 416.227101 281.400071 268.990706 222.899080 105.475116 74.060786 198.758648 326.724655 89.089842 354.739341 257.769277 433.802951 127.800626 31.575307 256.329866 
266.000000 4.000000 4.000000 a 402.880876 369.606548 421.612381 252.001984 309.316990 214.112120 484.005165 113.745330 269.979629 470.455099 317.056777 366.957763 159.840546 332.640948 508.044289 393.021628 436.285457 444.212787 370.174283 246.008130 232.422030 222.319590 193.313217 311.785182 204.550727 138.397977 240.033331 408.717506 324.746055 214.662526 
128.000000 2.000000 4.000000 a 429.316899 403.936876 450.960087 272.523393 383.046995 218.357505 532.350448 189.889442 249.329100 464.314549 304.685083 398.810732 231.216349 328.892080 529.060488 395.770135 479.004175 490.637341 416.303975 308.240166 307.883095 265.996241 192.753729 375.736610 193.227845 167.600716 201.206362 476.640326 398.005025 241.834654 
242.000000 2.000000 1.000000 a 129.201393 80.156098 120.768373 185.388781 232.690782 253.160028 112.058021 307.876599 321.753011 322.518217 295.893562 94.021274 248.195487 262.488095 214.161154 245.772252 69.462220 71.449283 9.433981 151.003311 263.594385 154.350251 274.961816 128.249756 298.826036 254.950976 377.828003 180.543624 227.107904 192.442199 
131.000000 1.000000 4.000000 a 170.011764 120.507261 178.213355 118.532696 196.367003 174.347354 216.009259 210.297408 256.908544 327.885651 249.339126 125.143917 154.402073 227.228959 276.524863 240.276924 169.144908 175.727061 101.823376 75.000000 194.486503 53.600373 190.591186 107.074740 217.559187 154.651220 299.954997 207.280004 198.657998 105.929222 
268.000000 1.000000 2.000000 a 314.340580 319.330550 340.931078 192.841904 469.248335 131.897688 474.200380 336.715013 58.240879 260.432333 111.606451 307.429667 335.931541 151.792622 383.510104 220.410980 408.142132 431.149626 369.001355 349.498212 421.674045 259.655541 121.708669 407.653039 93.648278 195.389355 31.000000 512.247011 478.373285 200.860648 
176.000000 9.000000 1.000000 a 267.067407 289.663598 293.000000 200.601595 504.706846 170.293864 441.616349 407.453065 90.249654 159.812390 68.796802 275.757140 392.195105 99.689518 310.220889 146.321564 374.711889 401.508406 352.682577 378.549865 472.271109 284.763059 177.611937 425.179962 157.800507 256.300605 137.767921 522.189621 510.654482 227.692775 
251.000000 1.000000 2.000000 a 64.629715 115.277925 60.440053 213.300258 409.649850 270.414497 194.435079 436.378276 290.738714 173.297432 237.800336 109.114619 385.939114 196.473917 44.777226 135.712932 140.801278 169.011834 173.104015 306.163355 426.469225 254.907826 297.257464 304.883584 307.884719 325.382851 362.943522 357.404533 405.763478 248.708665 
281.000000 7.000000 2.000000 a 278.037767 226.108381 270.564225 281.348538 106.230881 335.261092 195.604192 267.944024 419.672491 466.840444 410.805307 238.600084 209.697401 385.292097 361.498271 384.668689 201.427406 182.792232 158.028478 128.140548 172.626765 207.870152 348.542680 61.204575 376.415993 295.381110 458.889965 45.541190 93.680307 266.300582 
144.000000 1.000000 4.000000 a 132.638607 153.769308 159.138305 105.019046 399.606056 129.653384 305.380091 350.525320 130.172962 134.974072 79.075913 139.713994 316.892726 38.209946 198.002525 50.635956 238.421895 265.188612 219.155196 274.302752 384.346198 187.040103 154.155765 308.298557 156.706732 208.614477 202.765875 397.336130 402.464905 145.168867 
193.000000 4.000000 4.000000 a 312.968049 265.858985 323.445513 205.234013 150.920509 217.200368 343.582596 69.354164 304.041116 444.346711 324.649041 269.135654 8.544004 319.339944 420.862210 356.328500 308.779857 308.974109 240.235301 92.021737 88.814413 127.475488 215.002326 151.267974 241.207380 137.644470 314.101894 244.364482 164.778639 166.769302 
203.000000 1.000000 4.000000 a 113.846388 122.200655 140.217688 71.028163 358.637700 114.402797 277.007220 317.354691 142.874070 171.452617 104.809351 109.004587 280.280217 70.384657 199.060292 83.198558 210.059515 235.212670 183.142021 233.623629 345.079701 148.060798 141.031911 267.301328 150.894003 182.148291 211.404825 357.505245 361.386220 112.017856 
289.000000 2.000000 2.000000 a 182.789496 143.031465 197.797877 77.987178 227.692775 123.016259 263.453981 190.065778 208.849228 310.220889 209.423017 142.270868 144.346805 194.023194 291.084180 221.686716 210.109495 221.350401 147.146186 101.237345 206.322563 9.219544 137.320792 153.013071 164.754363 103.310212 247.315588 257.419890 233.308808 54.083269 
233.000000 9.000000 1.000000 a 67.230945 44.384682 51.224994 183.809684 303.815734 252.517326 114.280357 358.933141 304.647337 262.840256 267.016853 55.108983 302.443383 228.632894 142.414887 195.358645 47.265209 74.726167 65.115282 211.624668 329.279517 186.400107 277.742687 198.979898 297.112773 278.217541 369.167983 248.268000 298.718931 205.204776 
292.000000 4.000000 4.000000 a 439.683977 409.785310 459.802131 285.047364 358.019553 238.136515 529.801850 161.000000 280.114262 490.486493 332.661991 406.055415 209.461214 353.407697 542.623258 417.771469 480.020833 489.295412 414.981927 295.061011 280.001786 265.505179 214.282524 361.204928 219.494875 173.807365 237.892833 458.446289 373.642878 250.521456 
124.000000 1.000000 3.000000 a 368.902426 336.715013 388.027061 217.313138 298.605090 180.005555 455.000000 111.892806 239.493215 436.570727 284.508348 333.640525 146.030819 298.810977 473.667605 358.508019 405.444201 414.493667 340.195532 223.271136 225.942471 190.965966 160.000000 290.413498 172.965314 103.788246 215.448370 390.691694 313.193231 180.294204 
135.000000 8.000000 3.000000 a 136.751600 100.662803 119.670381 225.754291 260.155723 294.598031 65.368188 352.695336 358.068429 332.469547 326.840940 114.725760 292.330293 290.644112 199.461776 263.518500 36.400549 25.000000 51.000000 193.494186 300.566132 201.101964 317.505905 159.655880 340.277828 301.293876 417.506886 185.714835 252.071418 236.660094 
254.000000 9.000000 1.000000 a 112.147225 144.474911 137.364479 131.061054 411.811850 164.158460 288.882329 377.584428 163.807814 112.924754 108.687626 130.176803 340.266072 67.601775 164.210231 24.698178 222.892351 250.960156 213.908859 288.901367 403.093041 207.002415 189.214164 315.939868 192.481168 239.870799 236.812162 398.610085 413.265048 172.046505 
127.000000 8.000000 1.000000 a 151.211772 108.226614 164.210231 82.855296 231.008658 142.506140 229.008733 221.020361 222.335332 295.296461 213.009389 108.784190 170.660482 191.002618 259.563094 207.060378 174.289988 186.432293 112.698713 106.470653 222.252109 41.880783 161.152102 143.450340 187.042776 137.905765 268.745233 242.392244 234.068366 76.419893 
223.000000 8.000000 4.000000 a 120.904921 134.357731 94.540996 270.857896 377.064981 337.397392 103.469802 452.133830 376.977453 278.842249 330.393705 140.089257 394.464194 289.290511 106.018866 237.075937 82.389320 98.478424 147.410990 300.101649 413.619390 281.007117 363.633057 275.327078 380.171014 371.237121 446.077348 296.710296 369.086711 296.649625 
243.000000 2.000000 4.000000 a 277.483333 223.761033 277.115499 239.576710 73.164199 283.555991 242.538657 193.871091 371.361010 451.388968 371.710909 233.379519 135.384637 352.139177 374.626481 364.716328 228.484135 218.048160 168.240899 64.621978 108.240473 156.773722 292.851498 35.693137 321.080987 231.417372 402.402783 115.316955 73.239334 216.092573 
204.000000 3.000000 1.000000 a 110.344914 100.169856 134.014925 47.434165 318.056599 110.675200 254.283307 285.175385 163.076669 209.859477 136.623570 89.537702 244.376758 107.615055 210.261742 121.264174 188.663722 211.149236 151.604749 193.279590 306.066986 110.113578 137.058382 227.114509 153.844077 160.153052 225.088871 319.175500 320.781857 84.433406 
244.000000 3.000000 5.000000 a 159.655880 115.550855 172.029067 88.588938 222.607278 145.523194 231.572883 212.924869 227.094694 304.310696 219.718001 116.760439 161.895028 198.698264 267.917898 216.011574 178.549713 189.446562 115.247560 97.616597 213.046943 36.069378 163.012269 136.751600 189.446562 135.118467 271.552941 237.143417 225.966812 78.006410 
263.000000 4.000000 1.000000 a 324.616697 271.016605 321.309819 295.949320 38.470768 339.271278 262.427133 222.524156 427.375713 504.223165 428.077096 281.824413 170.950285 408.074748 416.454079 418.417256 261.690657 246.073160 209.093281 119.954158 113.441615 213.009389 347.679450 78.771822 375.898923 283.240181 456.632237 88.729927 26.172505 272.207641 
228.000000 1.000000 5.000000 a 293.640937 322.869943 318.341012 247.008097 552.287063 220.907220 470.485919 458.443017 140.730238 150.266430 115.277925 308.638948 442.661270 137.557261 320.413795 165.680415 404.372353 432.200185 389.077113 425.793377 522.034482 332.340187 228.600087 469.802086 208.463426 307.262103 180.277564 564.257034 557.659394 276.383791 
165.000000 9.000000 5.000000 a 310.831144 277.852479 329.508725 161.969133 267.761088 135.340312 397.819054 111.251966 208.906678 390.001282 245.246814 274.934538 118.186294 253.505424 416.396446 308.462315 347.047547 356.808072 282.418130 175.251248 204.824315 132.548104 121.115647 243.148103 141.322327 49.365980 202.950733 347.051869 280.643902 123.308556 
130.000000 8.000000 1.000000 a 223.134489 185.162091 205.000000 297.006734 232.690782 363.496905 77.129761 371.397361 434.493959 418.561823 408.162958 199.449242 309.995161 373.630834 275.414233 349.731325 115.364639 87.000000 121.494856 211.815958 293.165482 252.768669 383.885400 154.311374 408.892406 353.638233 489.123706 126.015872 220.095434 299.549662 
293.000000 1.000000 2.000000 a 268.167858 214.410821 267.151642 236.008474 82.280010 282.306571 230.846269 202.891597 369.529430 444.149750 368.021738 224.368001 143.561833 347.351407 364.329521 357.928764 217.117480 206.421898 157.537297 65.306967 119.854078 154.767568 292.617498 24.186773 320.814588 233.488758 402.558070 109.658561 80.529498 214.245187 
215.000000 9.000000 2.000000 a 387.752498 365.034245 410.121933 230.672929 373.363094 173.738309 498.658200 190.276115 204.083316 418.445934 258.909251 359.089125 220.635446 283.063597 485.800371 350.201371 442.928888 456.219246 382.298313 286.099633 303.204551 233.025750 147.732867 353.990113 147.363496 132.003788 159.878079 457.839492 387.284133 202.566039 
129.000000 3.000000 5.000000 a 395.698117 363.732044 414.956624 243.402958 315.006349 203.214173 481.245260 121.597697 257.256681 459.186237 305.000000 360.624458 163.990853 321.375170 500.176969 382.562413 432.209440 440.959182 366.721966 246.617112 239.415956 217.793480 181.796590 313.129366 192.210822 130.176803 226.636272 411.643049 330.151480 206.891276 
260.000000 1.000000 2.000000 a 341.695771 303.041251 357.798826 202.311641 236.685445 185.064853 407.774447 60.207973 260.756591 436.716155 295.746513 302.319368 84.023806 301.663720 449.321711 353.050988 363.254732 369.112449 295.844554 166.364059 165.520391 153.182897 172.525360 232.122812 193.204555 96.690227 252.794383 330.171168 251.199124 161.644672 
221.000000 3.000000 4.000000 a 355.879193 304.105245 361.001385 273.905093 83.677954 295.237193 345.800521 115.156415 383.275358 507.961613 399.664860 310.710476 80.062476 390.216607 460.004348 419.362612 325.969324 318.788331 260.909946 113.159180 8.062258 189.274932 295.108455 138.191896 321.822933 218.826415 395.607128 201.079586 100.284595 238.799079 
Type de surveillance de chaque endroit(target):tab[nombre de target]
a a a a a a a a a a a a a a a a a a a a a a a a a a a a a a 