Nombre des capteurs:
30
Nombre des targets:
30
Nombre de type de surveillance:
1

Caracteristiques:
277.000000 6.000000 1.000000 a 418.578547 244.738636 180.543624 209.153054 278.001799 65.000000 319.037615 204.831638 212.362897 363.232708 430.834075 200.900473 520.566038 448.486343 110.887330 159.176003 251.753848 240.435022 308.768522 247.881020 201.308221 230.852767 285.077183 224.396970 375.502330 366.829661 376.324328 341.634307 410.030487 359.434278 
133.000000 1.000000 2.000000 a 333.352666 177.045192 127.906216 157.724443 251.191162 97.308787 205.234013 66.030296 60.745370 262.819330 282.194968 142.284925 382.561106 298.824363 136.367151 51.623638 94.021274 249.721845 151.953940 154.845084 216.787915 207.424685 150.748134 263.108343 222.283603 261.396251 258.069758 241.350368 258.860967 352.625864 
147.000000 3.000000 2.000000 a 158.448730 126.589889 320.764711 154.806331 195.634864 286.923335 325.399754 137.440896 146.492321 83.737686 126.317061 329.309884 191.564611 144.506055 241.400083 247.655002 158.902486 242.637590 175.385290 95.775780 238.648277 188.957667 53.338541 283.704071 232.568270 75.006666 57.008771 71.554175 121.016528 279.121837 
260.000000 3.000000 5.000000 a 18.000000 192.023436 476.931861 227.431308 185.151289 412.752953 497.016096 287.235095 304.108533 90.917545 239.820766 488.578550 210.297408 250.567356 327.981707 400.660704 327.963413 246.611030 347.047547 198.295234 268.888453 218.579505 218.680132 291.893816 399.091468 97.200823 122.147452 110.571244 253.584306 200.561711 
127.000000 1.000000 1.000000 a 209.038274 35.693137 271.007380 18.000000 107.647573 187.114938 338.540987 103.368274 128.035151 153.574086 263.774525 286.810042 328.907282 282.349075 106.775465 196.310978 177.485211 123.490890 229.244411 45.254834 105.536723 70.342022 118.330047 154.870914 304.290979 158.483438 174.071824 132.502830 252.253840 209.976189 
222.000000 1.000000 4.000000 a 421.236276 271.449811 44.407207 252.438111 345.810642 126.099167 131.137333 151.168780 134.082064 347.979884 328.709598 50.960769 439.209517 342.537589 215.406592 45.221676 128.390031 340.865076 161.548754 246.789384 305.785873 301.318768 225.390772 349.276395 207.966343 344.702771 335.386344 327.392731 301.862552 446.870227 
177.000000 6.000000 1.000000 a 198.587512 89.140339 263.045623 104.403065 172.985549 219.317122 291.358885 73.979727 89.157165 124.919974 179.769297 273.912395 258.588476 198.345658 177.552809 187.536663 119.603512 205.878605 157.699081 50.039984 192.442199 150.479234 31.016125 241.124449 228.484135 122.249744 119.268604 104.388697 166.012048 270.085172 
218.000000 9.000000 5.000000 a 288.209993 183.412104 200.422055 186.424247 268.793601 208.830074 194.617574 75.690158 57.801384 212.407627 175.513532 205.119477 283.425475 190.905736 220.510771 137.244308 28.160256 291.986301 60.671245 145.773797 270.000000 238.549785 85.041167 320.001562 136.091881 205.798445 188.448932 195.133288 150.233152 368.461667 
178.000000 4.000000 5.000000 a 273.380687 345.218771 481.448855 375.832409 399.392038 488.190537 418.688428 335.965772 332.729620 245.936984 110.981981 482.056013 64.327288 95.189285 461.069409 423.249335 311.488363 454.814248 279.873186 317.165572 456.863218 404.665294 256.811215 498.759461 275.363396 233.634330 201.357890 255.415348 135.977939 457.685482 
130.000000 4.000000 4.000000 a 424.948232 288.721319 80.280757 275.045451 368.209180 172.539850 86.833173 162.003086 140.089257 349.824242 305.419384 73.824115 419.001193 317.516929 252.723169 82.389320 115.433964 370.361985 130.862523 259.187191 337.502593 326.450609 222.800359 383.318406 165.205932 344.820243 330.643312 330.552568 277.650860 470.408333 
161.000000 8.000000 3.000000 a 254.072824 169.499263 411.004866 159.524293 96.664368 294.170019 506.077069 277.713882 302.200265 250.928277 415.322766 430.116263 447.320914 432.935330 182.035711 346.447687 353.617024 54.129474 406.601771 208.240246 85.755466 108.074049 287.628232 51.429563 481.602533 262.733705 294.762616 240.634578 410.896581 97.046381 
227.000000 3.000000 1.000000 a 412.021844 282.681800 103.004854 271.825312 364.160679 186.271308 82.855296 155.080624 131.711807 336.481797 284.063373 97.082439 398.151981 295.746513 258.275047 92.913939 99.729635 370.195894 108.664622 251.143385 338.840671 324.118805 208.751048 385.849712 142.435951 330.820193 314.874578 317.855313 256.158154 466.502947 
290.000000 3.000000 2.000000 a 102.610916 219.585974 523.057358 247.426757 170.751281 438.292140 565.729617 338.864280 359.856916 167.573864 336.703133 537.479302 309.095455 348.610097 337.130539 446.938475 393.909888 221.815238 423.387529 241.859463 255.001961 217.006912 287.586509 260.647271 482.958590 178.474088 211.009478 179.613474 347.908034 132.400906 
173.000000 9.000000 3.000000 a 390.448460 301.365227 205.411782 303.000000 386.746687 274.592425 113.635382 185.779439 162.197411 316.082268 212.084889 198.113604 326.724655 219.257839 321.375170 181.617730 109.370928 408.221753 59.059292 263.577313 383.787702 355.658544 196.022958 433.497405 40.000000 307.092820 281.783605 302.059597 184.393601 486.153268 
109.000000 3.000000 2.000000 a 259.493738 323.641777 459.243944 353.771112 379.760451 464.889234 399.624824 312.641968 309.472131 227.431308 87.846457 460.184746 60.745370 72.532751 438.179187 400.384815 288.792313 434.373112 258.520792 294.920328 435.508898 383.637850 233.649310 477.980125 257.513106 214.888343 181.661774 235.790161 113.322549 440.930834 
296.000000 3.000000 1.000000 a 272.029410 163.600122 382.188435 146.413797 105.380264 262.931550 482.979296 259.976922 283.975351 259.433999 415.030119 401.662794 455.834400 433.077360 152.052622 320.207745 336.386682 46.529560 391.563533 200.661406 62.169124 100.284595 279.873186 17.029386 467.309319 270.414497 300.193271 246.564393 408.256047 130.311166 
155.000000 1.000000 1.000000 a 271.140185 342.414953 479.037577 373.012064 396.698878 485.479145 416.811708 333.222148 330.043936 243.312556 108.337436 479.710329 62.817195 92.655275 458.245567 420.689910 308.967636 452.070791 277.613040 314.340580 454.070479 401.888044 254.007874 495.996976 273.651238 230.991342 198.647930 252.715255 133.454112 455.214235 
147.000000 5.000000 1.000000 a 319.452657 146.372812 180.693110 114.284732 199.461776 76.922038 285.049119 105.118980 119.079805 259.514932 328.298645 199.612124 414.614279 346.343760 54.129474 118.105885 167.720005 182.035711 227.771816 143.265488 145.000000 151.476071 180.013888 186.954540 301.370204 262.225094 270.203627 237.655212 309.187645 295.020338 
196.000000 4.000000 3.000000 a 392.449997 226.176922 90.735880 199.123078 288.780193 43.931765 214.009346 133.090195 129.340636 325.000000 349.995714 110.535062 451.240512 366.307248 139.517024 50.990195 155.000000 273.122683 207.241405 211.834841 235.592869 241.400083 218.659553 275.138147 269.601558 324.815332 324.260698 303.145180 326.021472 385.922272 
152.000000 8.000000 4.000000 a 258.001938 210.950231 282.285317 227.741081 291.084180 292.714878 244.393126 146.577624 137.277092 186.796681 90.801982 284.481985 203.002463 105.304321 287.689068 222.854212 111.018017 328.955924 90.249654 172.539850 315.784737 273.514168 93.059121 364.660116 129.957685 176.173210 146.986394 176.875663 64.513564 381.407918 
190.000000 6.000000 5.000000 a 408.099253 333.256658 242.835335 337.748427 418.389770 316.180328 132.574507 223.000000 200.202398 335.644157 210.202284 233.824721 321.512053 213.927558 361.365466 223.015695 147.217526 443.301252 90.669730 294.703241 420.475921 389.802514 222.467975 470.383886 20.518285 325.627087 297.309603 323.630963 184.200977 516.085264 
248.000000 9.000000 2.000000 a 45.254834 208.952148 480.803494 245.350769 213.300258 425.042351 490.474260 291.568174 306.218876 93.904207 216.004630 491.199552 176.819117 225.077764 346.733327 405.291253 324.696782 275.138147 337.831319 209.038274 294.715117 242.785914 216.538680 320.914319 384.689485 95.603347 110.941426 115.732450 232.467202 235.127625 
221.000000 1.000000 3.000000 a 198.919582 69.426220 261.122577 81.743501 154.538021 206.770404 300.892007 72.006944 92.005435 128.565159 201.814271 273.441036 276.799566 220.410980 156.847059 184.715998 130.633074 184.271539 174.255559 31.016125 169.799882 129.034879 53.851648 218.680132 246.910915 128.191263 131.244047 106.887792 188.663722 253.692728 
250.000000 4.000000 2.000000 a 117.957620 199.200904 419.010740 234.087590 240.468293 386.167062 407.888465 237.760384 246.032518 85.440037 119.012604 426.385975 111.251966 129.034879 330.541979 347.144062 251.543237 298.638578 253.124475 181.121506 306.178053 252.461878 153.013071 343.918595 292.205407 74.202426 50.537115 99.035347 135.665029 295.670425 
157.000000 8.000000 3.000000 a 123.320720 56.080300 340.147027 92.698436 105.019046 271.737005 379.906567 152.643375 173.002890 66.708320 214.704448 353.305817 255.618857 232.180964 193.680149 263.592489 208.278659 156.668440 243.987705 57.870545 160.589539 107.168092 107.354553 200.524313 311.040190 73.783467 98.081599 47.434165 211.992924 189.718212 
238.000000 7.000000 2.000000 a 105.323312 75.272837 356.001404 111.946416 114.769334 290.441044 390.346000 167.263266 186.453748 47.885280 206.526027 368.635321 240.208243 223.439030 213.046943 279.474507 218.524598 170.017646 250.449596 75.312682 176.867182 123.044707 113.463651 214.804562 314.930151 56.080300 83.862983 30.479501 206.242576 191.441897 
223.000000 7.000000 5.000000 a 95.000000 199.699775 436.569582 235.715931 231.624696 397.112075 431.189054 252.017857 262.291822 78.873316 145.344419 444.812320 123.166554 154.728795 334.701359 363.411612 271.737005 291.547595 276.725496 186.574382 302.423544 248.519617 169.186288 337.379608 317.982704 70.491134 60.008333 96.896852 162.289864 278.919343 
187.000000 2.000000 4.000000 a 131.400152 50.089919 353.974575 80.752709 61.684682 271.412969 407.932592 173.948268 196.824795 97.590983 258.062008 368.880740 293.211528 275.408787 179.337670 278.195974 238.247770 116.606175 279.427987 77.620873 126.826653 73.246160 145.330657 161.839427 349.124620 107.935166 137.557261 83.761566 255.548430 149.187801 
258.000000 7.000000 2.000000 a 521.329071 401.647856 165.469030 391.531608 483.740633 284.508348 38.897301 274.116763 250.203917 445.567054 358.376897 146.509385 472.945029 365.321776 372.247230 200.820816 210.722566 489.310740 191.942700 368.897005 457.083143 443.798378 318.454078 503.160014 173.649071 438.401642 417.712820 428.553381 330.643312 586.072521 
232.000000 9.000000 4.000000 a 506.463227 369.120577 98.127468 353.389304 446.878059 222.396043 67.424031 243.287895 221.812984 431.157744 373.289432 78.000000 488.364618 383.334058 319.225626 149.217961 195.071782 444.686406 197.587955 340.587727 409.939020 403.628542 303.713681 453.476571 206.400097 425.832127 410.332792 412.112849 345.137654 548.665654 
Type de surveillance de chaque endroit(target):tab[nombre de target]
a a a a a a a a a a a a a a a a a a a a a a a a a a a a a a 