Nombre des capteurs:
30
Nombre des targets:
30
Nombre de type de surveillance:
1

Caracteristiques:
111.000000 2.000000 5.000000 a 177.507746 375.406446 136.058811 188.151535 302.100976 442.232970 417.268499 308.967636 128.035151 345.052170 363.077127 213.215853 164.368488 324.755292 392.073973 53.009433 323.125363 288.530761 180.878412 298.511306 365.164347 430.846841 249.633732 162.742127 287.405637 138.003623 190.515091 439.764710 282.200283 331.472472 
292.000000 4.000000 1.000000 a 40.162171 396.232255 196.086716 38.013156 359.562234 471.291842 459.108920 359.005571 309.012945 332.615394 236.103791 363.880475 92.048900 359.922214 383.400574 224.588513 333.946103 130.384048 239.776980 311.834892 422.654705 479.350602 138.351003 318.064459 393.395475 302.041388 63.007936 311.411304 150.615404 239.282260 
206.000000 7.000000 4.000000 a 244.131112 140.687597 106.943911 244.969386 77.794601 209.697401 188.308258 80.000000 191.269443 122.090131 245.458754 157.746632 320.315469 90.824006 162.003086 187.683244 91.547802 249.064249 55.154329 69.123079 143.010489 205.299781 189.525724 149.566039 124.004032 161.245155 320.663375 299.132078 216.037034 188.448932 
156.000000 8.000000 1.000000 a 341.843531 338.363710 210.237960 350.035712 252.057533 381.284671 348.661727 264.168507 69.260378 349.000000 456.277328 85.702975 354.611055 289.499568 379.043533 155.029030 312.771482 419.153910 208.060087 295.528340 293.170599 352.625864 364.045327 82.758685 185.607112 83.192548 377.359245 520.973128 398.026381 406.007389 
135.000000 9.000000 2.000000 a 268.411997 122.800651 200.084982 263.433103 150.216510 190.588562 191.324332 139.560023 321.398507 46.572524 146.372812 290.642392 366.006831 119.364986 89.375612 298.328678 76.941536 205.231577 167.155616 77.826731 182.024724 214.105114 162.889533 283.063597 233.460918 292.405540 352.933421 176.773867 168.371613 89.844310 
149.000000 5.000000 3.000000 a 323.785423 86.833173 243.018518 319.075226 145.344419 142.940547 150.562279 132.774244 349.721318 36.400549 188.904738 304.921301 420.415271 107.200746 37.947332 338.141982 72.801099 259.268201 202.704218 89.961103 156.041661 173.046237 218.826415 306.373955 231.490821 319.582540 408.306258 200.202398 222.829531 138.231690 
212.000000 8.000000 3.000000 a 356.040728 391.760131 241.400083 365.328619 305.360443 436.146764 403.629781 317.245961 94.366308 398.503450 492.760591 140.431478 353.005666 342.163704 430.813185 166.337007 363.323547 445.820592 248.823230 344.843443 348.053157 407.707003 393.859112 128.502918 240.674053 119.854078 379.697248 560.736123 428.239419 445.479517 
206.000000 9.000000 3.000000 a 110.462663 418.168626 176.139150 121.655251 358.745035 490.828891 470.967090 362.505172 229.264040 370.696641 331.789090 306.349474 60.033324 372.108855 421.531731 144.668587 358.860697 236.780489 228.569464 334.053888 424.304136 487.862686 218.160491 255.820249 365.000000 233.465201 89.022469 410.143877 243.823707 316.697016 
291.000000 8.000000 2.000000 a 96.005208 415.177071 176.051129 107.018690 358.453623 488.466990 469.554044 361.653149 239.493215 365.328619 319.112833 313.746713 48.507731 370.151320 416.432468 153.844077 355.128146 222.467975 228.326521 330.492057 424.057779 486.963038 206.400097 263.539371 368.570210 241.960741 74.148500 397.327321 230.930726 306.104557 
280.000000 1.000000 2.000000 a 347.850543 35.171011 244.951016 344.607023 108.756609 96.254870 99.297533 96.041658 331.903600 49.819675 237.507895 275.485027 439.829512 69.835521 21.931712 333.294164 55.578773 298.457702 197.914123 80.411442 105.848949 122.000000 251.984126 284.763059 192.096330 301.317109 431.588925 252.285552 261.335034 183.469343 
147.000000 9.000000 1.000000 a 173.366663 225.062214 169.118302 166.138496 223.293529 296.770955 293.373482 216.684102 314.579084 151.162165 83.868945 315.981012 274.710757 205.496959 197.648678 263.797271 167.502239 97.637083 166.090337 153.525242 272.800293 315.753068 58.309519 290.987972 291.446393 290.833286 256.041012 155.331903 60.464866 47.381431 
263.000000 3.000000 4.000000 a 207.684857 178.370401 67.542579 209.353768 116.846053 248.781028 227.923233 119.620232 171.723615 149.214611 239.033470 158.823802 281.042701 129.769026 194.041233 154.116839 124.579292 226.221131 18.027756 100.124922 182.332115 244.951016 166.243797 137.974635 149.906638 143.600139 282.336678 300.507903 196.155551 186.010752 
219.000000 8.000000 2.000000 a 78.549348 283.867927 110.022725 75.286121 249.707829 358.938713 346.770818 248.229732 251.924592 221.963961 171.813853 282.294173 175.863583 247.881020 273.197731 182.879742 221.578429 102.083299 139.742621 199.409127 311.554169 367.164813 56.938563 244.049175 292.514957 235.274308 162.889533 249.771896 89.498603 150.562279 
183.000000 3.000000 4.000000 a 77.620873 335.943448 99.156442 86.977008 280.280217 409.216324 390.544492 283.028267 195.829007 287.543040 265.113183 254.183005 118.139748 290.987972 338.363710 112.294256 276.090565 184.114095 150.655236 251.382179 345.827992 408.207055 149.883288 206.651881 296.516441 189.380569 125.219807 343.169055 180.601772 241.615397 
199.000000 4.000000 2.000000 a 50.635956 396.364731 170.578428 60.876925 347.908034 470.919314 454.805453 349.450998 262.274665 340.332191 275.771645 326.643537 54.424259 354.684367 391.761407 176.025566 334.790980 176.139150 220.367874 310.924428 412.989104 473.565201 166.048186 278.226526 369.238405 259.422435 51.971146 353.479844 187.541995 267.748016 
259.000000 5.000000 3.000000 a 208.031248 179.025138 67.082039 209.773688 116.931604 249.274949 228.265197 119.854078 170.343770 150.336290 240.393428 157.496032 280.978647 130.268953 195.023076 153.081678 125.483067 227.266364 17.000000 101.079177 182.452734 245.203997 167.299133 136.561342 149.164339 142.200563 282.453536 301.915551 197.294197 187.408644 
105.000000 6.000000 5.000000 a 106.550458 466.428987 244.380850 111.485425 420.990499 541.324302 526.430432 422.148078 326.663435 406.970515 316.697016 396.944581 41.773197 426.356658 458.248841 240.441261 404.400791 210.038092 294.083322 381.083980 485.824042 545.619831 218.579505 347.558628 442.867926 327.232333 22.671568 391.005115 231.812424 320.156212 
237.000000 3.000000 2.000000 a 551.841463 207.060378 412.082516 551.609463 231.354706 144.256716 138.351003 230.722777 419.672491 283.134244 473.895558 328.562018 628.732853 231.036794 248.294180 466.135174 264.321774 528.160960 360.118036 282.115225 166.964068 115.693561 475.673207 369.102967 233.927339 394.361509 629.784090 482.034231 491.057023 419.325649 
158.000000 1.000000 1.000000 a 17.262677 374.701214 173.080906 15.620499 336.657096 449.774388 437.028603 336.264777 289.126270 312.313945 226.433213 341.716257 98.183502 337.616647 363.341437 205.759568 312.417989 123.939501 216.517898 290.000000 399.962498 457.106115 122.482652 296.432117 370.158074 281.044480 75.690158 303.265560 139.003597 224.555116 
123.000000 1.000000 5.000000 a 264.378517 148.475587 213.506440 258.321505 178.986033 212.849712 216.342321 168.404275 341.760150 73.171033 120.074977 315.905049 364.156560 148.124947 108.706026 312.750699 105.721332 188.798835 185.930094 106.103723 210.038092 239.140126 153.075145 305.643583 261.772802 313.445370 348.432203 148.000000 152.970585 66.730802 
219.000000 1.000000 2.000000 a 243.100802 241.406297 251.286689 234.000000 267.525700 302.689610 308.690784 257.965114 394.575722 166.433170 31.240999 386.587636 344.023255 239.676866 197.699267 347.247750 197.365144 132.502830 241.478778 193.380454 303.014851 331.436268 128.413395 367.009537 346.359640 369.380563 320.407553 72.346389 107.377838 43.600459 
282.000000 5.000000 5.000000 a 300.241569 327.514885 173.216627 308.585482 241.505694 377.298290 346.001445 252.794383 27.658633 329.309884 422.933801 87.641314 313.229947 276.741757 363.661931 113.039816 295.083039 380.717743 177.800450 275.675534 290.001724 352.625864 326.840940 59.774577 186.959889 48.836462 335.529432 490.066322 361.066476 374.809285 
127.000000 3.000000 3.000000 a 191.400104 192.065093 53.450912 193.204555 133.003759 263.410326 243.281730 135.417872 171.026314 158.113883 233.006438 167.026944 264.915081 144.474911 204.707108 145.248064 136.312142 213.936907 16.124515 111.462998 198.398589 260.633843 154.175225 141.605085 164.975756 144.312162 265.956763 297.257464 185.153990 182.123584 
184.000000 2.000000 5.000000 a 239.603840 218.332316 233.822582 231.248784 243.199507 281.177880 286.024474 233.636470 375.150636 142.898565 50.596443 364.178528 341.150993 215.455332 176.264007 331.187258 173.184872 138.235307 220.780434 169.056204 279.087800 308.807383 123.101584 346.005780 322.262316 349.310750 319.595056 92.314679 108.157293 24.596748 
210.000000 4.000000 4.000000 a 50.487622 337.312911 112.294256 59.203040 287.814176 411.611467 394.964555 289.352726 222.173356 283.769272 243.846263 276.030795 112.058021 294.869463 335.094017 139.842769 276.123161 158.050625 160.801119 251.962299 352.881000 413.580706 128.736164 229.871703 311.416120 214.002336 111.040533 322.243697 157.496032 225.077764 
299.000000 6.000000 3.000000 a 372.343927 265.572965 365.377887 363.111553 325.066147 300.541179 319.756157 312.921715 499.895989 210.508907 149.753130 473.780540 473.026426 288.293253 210.344955 464.285473 249.633732 257.000000 343.677174 258.507253 336.481797 340.076462 257.526698 464.656863 411.048659 472.016949 448.491917 83.186537 236.000000 161.124176 
288.000000 2.000000 1.000000 a 327.331636 198.879360 299.901651 319.330550 253.475837 243.131652 258.027130 241.499482 430.267359 138.924440 123.709337 401.639142 428.924236 217.368351 145.000000 399.260567 177.867929 225.461748 274.401166 186.171964 268.867997 279.517441 210.736803 393.629267 339.235906 401.888044 408.138457 96.840074 196.840037 108.558740 
117.000000 1.000000 1.000000 a 229.002183 235.934313 235.357175 220.145406 257.390754 299.628103 303.898009 248.261958 379.011873 160.124951 32.557641 372.507718 330.218110 231.034629 194.794764 331.157062 189.010582 122.249744 226.459709 183.324848 295.489425 326.695577 113.534136 352.051133 334.773057 354.031072 307.358097 88.238314 94.540996 29.546573 
268.000000 2.000000 5.000000 a 309.131040 225.284265 297.941269 300.426364 272.459171 274.052915 287.085353 261.047888 434.200415 159.423963 94.847246 412.710552 410.487515 238.296034 173.184872 396.687534 197.091349 200.282301 278.028775 201.692836 293.833286 309.001618 193.023315 400.644481 357.000000 406.834119 387.738314 63.953108 174.797025 93.941471 
268.000000 3.000000 5.000000 a 517.289087 180.712479 375.586208 517.403131 196.163197 126.889716 113.137085 196.458647 381.811472 256.846258 449.161441 290.998282 592.555483 199.060292 226.638479 428.253430 234.718981 498.334225 323.854906 250.890414 133.146536 90.553851 444.544711 331.158572 195.920902 356.387430 594.357636 462.432698 461.410880 393.193337 
Type de surveillance de chaque endroit(target):tab[nombre de target]
a a a a a a a a a a a a a a a a a a a a a a a a a a a a a a 