Nombre des capteurs:
30
Nombre des targets:
30
Nombre de type de surveillance:
1

Caracteristiques:
145.000000 9.000000 1.000000 a 339.425986 412.825629 334.252898 297.417215 353.005666 346.382736 452.603579 52.630789 214.410821 156.028843 443.527902 149.110697 512.465609 304.174292 179.694185 178.443268 204.012255 76.419893 243.402958 223.660457 499.225400 490.102030 172.568827 369.151730 271.118055 417.834896 321.006230 365.636431 540.703246 344.815893 
205.000000 5.000000 3.000000 a 227.844245 323.706657 238.096619 260.909946 235.669260 231.672182 382.001309 85.375641 161.755989 163.517583 317.039430 176.173210 383.512712 188.279048 57.384667 138.755180 137.360839 118.258192 114.017543 137.131324 377.047742 359.673463 44.777226 300.426364 254.848975 289.228284 254.436633 268.001866 421.413099 345.637093 
110.000000 9.000000 4.000000 a 149.933319 226.108381 144.003472 160.377679 166.400120 158.256122 278.460051 141.421356 63.702433 112.004464 263.706276 134.372616 335.059696 118.726577 143.178211 59.665736 36.235342 129.468143 166.964068 34.205263 313.292196 316.483807 74.793048 196.002551 163.355441 242.668498 149.482440 175.316856 352.320876 255.976561 
252.000000 3.000000 1.000000 a 178.227383 238.872351 222.575830 366.922335 153.551294 165.366260 316.425347 426.010563 335.554765 414.004831 58.240879 437.640263 45.122057 192.346042 323.488794 357.962289 320.477768 432.902991 269.462428 288.321002 90.338253 16.278821 306.080055 298.760774 403.001241 65.734314 300.166620 210.440015 131.244047 472.771615 
296.000000 8.000000 5.000000 a 332.831789 246.142235 282.605732 180.227634 355.578402 344.569296 178.361991 434.079486 279.164826 304.962293 426.757542 311.173585 478.850707 351.876399 483.649667 303.981907 305.004918 385.695476 498.934865 316.526460 420.576985 481.394848 415.245710 190.829767 191.133461 433.004619 212.136748 280.743655 422.143341 121.823643 
122.000000 6.000000 3.000000 a 55.605755 145.124085 59.000000 159.677801 75.239617 65.368188 213.466625 234.648674 109.444050 189.781453 176.173210 213.550931 247.776109 36.496575 196.040812 134.238594 96.607453 223.664928 187.619295 66.287254 220.227155 232.606965 137.673527 141.777995 186.271308 160.461833 109.622078 87.475711 257.856549 269.473561 
247.000000 1.000000 4.000000 a 248.696602 191.512402 198.517002 74.330344 273.344105 261.467015 157.155973 329.293182 172.626765 202.200396 358.308526 211.400095 419.314917 260.019230 377.690349 197.327140 198.829072 282.708330 395.915395 212.424104 367.066751 416.273948 309.386490 120.104121 87.091905 358.131261 120.768373 205.975727 380.110510 64.513564 
194.000000 7.000000 1.000000 a 232.499462 206.864690 186.217615 42.011903 257.815826 245.652193 196.580772 267.507009 120.507261 139.359248 352.115038 148.485690 418.431595 234.008547 325.262971 139.542108 147.989865 220.004545 350.052853 167.886867 372.236484 411.098528 257.856549 134.182711 24.515301 346.317773 110.548632 202.800394 392.746738 73.239334 
158.000000 6.000000 1.000000 a 230.729279 131.928011 183.218449 138.740765 251.071703 241.132744 64.124878 398.502196 227.055059 282.349075 313.542661 296.735573 363.352446 256.912436 416.480492 260.192237 247.267062 358.934534 419.200429 247.648945 304.690006 366.870549 349.493920 91.065910 174.244082 322.297999 130.080744 174.091930 306.780052 163.682620 
231.000000 5.000000 4.000000 a 120.440857 222.146348 171.046777 307.709278 97.082439 108.226614 305.119649 327.905474 256.007812 328.239242 85.702975 351.331752 139.402296 114.586212 224.200803 272.767300 236.611496 338.337110 172.791782 204.352636 152.610616 113.278418 207.547585 261.910290 337.136471 53.758720 247.872951 173.233946 200.878072 417.432629 
133.000000 1.000000 4.000000 a 136.780847 211.248669 129.251692 151.162165 154.207652 145.602198 264.229067 156.118545 58.249464 117.957620 252.685575 141.056726 324.237567 107.354553 153.521985 63.000000 31.304952 142.341140 172.557237 19.416488 300.800598 306.400065 85.234969 182.098874 157.746632 232.690782 136.066160 160.589539 339.165152 250.049995 
146.000000 3.000000 3.000000 a 75.166482 48.093659 38.118237 149.642908 94.047860 84.504438 122.155638 320.789651 162.788206 245.489307 167.370846 267.824569 229.218237 108.157293 293.001706 197.570241 165.592874 299.546324 279.951782 146.013698 181.024860 225.228773 233.931614 73.925638 191.481070 169.664375 81.024688 17.029386 203.901937 249.339126 
148.000000 2.000000 3.000000 a 112.449989 20.000000 89.844310 186.214930 122.776219 117.175083 97.185390 374.012032 214.273190 295.736369 164.304595 317.491732 214.009346 151.330764 341.708940 249.609695 218.490274 352.274041 323.360480 199.210943 157.407115 216.787915 284.971928 92.962358 230.325856 176.388775 121.490740 59.841457 169.011834 274.242593 
147.000000 3.000000 1.000000 a 278.188785 382.102081 295.895252 328.124976 281.460477 279.685538 444.703272 116.811814 228.965063 225.019999 350.351252 234.437625 411.526427 237.446836 48.259714 205.428820 204.284116 165.496224 106.508216 201.556444 414.276478 385.394603 101.079177 364.428319 321.502722 320.089050 319.427613 324.353203 460.765667 411.636976 
244.000000 8.000000 3.000000 a 252.253840 293.470612 228.650388 155.232084 273.029302 262.992395 318.628310 121.852370 93.861600 11.704700 373.626819 18.110770 445.314496 228.980349 216.453228 63.560994 101.237345 70.611614 262.413795 132.853303 416.509304 428.842628 161.919733 237.674147 126.003968 355.449012 191.668985 258.147245 450.708331 203.027092 
222.000000 6.000000 1.000000 a 209.351379 296.204321 259.254701 399.505945 184.458667 196.420467 377.708883 406.787414 349.173309 419.634365 120.104121 442.398011 121.412520 207.894204 287.902761 364.664229 329.097250 423.483176 226.920691 297.015151 169.008876 94.540996 287.336040 346.192143 430.131375 104.403065 337.480370 255.882786 210.774761 508.802516 
255.000000 2.000000 5.000000 a 170.205758 101.355809 166.412139 269.356641 168.715737 168.881615 141.428427 451.116393 297.321375 379.717000 156.118545 401.758634 177.259696 210.850658 402.951610 332.015060 299.200602 433.206648 374.049462 276.875423 115.108644 190.965966 353.021246 173.219514 313.823199 181.069048 206.118898 135.092561 103.324731 349.985714 
127.000000 8.000000 4.000000 a 135.959553 130.230565 90.022219 55.317267 161.276161 149.110697 156.732256 254.489685 81.786307 154.207652 256.007812 174.450566 323.394496 140.872283 269.898129 117.443603 99.045444 221.108571 279.846386 100.304536 280.130327 315.006349 202.071769 73.389373 91.923882 249.689808 26.076810 109.895405 305.098345 164.757397 
167.000000 8.000000 5.000000 a 131.320219 248.620192 173.216627 282.347304 120.838736 125.419297 327.495038 245.578908 207.761883 266.608327 166.373075 288.140591 226.141549 99.020200 137.277092 214.553024 183.133831 262.429038 90.520716 154.042202 232.019396 200.322240 125.717938 265.047166 301.877459 135.325533 236.177899 190.002632 279.658721 390.508643 
294.000000 3.000000 1.000000 a 154.081147 54.203321 134.766465 218.288800 160.822884 157.035028 89.269256 418.527180 256.587217 336.609566 181.024860 357.761093 217.830209 194.023194 385.591753 292.330293 262.251787 395.647570 364.927390 243.846263 156.668440 226.355914 329.674081 121.078487 262.937255 199.401605 158.448730 104.560987 154.935470 295.480964 
201.000000 5.000000 3.000000 a 324.013889 402.616443 322.024844 296.027026 336.359926 330.311974 446.346278 36.674242 208.079312 158.492902 424.725794 155.270731 492.946245 287.570861 155.128979 172.965314 194.797331 77.878110 219.020547 211.539594 481.768617 470.026595 152.003289 362.626530 273.001831 398.322733 314.356486 353.362420 524.103997 350.960112 
271.000000 2.000000 1.000000 a 119.419429 234.955315 153.792067 250.838594 115.974135 117.038455 310.246676 215.585250 172.525360 230.425693 182.428068 252.049598 247.523736 81.024688 121.741529 178.373204 147.410990 228.729097 91.662424 119.100798 245.081619 223.555362 95.189285 242.243679 268.078347 153.574086 209.274939 175.171345 291.302249 357.805813 
280.000000 2.000000 2.000000 a 105.004762 130.510536 66.309879 90.470990 130.034611 118.004237 175.482193 237.844487 72.470684 155.051604 228.484135 177.589414 297.934557 104.546640 238.046214 107.898100 79.378838 211.357517 244.043029 70.256672 259.480250 287.179386 171.405951 93.085982 120.503112 219.057070 48.383882 93.477270 289.067466 200.384630 
164.000000 8.000000 5.000000 a 257.660630 195.002564 207.234167 87.464278 282.063823 270.296134 154.845084 342.772519 186.045693 215.392665 365.034245 224.180731 424.841147 270.416346 390.959077 210.924157 212.132034 295.974661 408.553546 225.204352 371.538692 422.635777 322.622070 125.299641 100.319490 365.875662 130.361037 213.046943 382.953000 66.370174 
109.000000 7.000000 1.000000 a 109.018347 40.049969 95.770559 203.901937 115.316955 111.543713 114.284732 381.120716 225.754291 308.350450 146.478667 330.552568 194.247265 149.335193 341.591862 260.432333 227.846440 361.879814 319.565330 206.400097 137.320792 197.729613 287.424773 112.294256 247.648945 160.527256 137.767921 64.412732 149.642908 293.858810 
207.000000 8.000000 4.000000 a 269.185809 381.030183 295.959457 352.278299 267.301328 267.988806 450.525249 170.988304 254.607541 266.450746 322.273176 279.014337 378.005291 229.008733 49.203658 237.438413 227.793766 216.002315 66.648331 217.082933 388.310443 350.595208 117.136672 374.328733 352.230038 290.766229 332.710084 321.504277 436.024082 444.325331 
153.000000 6.000000 3.000000 a 227.563178 213.410403 249.062241 377.618855 212.174457 219.276082 265.181070 513.062374 383.099204 467.097420 133.701159 490.474260 97.324200 261.000000 434.263745 413.962559 377.404293 506.672478 389.463734 349.057302 68.095521 124.326184 400.216192 286.722863 420.630479 165.496224 309.967740 222.281353 25.942244 467.731761 
200.000000 9.000000 4.000000 a 204.188638 93.380940 179.354398 236.177899 212.268698 207.966343 75.769387 457.686574 290.243002 366.152973 228.954144 385.861374 258.069758 243.402958 433.373972 326.473582 299.536308 430.712201 415.232465 284.613773 195.880065 269.987037 375.213273 141.031911 280.103552 249.353163 185.924716 151.119158 183.294844 296.568710 
277.000000 5.000000 3.000000 a 161.623018 146.167712 115.069544 29.614186 186.935818 174.771279 159.731024 257.561643 86.371292 147.231111 281.028468 165.342070 347.828981 166.018071 285.029823 119.205705 108.669223 219.763509 299.200602 116.619038 303.199604 340.023529 216.674872 80.430094 68.680419 275.234446 42.154478 133.003759 326.386274 139.176147 
103.000000 6.000000 5.000000 a 83.006024 188.671672 133.600150 270.490296 60.307545 71.028163 271.400074 308.600065 222.441003 297.531511 85.000000 320.951710 151.343979 79.056942 217.462640 241.615397 204.677796 313.949040 174.324410 172.290452 148.922799 129.321305 189.842040 225.000000 300.707499 56.727418 210.297408 137.207871 196.173393 380.107879 
Type de surveillance de chaque endroit(target):tab[nombre de target]
a a a a a a a a a a a a a a a a a a a a a a a a a a a a a a 