Nombre des capteurs:
50
Nombre des targets:
100
Nombre de type de surveillance:
1

Caracteristiques:
280.000000 3.000000 2.000000 a 282.816195 327.360657 147.299016 173.979884 202.940878 292.099298 438.826845 351.262010 173.011560 229.054579 367.491497 376.430604 312.846608 290.423828 173.692257 362.398951 194.139125 298.001678 194.537914 201.717624 404.223948 114.214710 294.552203 115.017390 90.138782 445.004494 234.642281 194.833262 110.981981 96.046864 248.310290 214.009346 96.046864 257.108926 386.803568 117.239072 272.640789 179.293056 316.652807 220.737401 180.049993 205.769288 195.673197 296.447297 348.304465 40.162171 138.191896 241.033193 374.213843 384.688185 465.102139 144.506055 276.028984 268.425036 186.681547 390.000000 353.638233 464.784896 82.734515 143.735869 443.308019 459.064266 291.650476 331.386481 274.961816 221.578429 41.761226 216.480946 179.011173 261.204900 175.755512 388.352932 371.981182 211.549049 342.620782 224.875521 238.212090 150.266430 224.207493 382.498366 466.092266 136.058811 366.641514 366.983651 457.246104 451.167375 127.318498 289.430475 26.400758 258.544000 114.039467 246.400081 343.209848 239.641399 304.630924 84.154620 329.655881 444.668416 207.183494 416.624531 
163.000000 2.000000 4.000000 a 302.233354 350.035712 70.349129 179.902752 251.668433 210.618138 311.314953 453.485391 77.129761 406.004926 456.946386 413.146463 288.875406 185.440017 265.324330 388.207419 241.660919 162.520768 172.733899 44.721360 269.601558 201.427406 365.492818 106.775465 161.198635 413.696749 134.182711 59.076222 95.189285 140.730238 67.082039 364.869840 251.007968 379.827592 285.889839 211.624668 126.321020 250.008000 214.646221 161.335055 186.986631 82.927679 326.805753 232.561820 354.572983 207.694487 256.345470 213.178329 243.018518 349.961426 446.651990 120.332872 278.614429 295.381110 328.469177 285.954542 437.321392 444.176767 127.424487 270.765581 332.601864 351.889187 256.019531 308.449348 348.175243 226.629654 206.344372 185.261977 79.906195 202.785601 137.637204 260.007692 336.648184 308.650288 400.800449 403.004963 300.667591 228.319951 92.309263 288.105883 397.522326 91.400219 426.806748 310.291798 432.245301 472.366383 325.189176 152.643375 224.902201 192.937814 294.151322 188.915325 239.852038 271.812435 342.242604 220.009091 405.661189 440.454311 8.062258 425.574905 
263.000000 8.000000 3.000000 a 53.160135 92.779308 222.575830 103.227903 34.669872 161.297861 297.435707 175.413796 316.834342 225.887140 174.897113 144.461067 107.814656 187.672587 68.249542 127.882759 45.221676 225.179928 112.924754 315.158690 281.055155 122.702893 82.764727 279.692688 164.176734 220.513038 179.254010 320.975077 236.135554 290.027585 264.705497 158.521292 155.544206 129.691943 230.482103 117.881296 230.586209 55.578773 193.002591 138.852440 95.963535 209.570990 115.260574 142.618372 116.211015 194.987179 106.920531 96.187317 257.256681 169.162644 234.480276 166.604322 62.968246 37.643060 131.137333 236.027541 154.767568 234.853146 254.169235 111.825757 282.072686 290.814374 109.603832 119.037809 66.730802 63.639610 193.196791 109.238272 323.882695 130.249760 145.619367 262.771764 159.238814 65.299311 120.241424 226.384628 22.090722 84.646323 213.138453 220.639978 262.345192 290.800619 146.386475 173.002890 229.244411 217.248705 235.034040 224.002232 220.204450 138.520757 187.259179 130.015384 206.939605 20.615528 70.576200 152.069063 122.800651 211.236834 290.110324 182.013736 
151.000000 6.000000 4.000000 a 280.964411 303.817379 309.342852 255.156815 221.334588 371.012129 519.466072 232.939906 361.686328 43.931765 259.695976 323.066557 338.285382 386.401346 171.944759 324.137317 220.984162 412.001214 280.444290 385.219418 496.009072 191.481070 232.561820 304.198948 219.492597 441.072556 348.891100 381.030183 287.000000 287.647354 400.911462 85.510233 129.294238 146.768525 454.828539 182.923481 400.091240 195.576072 402.612717 316.166096 255.190125 345.775939 117.337121 360.672982 333.640525 173.184872 147.339743 302.200265 468.482657 397.397786 445.466048 275.408787 293.298483 266.270539 100.169856 459.882594 256.007812 447.219186 270.275785 133.701159 509.134560 519.449709 335.243195 349.326495 219.572312 267.262044 174.103418 294.550505 368.142635 335.600954 287.308197 477.830514 388.579464 167.585799 276.725496 38.948684 216.363121 189.747200 360.190228 446.198386 491.790606 324.727578 291.358885 403.396827 445.153906 396.232255 69.641941 406.519372 165.737745 339.330223 84.148678 327.042811 423.080371 248.652368 274.765354 160.430670 248.203546 415.530986 381.755157 380.841174 
188.000000 3.000000 2.000000 a 88.005682 98.615415 262.154535 163.012269 148.030402 93.509358 174.874241 261.076617 357.095225 359.210245 245.601303 151.426550 26.400758 126.822711 196.725697 122.641755 152.315462 167.800477 148.097941 340.000000 170.496334 223.778909 171.397200 339.613015 248.163253 117.953381 163.917662 351.069794 293.620503 361.060937 250.990040 291.358885 276.342179 252.944658 108.171161 224.109348 193.258894 176.204427 110.022725 140.217688 156.115342 214.953483 249.226804 67.208630 80.062476 299.547993 231.691605 97.514102 155.544206 53.450912 149.003356 215.740585 71.400280 100.568385 265.307369 114.236597 225.144398 146.686741 324.858431 240.303974 152.315462 158.600126 45.541190 23.086793 169.593632 114.337221 297.405447 126.751726 363.077127 95.257546 180.488227 154.051939 39.849718 198.798893 169.755707 359.951386 150.628683 196.086716 206.632524 96.566040 132.815662 343.001458 188.010638 38.897301 135.247921 186.102123 364.049447 172.800463 328.105166 104.809351 315.285585 110.168053 106.099010 116.249731 117.004273 262.944861 196.328806 144.499135 305.785873 136.740630 
190.000000 4.000000 4.000000 a 105.475116 87.206651 316.260968 211.142132 181.408379 148.553021 198.204440 245.220309 411.928392 373.207717 224.543982 118.532696 68.883960 181.107703 226.152603 92.720009 188.095720 221.000000 199.371513 395.701908 204.677796 265.369554 168.014880 392.164506 294.898288 66.189123 219.938628 406.558729 346.013006 412.074022 306.776792 305.499591 311.295679 258.172423 138.452158 264.092787 248.195487 209.121974 161.235852 195.071782 203.666394 270.800665 267.555602 122.918672 57.428216 341.586007 263.910970 149.040263 196.086716 16.763055 93.520051 267.858171 103.585713 120.904921 284.787640 144.256716 205.936884 91.547802 375.564908 270.070361 166.721324 166.379085 99.005050 48.836462 172.678893 158.256122 339.532031 179.025138 418.025119 150.950323 233.383804 190.682983 21.540659 217.478735 150.376195 374.669187 169.047331 233.345238 262.665186 126.589889 108.977062 396.567775 162.086397 61.684682 81.043198 135.565482 393.517471 226.715681 369.303398 160.701587 345.637093 165.484138 151.608047 145.279042 114.586212 302.152279 182.123584 89.106678 361.697387 86.729464 
227.000000 3.000000 2.000000 a 329.771133 355.613554 323.649502 288.300191 264.614814 408.905857 559.325487 287.271648 362.167089 91.760558 314.407379 377.361895 384.688185 421.046316 215.000000 377.482450 262.731802 442.936790 313.912408 390.266576 533.318854 219.665655 286.434984 304.198948 238.321212 492.541369 378.350367 383.950518 295.169443 282.398654 420.437867 140.292551 153.938299 201.804361 496.299305 212.624081 427.299661 237.394187 439.732873 349.005731 289.620441 368.213253 168.433963 401.154584 385.001299 182.167505 184.588732 341.568441 504.905932 446.534433 498.375361 297.865742 339.779340 314.696679 150.784615 501.080832 311.040190 499.972999 271.737005 173.002890 551.655690 563.022202 378.726814 397.020151 272.693968 308.099010 183.657290 330.287753 368.066570 373.483601 315.245936 515.402755 437.099531 217.423550 331.295940 87.091905 265.648264 226.313941 384.157520 488.328783 540.299917 325.259896 346.317773 449.360657 497.425371 450.947891 64.560050 436.577599 166.207701 376.033243 105.683490 363.407485 461.806236 294.838939 326.671088 182.603395 303.145180 468.960553 392.042090 434.495109 
155.000000 1.000000 5.000000 a 320.306104 368.957992 94.540996 191.128229 248.040319 280.044639 409.646189 429.180615 69.871310 330.915397 440.541712 426.564180 331.061928 266.309970 237.655212 406.988943 237.547890 258.804946 200.584147 103.870111 370.202647 165.680415 357.015406 15.556349 119.632771 465.317096 206.518764 93.962759 55.081757 18.601075 181.397354 307.240948 184.260685 340.625894 370.167530 173.971262 225.893780 233.034332 295.959457 211.532503 199.090432 160.330908 280.130327 293.615395 383.093983 126.087271 211.929233 251.097591 341.087965 401.260514 492.163591 132.382023 304.776968 308.585482 275.261694 371.856155 423.869084 490.805460 29.732137 222.623000 423.335564 441.376257 302.610310 351.203645 337.515926 246.260025 125.924581 221.415898 75.325958 257.939915 167.871975 357.263208 387.722839 281.442712 401.287927 326.974005 293.424607 203.835718 178.443268 369.063680 468.564830 34.539832 427.018735 371.946233 480.954260 496.412127 231.700237 248.943769 129.553078 251.336428 214.560015 241.913208 323.360480 280.058922 352.137757 159.477271 395.790349 477.934096 120.507261 455.241694 
121.000000 6.000000 1.000000 a 317.176607 366.083324 83.096330 186.978608 247.032387 270.118493 396.879075 432.510115 56.008928 341.039587 442.831797 424.746984 324.895368 254.950976 239.943743 404.357515 236.448726 245.692898 194.486503 88.022724 357.056018 167.764716 357.761093 2.236068 120.933866 458.651284 195.368882 78.854296 47.759816 34.655447 166.012048 314.658545 191.846293 345.579224 359.016713 176.581426 212.200377 233.692105 284.775350 202.940878 195.017948 147.678705 285.716643 284.803441 379.043533 135.162865 216.363121 244.640553 328.161546 394.366581 486.384621 125.872952 300.443006 305.996732 281.780056 360.513523 425.678282 484.876273 36.400549 227.793766 411.558015 429.802280 295.651822 345.110127 338.422812 242.076434 134.766465 214.704448 62.072538 249.467433 160.561515 344.488026 380.788655 284.191837 401.079793 337.219513 293.470612 205.080472 165.423698 358.314108 459.412669 19.235384 426.980093 363.594554 474.720971 493.471377 244.131112 235.762592 141.354165 242.398432 224.635260 233.488758 312.084924 277.838082 350.351252 165.529454 396.964734 473.155366 104.139330 451.400044 
111.000000 6.000000 1.000000 a 95.885348 55.785303 335.886886 221.720545 175.823775 186.389377 250.287834 197.590486 432.897216 342.211923 175.045708 66.940272 93.380940 220.220344 213.527516 43.566042 184.567061 261.721226 215.647861 420.933486 255.765518 264.741383 130.667517 406.787414 300.509567 83.486526 250.351753 430.447442 360.854541 423.135912 340.283705 275.936587 301.373522 223.006726 189.763010 261.503346 285.408479 201.089532 204.377102 219.617850 213.740497 298.328678 242.637590 159.260792 30.413813 339.511414 252.507426 168.629772 245.473013 68.468971 88.955045 283.550701 108.078675 110.367568 260.324797 195.655309 157.470632 89.822046 386.463452 255.884740 218.506293 217.313138 126.589889 75.802375 140.003571 166.571306 337.616647 198.113604 439.385935 180.313616 251.668433 241.174211 72.173402 195.058965 103.469802 344.223764 149.933319 228.790297 292.909542 177.814510 150.880748 413.696749 111.789982 112.008928 86.377080 92.956979 376.049199 266.257394 365.603610 190.924069 329.960604 192.665513 198.595065 139.043159 84.433406 297.430664 136.821051 66.098411 388.890730 44.687806 
109.000000 9.000000 5.000000 a 152.453272 188.488726 176.011363 121.753850 158.398232 14.866069 154.207652 335.431066 263.590592 379.890774 327.110073 249.881972 109.178753 20.615528 203.592731 221.472346 155.206314 62.625873 96.540147 240.684441 124.482931 192.852275 239.169396 258.031006 196.331353 218.892668 64.776539 253.355481 214.755675 285.187658 144.031247 316.892726 257.421833 297.865742 102.107786 198.070694 84.958814 179.412932 31.400637 65.299311 119.519873 116.927328 271.206563 41.617304 180.767807 258.278919 225.601418 74.000000 96.046864 156.818366 253.805043 144.640935 124.036285 155.116086 283.098923 104.694795 305.897042 250.862512 251.733987 238.891189 157.813181 174.450566 78.185676 125.099960 229.139695 110.136279 256.048823 78.644771 268.782440 38.897301 110.494344 106.794195 144.170038 227.683992 255.440795 379.191245 190.703959 183.218449 104.403065 99.849887 202.595656 256.563832 278.296604 114.061387 238.254066 293.600068 351.449854 65.764732 287.141080 33.286634 304.174292 45.607017 57.271284 148.637142 194.363062 233.805475 273.875884 252.461878 204.636263 244.436086 
207.000000 7.000000 1.000000 a 84.291162 129.541499 184.621234 67.623960 5.000000 153.075145 298.966553 207.077280 277.901062 223.660457 209.914268 183.831445 124.615408 173.954017 48.795492 166.087326 5.656854 207.299301 82.734515 277.618443 277.411247 84.929382 119.201510 240.052078 124.775799 249.465428 154.003247 282.846248 196.664689 250.529439 234.307490 159.731024 126.921235 146.085591 234.104677 81.394103 207.086938 26.076810 185.237685 114.109596 61.351447 177.485211 114.061387 140.246212 149.753130 159.452187 81.394103 83.648072 251.177228 193.062166 267.091745 128.809938 81.743501 69.871310 126.570139 239.152671 190.541334 267.007491 214.580987 90.697299 288.721319 299.736551 115.420969 140.132081 101.242284 47.507894 157.537297 85.708809 284.985965 118.532696 111.427106 259.082998 181.603965 72.560320 159.452187 223.277854 53.823787 49.010203 183.371208 225.594769 282.630501 251.336428 185.526278 187.555325 260.192237 255.738147 213.887821 204.518948 186.002688 124.422667 165.060595 113.529732 203.590275 41.109610 109.590146 118.067777 159.402008 246.089415 254.025589 218.563492 
147.000000 8.000000 1.000000 a 190.031576 237.625756 73.552702 76.118329 146.751491 114.039467 249.018072 349.262079 166.571306 336.174062 349.847109 300.820545 178.734440 101.651365 172.104619 275.775271 137.786066 105.261579 62.177166 151.476071 212.438226 126.530629 257.619875 155.029030 109.123783 308.292069 42.544095 161.384634 111.543713 181.994505 92.070625 283.289604 190.546582 285.156098 204.518948 135.358783 83.761566 152.069063 130.613935 50.537115 81.492331 34.785054 240.168691 129.838361 242.538657 172.586210 176.119278 101.044545 182.463695 243.823707 339.094382 48.836462 166.183633 183.806964 246.375729 206.526027 329.607342 337.001484 149.050327 191.230228 258.814605 276.327704 146.686741 198.725942 241.472566 115.377641 170.484603 72.835431 172.539850 95.817535 33.000000 197.385410 230.262893 211.286535 290.110324 334.215499 194.427364 138.293167 43.289722 202.987684 303.586890 154.870914 315.919293 209.121974 325.774462 360.312364 281.113856 97.000000 199.529446 87.555697 238.813735 80.411442 158.069605 161.743624 230.601388 161.136588 297.405447 330.479954 120.241424 314.014331 
124.000000 7.000000 5.000000 a 237.951676 286.832704 45.221676 108.078675 168.514094 203.376498 342.422254 359.562234 116.828935 293.138193 367.850513 345.606713 248.171312 194.797331 166.412139 325.098447 157.892368 196.369550 117.885538 126.530629 305.511047 95.713113 280.722283 77.414469 50.289164 382.623836 135.930129 127.121989 33.241540 95.189285 144.754965 255.154855 138.090550 277.281445 296.440551 105.550936 168.834238 157.206870 223.215143 132.457540 116.077560 101.316336 220.272558 214.114455 300.166620 96.462428 149.120756 168.514094 275.601161 318.780489 409.067232 51.009803 221.720545 226.742144 219.640616 298.804284 349.954283 407.751150 59.135438 162.542302 351.525248 368.657022 220.336107 268.262931 261.663907 163.232962 94.868330 139.168962 124.036285 178.044938 87.005747 290.712917 305.290026 211.066340 322.913301 290.043100 215.807785 130.000000 119.970830 294.001701 389.011568 87.863531 348.932658 291.247318 398.017588 414.236647 213.883146 187.301895 117.834630 172.490579 181.000000 162.077142 250.577333 198.645413 271.248963 107.377838 320.382584 394.798683 117.000000 372.429859 
181.000000 6.000000 3.000000 a 299.015050 348.051720 50.119856 169.008876 236.326046 233.788366 353.134535 431.844880 47.201695 362.106338 439.004556 409.176001 298.107363 215.083705 239.069028 386.649712 225.754291 201.717624 170.469939 54.451814 312.621177 169.056204 350.237063 48.414874 123.490890 429.504366 156.818366 53.712196 44.407207 82.462113 118.207445 327.604945 207.966343 350.656527 319.001567 178.941331 167.146642 228.212620 245.099980 171.405951 176.954796 106.000000 293.586444 251.268780 357.576565 158.012658 222.467975 218.247566 284.255167 364.993151 459.461641 104.484449 279.100340 289.546197 292.514957 320.039060 420.576985 457.558739 69.354164 235.722294 369.914855 388.567883 267.029961 318.311169 331.615741 222.265607 157.000000 188.279048 54.037024 217.331544 134.331679 300.853785 351.404326 283.668821 390.325505 358.711583 284.850838 202.249845 122.409150 319.264780 423.859647 37.107951 416.486494 330.578281 446.641915 474.275237 273.760845 191.689854 171.470114 209.093281 247.244818 201.762236 272.007353 262.931550 335.596484 178.317133 390.266576 449.004454 58.309519 429.954649 
224.000000 6.000000 1.000000 a 85.211502 130.249760 184.805303 68.154237 5.385165 154.434452 300.374766 206.545395 277.915455 222.283603 209.575762 184.260685 125.924581 175.231276 47.381431 166.688332 5.830952 208.482613 83.600239 277.838082 278.792037 84.172442 119.016806 239.827021 124.326184 250.569352 155.000000 282.991166 196.542616 250.121970 235.053185 158.404545 125.686117 145.055162 235.518577 80.504658 208.117755 24.698178 186.593140 115.156415 61.983869 178.160040 112.729765 141.650980 150.651917 158.533908 80.056230 85.000000 252.539106 194.280725 268.067156 129.034879 82.969874 70.710678 125.195847 240.565999 190.262976 268.001866 214.217180 89.308454 290.134452 301.144484 116.824655 141.382460 100.955436 48.877398 156.626945 86.833173 285.007017 119.866593 112.008928 260.464969 182.849665 71.449283 159.552499 221.894119 53.600373 48.000000 184.165686 227.008810 283.933091 251.213057 185.607112 188.915325 261.231698 256.320112 212.532350 205.664776 185.010810 125.717938 163.710110 114.791115 204.980487 42.047592 110.072703 117.038455 159.201131 246.953437 254.395362 219.317122 
127.000000 2.000000 4.000000 a 369.898635 418.713506 120.933866 241.149331 309.685324 290.330846 391.000000 505.609533 32.388269 427.929901 512.800156 480.618352 363.798021 266.308092 312.699536 457.280002 299.152135 243.501540 240.052078 36.496575 349.022922 242.142520 423.803020 90.138782 195.880065 491.846521 213.018779 23.706539 114.965212 113.951744 146.013698 397.886919 276.240837 423.557552 367.103528 251.882909 207.280004 302.026489 295.690717 235.544051 248.965861 160.626897 365.636431 311.077161 426.410600 221.822001 294.762616 285.406727 323.187252 427.659912 523.696477 176.782352 348.600057 361.167551 363.593179 367.143024 494.313666 521.452778 123.794184 307.548370 413.400532 432.760904 331.605187 383.766856 405.277683 293.081900 221.219348 256.019531 26.019224 279.517441 203.656574 340.211699 414.198020 357.330379 463.276375 424.232248 358.381082 275.974637 172.409396 369.287151 478.351335 69.354164 489.448669 389.637011 509.901951 543.840050 332.216797 233.683547 229.427548 270.223981 311.713009 264.781042 321.043611 335.216348 407.590481 247.951608 463.884684 515.538553 73.681748 498.407464 
112.000000 6.000000 1.000000 a 289.000000 244.476993 531.613581 411.661269 342.953350 417.614655 480.046873 174.244082 625.799489 367.447955 152.505738 181.570923 322.374006 451.541803 350.406906 209.811820 353.556219 493.668917 416.865686 623.796441 490.486493 421.674045 230.288949 585.976962 467.603464 274.016423 470.443408 630.025396 544.008272 591.929894 561.271770 328.249905 423.831334 269.631230 424.199246 413.885250 513.066273 354.369863 439.031890 433.498558 404.042077 511.375596 327.371349 390.401076 251.077677 479.892696 381.634642 381.414473 481.705304 300.647634 241.006224 475.649030 315.245936 294.401087 340.649380 429.893010 165.360213 245.985772 557.742772 375.254580 444.227419 438.223687 353.327044 308.650288 249.687805 363.022038 478.752546 406.177301 632.879925 403.673135 452.134936 476.707457 307.314171 308.449348 189.179809 371.872290 294.966100 383.343188 510.616294 412.437874 353.409111 598.588339 163.027605 347.570137 257.437371 156.115342 456.633332 496.960763 497.257479 414.450238 426.357831 412.462119 434.885042 318.044022 247.620678 436.827197 191.470624 215.002326 597.053599 200.569190 
142.000000 7.000000 4.000000 a 280.071419 328.124976 49.091751 156.773722 228.473193 193.847879 303.028052 430.227847 85.052925 385.083108 433.761455 391.061376 268.763837 170.836179 242.231294 366.415065 218.442212 152.210381 150.233152 61.294372 261.919835 179.047480 342.379906 101.242284 140.014285 395.459227 116.456000 73.054774 80.262071 135.092561 65.000000 342.708331 230.312831 356.799664 273.239821 189.235303 116.619038 226.770809 200.569190 140.662717 163.917662 64.078077 304.179223 214.555354 333.438150 189.446562 233.944438 191.942700 234.232790 331.387990 427.706675 97.144223 256.898813 272.904745 306.178053 273.731620 414.175084 425.368076 116.275535 248.477363 322.001553 341.023460 236.171548 288.534227 325.000000 204.137209 187.970742 163.526756 89.453899 183.480244 114.808536 251.055771 317.970124 285.464534 378.021163 382.188435 277.492342 205.272989 76.485293 274.641585 382.498366 89.693924 404.060639 293.073370 413.672576 451.217243 307.071653 142.172431 208.355465 173.971262 274.372010 169.097605 226.614210 249.008032 319.757721 199.160739 382.562413 420.529428 30.232433 404.802421 
147.000000 4.000000 5.000000 a 115.247560 127.279221 261.633331 172.626765 168.362704 80.777472 146.109548 289.927577 354.231563 384.246015 274.242593 178.126360 52.153619 111.395691 217.848571 149.566039 171.327172 150.073315 154.324334 334.175104 142.126704 237.806644 200.024998 341.391271 257.670332 123.490890 156.780101 346.140145 295.959457 364.927390 239.384628 316.652807 293.860511 280.264161 79.309520 239.232105 178.868667 196.114762 89.810912 139.742621 166.508258 209.093281 273.658546 58.821765 107.168092 312.416389 251.077677 105.546198 128.565159 62.225397 158.672619 219.328521 95.587656 126.826653 289.276684 85.375641 253.860198 155.602057 329.341768 260.716321 124.807852 132.457540 56.080300 51.788030 197.668915 129.468143 310.227336 132.185476 359.872200 93.214806 183.393021 126.035709 50.606324 223.606798 198.338095 384.793451 176.181724 213.337760 198.564851 67.720012 119.820699 343.011662 216.057863 21.023796 142.874070 206.651881 383.662612 156.272198 341.353190 100.895986 334.786499 109.178753 80.993827 139.387948 145.797805 278.095307 225.175487 159.928109 298.804284 157.419821 
297.000000 6.000000 4.000000 a 198.917068 219.276082 252.035712 204.200881 229.712864 80.280757 71.063352 380.147340 331.255189 452.924939 366.072397 271.346642 138.600144 80.777472 278.028775 242.825040 228.825261 95.707889 179.493732 302.524379 50.695167 275.408787 287.221169 334.044907 280.007143 193.669822 140.463518 316.829607 293.001706 363.232708 194.805031 387.439027 339.063416 359.780489 30.528675 280.032141 131.848398 254.096438 52.801515 149.003356 201.159141 187.600640 342.299576 89.587946 200.422055 341.985380 304.174292 147.410990 36.400549 146.184815 232.432786 226.947130 173.623155 207.135222 355.883408 28.792360 345.393978 228.319951 331.312541 316.570687 76.791927 95.189285 122.560189 144.013888 281.888276 182.428068 339.754323 160.078106 335.538373 115.364639 193.744677 33.241540 138.322088 295.083039 290.441044 452.711829 251.924592 262.337569 171.073084 38.209946 148.717854 329.874218 309.006472 98.081599 214.478437 294.592939 432.833686 105.380264 370.863856 114.201576 384.925967 127.003937 27.018512 210.639502 234.931905 316.602274 315.673882 242.390181 265.318676 246.343256 
105.000000 9.000000 1.000000 a 260.324797 288.792313 267.710665 219.401459 193.600103 338.576432 488.635856 241.960741 320.039060 78.294317 266.086452 315.835400 314.078016 351.809608 144.031247 313.198020 191.671594 375.410442 244.951016 343.246267 463.259107 152.947703 224.287762 262.710868 178.317133 424.872922 311.494783 339.157780 245.000000 247.121428 360.302651 87.931792 88.865066 148.475587 425.338689 145.013792 361.835598 166.330995 369.655245 280.401498 220.204450 305.812034 103.247276 330.280184 317.515354 131.244047 113.899078 270.830205 435.109182 377.005305 432.744728 235.274308 269.258240 245.079579 85.708809 430.153461 259.106156 434.065663 228.694119 101.980390 480.618352 491.959348 307.675153 326.840940 208.786973 237.118114 132.136293 260.499520 326.547087 303.117139 249.098374 445.252737 367.241065 149.576068 271.361383 73.925638 196.847657 155.974357 320.713268 417.306842 470.312662 283.132478 289.043249 378.582884 430.769080 391.003836 40.718546 369.499662 125.000000 306.008170 42.296572 293.470612 391.311896 224.321198 260.161488 119.641130 246.164579 404.467551 339.848496 370.669664 
223.000000 7.000000 4.000000 a 96.104110 142.947543 168.220094 51.865210 21.260292 147.299016 295.787086 222.970850 261.629509 229.941297 226.214500 198.829072 129.807550 165.604952 53.665631 180.155488 10.816654 196.987309 69.007246 261.222128 272.253558 73.171033 135.602360 224.396970 110.308658 258.379566 141.286942 266.452622 180.693110 235.681989 219.456146 167.967259 121.852370 159.078597 232.206804 71.175839 194.658676 29.546573 179.175891 102.107786 46.097722 162.265215 122.380554 137.178716 161.446586 149.003356 79.812280 78.243211 245.203997 200.084982 277.721083 112.414412 89.358827 82.565126 133.330417 237.008439 206.903359 277.405840 199.529446 91.219515 287.702972 299.608077 116.468880 146.696967 117.596769 44.045431 147.000000 75.000000 268.704298 112.058021 95.817535 254.017716 188.087745 85.005882 175.567651 229.224781 70.213959 41.436699 168.860889 224.321198 287.459562 235.357175 201.675482 190.682983 270.016666 269.846253 211.917437 193.610434 176.408617 116.764721 163.082801 105.118980 199.123078 53.450912 124.422667 109.329776 175.801024 257.955423 237.777207 231.458420 
106.000000 1.000000 5.000000 a 174.722637 195.125601 245.458754 187.301895 208.038458 63.976558 90.785461 355.820179 329.086615 430.930389 341.843531 247.945559 114.271606 74.060786 256.850151 219.317122 207.713745 99.317672 163.370744 302.630137 74.953319 258.213090 262.937255 327.673618 266.030073 177.234308 133.184083 316.362134 285.156098 355.609336 197.699267 365.016438 320.830173 336.181499 31.048349 262.255601 134.134261 233.111561 44.045431 135.417872 183.611002 183.221178 320.089050 68.014704 176.819117 326.928127 284.313208 127.349912 58.694122 125.674182 215.520301 215.668727 149.696359 183.174780 334.013473 34.014703 321.137042 211.645931 322.552321 296.298836 87.321246 103.445638 98.898938 120.016666 257.769277 161.443489 324.692162 142.888068 333.781366 97.349884 181.198786 57.558666 116.811814 272.341697 266.270539 430.836396 228.530086 242.909448 168.077363 30.265492 141.155942 325.000000 285.063151 76.967526 197.952014 273.775455 414.208885 108.078675 355.983146 97.948966 365.961747 110.535062 18.384776 187.555325 210.601519 299.541316 291.358885 223.143452 265.635088 225.079986 
140.000000 3.000000 1.000000 a 239.643485 288.729978 18.027756 109.201648 176.309387 188.095720 321.603794 373.359076 107.056060 318.025156 379.668276 349.425242 242.571639 175.727061 181.573677 327.299557 165.758861 173.092461 112.805142 108.240473 283.557754 114.284732 290.387672 81.884064 73.027392 375.825757 115.952577 111.830228 37.054015 107.466274 116.619038 277.016245 163.196201 294.884723 279.028672 124.454811 143.669760 169.198109 205.009756 119.820699 117.200683 75.716577 239.970832 201.804361 299.362656 124.422667 169.047331 162.249807 253.870045 311.449835 404.210341 44.944410 220.676233 229.804265 240.831892 280.959072 361.012465 402.568007 75.000000 183.199345 333.016516 350.705004 212.776878 262.817427 271.900717 163.134913 122.776219 132.189258 114.021928 166.330995 77.794601 269.473561 297.859027 225.887140 330.219624 315.101571 224.964442 144.450684 94.578010 277.519369 376.643067 85.615419 356.381818 280.451422 392.173431 415.415455 241.611258 163.682620 145.989726 159.452187 207.482529 150.336290 232.467202 202.943342 275.670093 132.060592 330.479954 392.127530 92.913939 371.830607 
200.000000 7.000000 5.000000 a 270.484750 267.551864 381.035431 320.449684 327.001529 200.202398 82.292162 427.141663 460.017391 542.351362 405.616814 297.060600 209.322717 209.162616 376.619171 273.645756 329.334177 223.181540 297.859027 430.047672 122.702893 389.974358 347.519784 463.158720 401.808412 167.863039 268.990706 444.703272 421.521055 491.906495 320.806795 474.494468 449.677662 434.165867 105.990566 392.825661 259.326050 354.447457 179.694185 272.029410 315.786320 316.910082 432.209440 196.824795 239.033470 461.410880 408.832484 255.882786 144.183910 165.529454 201.009950 352.676906 254.017716 283.621226 448.068075 103.754518 387.568059 196.010204 459.314707 419.076365 53.037722 34.132096 213.084490 201.419959 349.200515 285.464534 459.178614 276.400072 464.107746 231.008658 318.001572 127.283149 168.656456 381.879562 332.304078 543.074581 333.766385 369.622781 300.326489 109.444050 88.051122 459.187326 342.422254 144.256716 184.067922 286.183508 541.133071 233.137299 490.560903 233.418080 492.302752 245.552438 152.236658 298.303537 292.638002 431.153105 364.120859 226.973567 392.861299 248.501509 
182.000000 1.000000 1.000000 a 198.171643 196.412831 331.074010 256.815109 256.826790 144.086779 94.921020 357.692605 417.193001 470.252060 337.432956 230.653420 137.440896 161.941347 306.235204 205.572372 259.824941 187.275199 235.987288 391.342561 117.413798 324.410234 275.811530 413.001211 340.523127 115.948264 219.513098 404.980246 369.228926 439.501991 286.190496 402.344380 381.937168 361.875669 63.529521 326.438356 222.638721 284.620800 132.196823 214.462118 251.406046 270.780354 360.351218 134.171532 168.751296 397.816541 339.567372 190.436341 124.197423 96.135321 154.003247 296.076004 182.332115 211.426110 376.384112 65.734314 318.705193 149.271565 405.265345 349.211970 57.314920 53.600373 144.059016 129.073622 277.028879 217.347648 395.602073 213.927558 422.035544 170.038231 260.363208 111.018017 97.493590 309.919344 262.944861 471.037154 261.644797 301.478026 256.300605 58.821765 55.000000 411.588387 274.898163 72.249567 135.665029 230.956706 472.140869 196.379734 426.919196 174.522205 423.263511 185.607112 107.004673 226.920691 220.809873 365.164347 293.969386 172.965314 354.381151 188.066478 
204.000000 1.000000 3.000000 a 187.882942 211.021326 237.035862 188.217959 215.230109 64.443774 87.005747 370.388985 317.694822 438.507697 357.274404 265.188612 129.189783 65.306967 263.210942 236.457184 214.021027 84.118963 163.444180 289.836161 63.071388 259.433999 276.557408 319.152001 263.893918 195.897933 125.131930 303.916107 277.722883 348.037354 183.240279 373.369790 323.233662 347.070598 40.792156 264.140114 119.816526 239.200753 36.769553 132.883408 185.270073 173.141561 328.086879 75.591005 193.889144 325.861934 288.780193 132.280006 42.011903 144.450684 234.266942 211.028434 161.817799 195.327929 341.422026 41.048752 336.429785 230.360587 315.854397 301.318768 91.983694 109.895405 110.440029 136.528385 270.431137 167.630546 323.630963 144.170038 322.133513 99.704564 177.687929 44.777226 135.384637 281.357424 282.007092 438.214559 239.002092 246.829901 157.028660 44.721360 156.974520 315.406087 301.424949 95.707889 216.640255 292.426059 417.062345 93.407708 354.739341 98.234414 369.242468 111.040533 11.401754 197.385410 225.177708 300.601065 306.192750 242.002066 252.685575 243.632921 
167.000000 7.000000 3.000000 a 211.896201 217.112874 315.838566 252.764713 262.274665 132.698907 61.983869 380.110510 398.057785 480.916833 361.437408 256.976653 149.030198 144.086779 311.948714 230.633909 263.933704 163.572614 230.082594 370.109443 83.868945 322.530619 294.271983 398.057785 334.053888 149.264865 203.553433 384.266834 355.609336 426.063376 262.710868 413.469467 382.873347 376.927049 40.000000 325.591769 199.649693 289.249028 114.157786 204.533616 248.203546 253.001976 370.114847 129.251692 191.481070 393.662292 343.001458 188.663722 93.493315 121.926207 187.619295 285.497811 192.439601 223.805719 385.425739 39.458839 342.042395 182.937148 392.922384 353.735777 28.792360 36.400549 148.070929 144.941367 293.470612 219.244156 391.429432 208.655218 402.524533 163.232962 250.577333 79.025312 120.303782 320.315469 286.006993 481.364727 273.148311 303.151777 237.255137 41.761226 87.000000 395.081004 299.908319 86.764048 169.248338 262.619497 474.911571 173.173324 422.809650 165.704556 426.168981 177.792013 87.005747 235.594991 239.301066 363.770532 315.686553 205.341180 332.929422 218.277347 
143.000000 6.000000 1.000000 a 256.628136 214.037380 496.338594 376.706783 307.210026 388.928014 460.434577 136.682113 589.932199 331.422691 114.494541 152.738338 294.108823 422.664169 313.129366 181.532366 317.775078 464.811790 382.920357 588.847179 468.123915 384.629692 193.767902 549.305015 430.759794 259.649764 438.634244 594.727669 507.720395 554.732368 529.139868 290.704317 385.893768 231.758495 401.997512 376.706783 482.694520 317.718429 411.798494 400.963839 369.195070 478.167335 289.359638 361.906065 223.761033 442.113108 343.936041 349.284984 457.542348 279.034048 229.923900 440.369163 283.593018 261.007663 302.676395 407.834525 127.581347 234.776489 520.747540 337.397392 426.001174 421.474792 324.038578 281.726818 212.981220 329.256739 440.990930 373.128664 597.039362 373.053615 417.800191 453.591226 284.416947 270.857896 154.615653 335.764799 258.835855 346.469335 478.138055 390.089733 339.848496 562.225044 128.705089 324.422564 244.951016 141.792101 419.028639 467.616296 459.314707 383.760342 388.404428 381.077420 409.414216 283.600071 214.553024 399.145337 154.466825 200.731163 562.800142 181.011049 
129.000000 8.000000 4.000000 a 369.009485 385.810834 400.132478 351.411440 315.226902 466.502947 613.959282 283.196045 443.010158 97.082439 312.827428 394.868332 428.740014 482.511140 266.450746 400.824151 315.653291 508.236166 376.693509 470.230794 591.481192 287.043551 308.868904 385.011688 312.083322 522.398315 444.983146 464.388846 373.965239 363.727920 494.434020 164.805946 223.329353 216.910120 548.631024 278.743610 495.903216 290.408333 498.256962 412.419689 351.415708 440.265829 205.827598 455.247186 416.303975 259.942301 243.528232 397.404076 564.213612 483.811947 522.368644 369.709345 384.037759 355.028168 190.244579 553.823979 314.968252 524.665608 352.204486 229.706334 602.146992 611.667393 428.225408 438.200867 299.347624 362.049720 261.237440 390.616180 449.001114 431.167021 383.099204 573.247765 476.017857 256.222560 347.453594 95.603347 304.699852 285.896835 455.185676 539.633209 578.619910 406.030787 357.123228 493.902824 524.203205 463.341127 143.349224 502.701701 246.292509 435.166635 175.863583 422.963355 518.206523 340.124977 356.949576 253.931093 315.496434 490.645493 470.389201 455.342728 
239.000000 5.000000 1.000000 a 112.805142 156.425701 159.062881 73.355300 104.675690 52.345009 203.383874 290.056891 254.348187 325.779066 284.738477 219.968180 90.735880 70.880181 149.482440 193.217494 101.133575 107.074740 50.960769 239.140126 177.101666 143.961800 194.002577 237.118114 155.502412 221.045244 69.892775 249.435362 191.366141 259.932684 160.897483 262.880201 206.787330 245.790561 143.892321 148.003378 115.520561 125.299641 83.600239 37.589892 69.339743 115.745410 217.186556 50.960769 156.977705 214.161154 172.467388 22.022716 149.512541 156.540730 251.097591 114.280357 85.475143 111.400180 228.980349 147.871566 263.655078 249.088338 224.269927 185.413052 200.688814 215.113923 58.600341 110.639053 181.796590 56.753854 211.929233 29.154759 260.447691 17.029386 78.409183 159.022011 142.940547 174.450566 217.082933 325.098447 140.174891 130.299655 111.287915 138.191896 224.223103 239.970832 241.660919 126.099167 238.075618 274.535972 300.466304 106.169676 243.312556 21.189620 252.556924 12.369317 105.418215 99.045444 155.467038 185.299757 231.138487 242.528349 206.400097 227.266364 
147.000000 2.000000 3.000000 a 253.237043 302.167172 42.011903 123.065023 184.133104 214.032708 350.127120 374.669187 101.788997 303.726851 383.220563 361.120479 262.185049 203.494472 181.463495 340.477606 173.510807 202.141040 131.700418 113.780490 312.385979 110.276924 296.285335 62.169124 63.976558 396.440412 143.961800 113.296072 17.691806 82.152298 143.003496 267.858171 148.973152 291.611042 306.164988 119.954158 172.803356 172.678893 232.441390 144.003472 131.095385 104.847508 234.000000 226.019911 315.163450 102.961158 162.963186 182.222392 282.630501 332.416907 423.362729 63.639610 236.617835 242.156974 232.744495 308.298557 365.403886 421.972748 47.381431 176.045449 360.679913 378.132252 233.803336 282.334908 277.200289 178.193715 101.607086 152.590956 109.000000 190.094713 99.408249 298.104009 318.888695 226.108381 338.533602 300.481281 231.406569 145.244621 123.713378 304.198948 401.061093 72.249567 364.551780 303.797630 412.080089 429.534632 220.513038 192.774480 121.461928 184.024455 190.128904 174.071824 259.886514 214.140141 286.782147 118.869677 335.912191 409.528998 107.670795 387.489355 
236.000000 5.000000 5.000000 a 36.400549 70.178344 242.588128 122.494898 57.245087 164.103626 292.535468 163.917662 337.681803 236.326046 160.031247 121.655251 97.616597 193.023315 89.202018 104.809351 67.601775 232.363939 129.139460 334.619187 279.293752 145.784087 68.154237 301.763152 186.935818 200.960195 191.376592 340.969207 257.800310 312.705932 279.159453 168.344884 177.101666 131.487642 225.062214 140.943251 241.033193 78.447435 194.815297 151.489274 114.865138 225.470619 127.640119 142.635900 95.036835 217.892175 128.191263 104.235311 257.153651 152.816884 213.138453 186.681547 55.461698 22.803509 144.506055 230.824609 139.283883 213.712424 276.725496 131.848398 274.361076 281.737466 106.282642 105.550936 56.000000 76.557168 216.120337 122.196563 344.681012 136.058811 163.444180 261.216385 143.951381 77.103826 100.005000 237.261459 28.301943 107.703296 227.554389 214.580987 247.131544 312.416389 126.150704 162.114157 208.676784 194.164878 253.728201 232.142198 242.860042 145.344419 206.651881 138.452158 205.934456 29.529646 47.539457 174.797025 106.775465 189.023808 308.423410 159.260792 
174.000000 7.000000 1.000000 a 266.745197 220.537979 512.656805 392.444901 325.504224 391.318285 449.026725 172.675997 607.852778 369.845914 147.220922 156.984076 296.082759 425.311650 337.083076 184.361059 336.133902 467.338207 396.046714 604.107606 460.440007 407.240715 215.501740 570.035964 452.403581 242.018594 446.838897 610.946806 527.147987 577.644354 537.841984 325.613268 414.160597 265.135814 394.178893 399.941246 487.964138 339.013274 411.646693 410.800438 384.668689 489.314827 320.224921 364.034339 224.508352 468.645922 370.158074 358.420145 452.482044 270.675082 208.614477 456.826006 292.027396 273.386174 334.571368 399.804952 156.371353 213.600094 542.819491 364.927390 412.846218 406.492312 327.713289 281.469359 235.193537 342.147629 467.384210 384.187454 614.866652 379.056724 431.789300 447.001119 277.881270 296.730517 171.058470 374.049462 278.641347 368.505088 487.668945 382.498366 321.188418 581.817841 145.086181 318.127333 225.179928 124.579292 453.310048 471.009554 487.467948 389.867926 420.301083 388.567883 406.429576 298.402413 226.556836 425.067054 178.619708 183.133831 576.288990 170.293864 
191.000000 5.000000 1.000000 a 255.327241 273.031134 319.014106 249.226804 204.685124 357.917588 503.000994 190.850727 380.612664 18.788294 218.112356 286.832704 315.382308 376.554113 157.543645 290.193039 206.312869 405.561339 273.543415 400.655713 482.420978 192.898937 198.010101 324.336245 228.008772 410.078041 344.688265 398.026381 301.797946 311.451441 404.891343 51.312766 138.520757 108.415866 436.975972 183.308483 397.310961 181.727818 390.000000 309.182794 247.913291 348.037354 92.849340 344.815893 303.389189 191.379205 141.908421 288.461436 456.018640 370.202647 411.928392 279.078842 270.844974 241.422866 78.492038 442.304194 215.455332 413.968598 290.131005 126.921235 489.739727 498.775501 316.128139 324.548918 187.000000 252.491584 191.846293 284.964910 387.362879 322.987616 285.707893 464.091586 362.327200 142.835570 239.841614 18.439089 191.107300 182.496575 360.879481 427.649389 465.000000 344.158394 252.794383 380.489159 412.782025 358.503835 105.475116 400.985037 189.873642 327.942068 102.528045 316.205629 408.541308 227.378539 244.043029 169.189243 209.880919 381.047241 393.367513 345.984104 
293.000000 5.000000 2.000000 a 36.400549 81.467785 219.127817 104.062481 73.409809 107.042048 235.815606 218.185701 316.223023 287.767267 210.280765 144.941367 48.754487 137.615406 121.938509 119.503138 78.447435 178.373204 98.737024 306.649637 221.208047 154.262763 122.004098 289.006920 185.129684 177.000000 145.989726 315.220558 243.074063 305.851271 236.698120 220.517573 202.714084 188.957667 168.656456 153.182897 191.376592 101.636608 137.058382 109.201648 96.135321 187.970742 176.918060 84.528102 88.588938 230.488611 157.178243 56.859476 198.917068 117.885538 198.927122 165.945774 10.000000 38.052595 192.338244 174.264167 189.081993 198.133793 269.163519 165.529454 220.095434 229.120056 48.332184 64.536811 113.137085 49.040799 228.429420 83.450584 322.845164 82.462113 135.092561 203.081265 105.990566 127.283149 140.801278 288.175294 81.492331 123.223374 186.131674 158.685223 206.693009 296.060805 165.196852 112.893755 189.763010 205.299781 289.347542 179.293056 258.311827 92.720009 240.634578 88.639720 147.705789 42.426407 79.120162 191.525455 156.847059 182.784026 276.501356 161.058995 
146.000000 1.000000 2.000000 a 167.868997 165.075740 337.203203 230.273750 161.009317 301.517827 427.796681 64.404969 421.200665 142.579802 87.664132 161.136588 230.586209 328.975683 139.713994 170.856665 169.011834 366.546041 247.212459 429.377456 416.818906 209.251045 84.403791 372.690220 255.890602 295.255821 317.833290 431.653796 336.823396 371.496972 398.317712 90.801982 192.665513 31.906112 360.310977 199.624648 370.345784 155.360870 332.613890 277.521170 224.955551 340.907612 92.956979 280.631431 195.020512 251.765764 158.600126 237.608922 395.126562 267.854438 290.449651 284.416947 192.626582 159.100597 103.773792 366.230802 83.096330 293.165482 340.828403 148.165448 406.178532 411.092447 243.961062 232.723011 84.693565 204.009804 251.031870 248.243832 428.404015 271.552941 274.103995 398.854610 263.304007 96.135321 113.877127 145.986301 119.339851 176.875663 347.703897 349.284984 360.501040 388.845728 122.380554 290.998282 294.232901 228.632894 218.680132 365.136961 264.877330 279.946423 188.732615 271.311629 343.816812 161.124176 139.230025 211.851363 80.956779 257.769277 410.962285 222.434260 
126.000000 4.000000 2.000000 a 315.279241 347.748472 272.787463 252.794383 242.439683 376.300412 527.640976 306.726262 305.655034 127.663621 331.146493 378.639670 364.588809 384.668689 194.794764 374.354110 238.415604 402.677290 278.095307 334.905957 498.775501 181.793839 287.250762 247.808394 191.971352 482.001037 337.515926 327.981707 241.629882 225.079986 371.679970 152.800524 117.613775 213.590730 467.231206 176.581426 383.975260 214.238185 405.843566 311.834892 255.440795 321.908372 166.048186 371.877668 375.446401 131.518060 158.760826 311.892610 469.595571 430.846841 492.264157 252.669745 320.655578 299.786591 149.003356 471.601527 324.197471 493.304166 215.956014 150.784615 523.581894 536.395377 354.005650 379.084423 270.894814 281.113856 133.281657 296.546792 311.411304 341.397129 274.127707 481.300322 420.240407 208.952148 335.005970 122.674366 253.938969 196.956848 338.775737 460.244500 522.396401 268.901469 353.409111 427.603789 489.197302 454.281851 27.459060 395.588170 111.825757 342.533210 75.239617 329.734742 429.563732 276.318657 319.681091 141.484982 310.710476 465.087089 338.634021 431.912028 
279.000000 5.000000 1.000000 a 247.226617 294.905069 45.967380 127.534309 199.541976 160.162418 275.943835 402.195226 116.726175 369.956754 404.361225 358.075411 234.360833 138.708327 217.910532 333.048045 189.873642 124.535136 118.224363 95.770559 235.747747 160.028123 312.462798 121.115647 127.094453 361.088632 82.565126 107.154095 88.005682 153.235113 56.356011 323.261504 217.101359 332.567286 242.167298 170.002941 90.757920 200.569190 168.668314 106.400188 134.164079 30.083218 282.704793 180.313616 299.482888 183.839604 214.114455 158.041134 207.099010 296.966328 393.235299 74.108029 223.450218 240.669898 286.342452 243.018518 384.439852 390.907918 127.581347 229.054579 292.554268 311.271586 201.717624 254.096438 295.624762 172.002907 182.082399 130.115333 121.807225 149.003356 84.118963 223.606798 283.534830 259.886514 346.538598 367.408492 248.203546 181.664526 45.044423 242.909448 349.496781 114.271606 372.462079 259.046328 379.241348 417.279283 300.106648 114.542569 206.312869 139.531358 263.402733 134.629120 195.256242 217.720004 287.516956 185.924716 352.506738 386.103613 63.031738 370.645383 
150.000000 6.000000 4.000000 a 214.394496 194.640695 410.542324 299.487896 228.063588 355.012676 466.691547 31.320920 496.303335 191.525455 55.226805 164.195006 272.574760 385.219418 213.590730 184.718705 237.170825 424.990588 313.899665 503.239506 461.637304 284.318483 126.003968 448.416101 331.157062 304.685083 381.849447 506.063237 411.938102 447.420384 466.075101 157.543645 268.039176 106.775465 400.475967 274.854507 432.907611 226.931708 384.376118 341.439599 293.465501 409.591260 168.297356 331.386481 220.272558 327.397312 234.437625 296.730517 443.062072 292.945387 290.193039 356.698752 242.132195 210.009524 177.589414 406.546430 70.710678 293.899643 416.692933 224.089268 440.193139 441.977375 292.684130 269.467994 136.937942 266.182268 326.710881 311.826875 503.512661 328.609190 343.432672 444.389469 291.784167 169.118302 125.924581 195.971937 181.463495 250.599282 414.773432 388.799434 378.695128 464.349007 117.889779 325.565662 298.466078 212.424104 285.029823 424.794068 339.607126 338.001479 260.432333 330.963744 391.480523 220.054539 176.238475 287.767267 96.046864 256.222560 483.409764 223.042597 
276.000000 5.000000 4.000000 a 244.239636 289.290511 128.160056 135.856542 164.575211 255.906233 404.248686 322.076078 175.934647 219.672483 336.440188 339.649820 273.885012 256.320112 138.191896 324.784544 155.563492 267.074896 157.305435 198.090888 370.827453 75.425460 259.886514 119.854078 54.378304 406.001232 202.566039 194.139125 100.244701 111.503363 227.200352 193.705963 70.830784 230.202085 350.498217 79.075913 244.247825 141.760361 281.575922 185.237685 141.661569 179.401784 168.884576 259.000000 309.725685 14.035669 105.209315 202.763409 340.895879 345.700738 426.279251 113.172435 237.052737 229.995652 162.542302 353.895465 321.549374 425.921354 85.702975 113.216607 407.185461 422.547039 253.033595 292.385020 240.187427 182.617086 13.038405 179.002793 182.660888 224.147273 141.449638 354.496827 333.016516 178.339564 307.319052 216.020832 201.546521 112.294256 197.091349 345.775939 427.551167 139.463257 331.837310 328.495053 418.306108 413.881626 131.468627 258.990347 37.536649 222.056299 103.696673 209.697401 307.722277 201.101964 267.166615 50.000000 296.184064 406.162529 196.461192 378.504954 
184.000000 7.000000 4.000000 a 258.518858 241.598841 439.547495 333.541602 263.696796 397.850474 513.320563 78.790862 521.123786 181.342218 102.415819 211.917437 318.135191 427.117080 242.297338 232.594067 272.016544 466.038625 350.008571 531.143107 507.158752 310.035482 169.705627 470.593243 355.983146 352.278299 419.869027 532.778566 436.946221 466.392539 501.482801 164.769536 284.401125 128.444541 446.788541 300.136636 471.872864 258.652276 427.873813 379.444331 328.123452 444.173390 187.106921 375.033332 267.777893 344.200523 257.235301 337.120157 487.800164 340.649380 336.893158 387.382240 285.686892 252.873486 192.408420 452.845448 118.595953 340.708086 437.785336 245.097940 487.418711 489.494637 336.756589 315.930372 178.137587 304.945897 343.803723 349.961426 528.297265 370.012162 377.402968 489.719307 339.265383 199.323857 173.631794 186.214930 219.658826 279.379670 450.708331 435.196507 426.564180 487.705854 165.592874 372.521140 345.648666 257.031127 285.686892 465.275187 352.777550 379.011873 268.760116 371.227693 436.176570 260.094214 221.939181 307.631273 142.947543 302.947190 513.725608 270.223981 
295.000000 7.000000 4.000000 a 255.501468 255.837839 359.089125 300.101649 309.090602 179.002793 63.820060 417.163038 438.028538 526.317395 396.678711 289.281869 193.414064 187.259179 358.765940 264.705497 311.014469 201.248602 277.194877 408.178882 102.552426 370.001351 334.940293 441.194968 380.879246 166.075284 247.097147 422.800189 399.656102 470.022340 299.055179 458.632751 430.359152 420.029761 84.480767 373.096502 237.413142 336.264777 157.876534 250.768818 295.624762 294.898288 415.788408 176.705970 228.254244 440.868461 390.252482 236.171548 122.784364 155.438091 201.434853 331.182729 237.655212 268.126836 431.372229 82.000000 378.084647 196.471372 437.535141 400.824151 31.144823 12.165525 194.905105 187.042776 335.600954 266.580194 438.634244 255.906233 442.136857 210.380607 296.664794 105.990566 156.977705 365.689759 322.386414 526.901319 317.982704 350.570963 278.303791 88.639720 89.050547 437.172735 333.937120 129.015503 183.787921 284.028168 522.289192 211.191856 470.005319 212.445287 473.519799 224.697575 130.418557 281.460477 279.885691 411.254179 353.475600 225.002222 370.983827 243.852414 
259.000000 2.000000 3.000000 a 207.870152 164.693655 450.039998 330.024242 261.690657 339.536449 414.004831 113.216607 544.488751 311.057872 85.094066 103.445638 244.761108 373.268000 271.532687 132.280006 272.310485 415.415455 335.219331 542.137436 420.309410 342.023391 150.206524 505.489861 387.486774 218.050453 389.717847 548.445986 463.072349 512.445119 480.367568 262.908729 348.462337 201.613492 354.358575 334.574356 433.416659 274.089401 362.538274 352.346420 322.386414 429.944182 255.196003 312.525199 174.633903 402.889563 304.401051 300.466304 409.034228 232.077573 191.846293 394.087554 234.565556 212.849712 269.920359 360.251301 91.482239 196.468827 477.830514 299.187232 380.474703 376.920416 274.643405 232.606965 169.838158 281.400071 401.632917 324.784544 551.550542 323.797776 370.449727 405.478729 236.763595 230.971860 107.563934 315.014285 214.112120 303.402373 429.511350 342.406192 298.095622 517.707446 81.394103 276.524863 205.243758 103.754518 389.724261 418.230798 421.741627 334.520552 355.485583 332.006024 360.538486 236.357780 166.147525 359.334106 112.871608 160.327789 515.379472 136.473441 
210.000000 7.000000 3.000000 a 227.200352 272.855273 118.127050 117.175083 147.959454 237.497368 386.214966 312.544397 175.823775 222.092323 325.614803 324.445681 255.566038 238.522536 124.867930 308.804145 138.654246 250.415654 138.715536 194.486503 353.171347 58.463664 246.617112 122.090131 36.878178 388.020618 185.607112 192.002604 95.634722 118.869677 214.953483 190.538710 68.410526 222.607278 332.036143 63.324561 228.674441 126.289350 263.453981 167.074834 123.000000 165.051507 161.978394 240.353906 292.638002 26.870058 94.752309 184.092368 323.284704 327.441598 408.770107 97.082439 219.228192 213.178329 157.470632 335.477272 310.040320 408.335646 88.836929 104.637469 388.753135 404.030939 234.437625 274.182421 226.894248 164.304595 24.758837 160.365208 182.784026 205.565075 123.810339 336.703133 314.701446 166.643332 293.421199 218.741857 186.724396 96.462428 182.280004 327.230805 408.936425 140.388746 318.290748 309.864487 400.550871 398.151981 141.396605 242.538657 54.918121 203.592731 108.166538 191.191004 289.471933 184.165686 251.406046 41.340053 283.735793 389.133653 189.446562 361.951654 
116.000000 8.000000 1.000000 a 172.351385 137.524543 403.718962 284.929816 214.273190 311.438597 404.619574 60.406953 496.371836 255.706863 30.364453 89.844310 220.102249 344.188902 218.487986 115.572488 224.735400 385.876923 293.109195 496.614539 405.177739 290.036205 100.005000 454.912079 336.269237 226.991189 353.084976 501.952189 413.706418 460.092382 442.359582 205.650188 292.535468 144.183910 340.917879 282.072686 400.056246 223.450218 337.575177 314.084384 277.650860 389.390549 198.040400 285.413735 156.460858 348.001437 249.649755 263.873076 390.251201 224.635260 209.274939 347.841918 200.569190 173.850510 212.551170 346.975503 34.176015 213.215853 426.160768 243.606240 374.585104 374.005348 246.333108 212.021225 118.827606 240.235301 346.831371 285.327882 503.508689 290.998282 327.038224 389.011568 226.048667 176.400113 68.154237 259.493738 165.423698 251.984126 390.877219 328.951364 303.898009 468.106825 47.010637 263.387547 218.837840 129.630243 332.243886 387.497097 365.941252 301.385136 298.202951 297.060600 339.713114 193.494186 129.691943 304.817978 60.108236 175.413796 471.780669 143.735869 
132.000000 7.000000 2.000000 a 156.387340 121.115647 380.490473 273.227012 236.103791 210.845915 231.250946 252.239965 476.299276 407.185461 226.450878 117.686023 132.517923 242.330353 276.761630 103.812331 244.000000 280.722283 262.840256 460.017391 247.347933 323.303263 195.000000 455.764193 355.675414 24.351591 283.867927 470.941610 409.591260 474.886302 369.610606 341.247711 364.094768 287.271648 182.507534 321.024921 309.782182 262.617593 219.965906 259.470615 265.548489 335.017910 308.172030 186.131674 92.962358 399.080192 315.545559 212.840316 244.773365 68.883960 29.154759 331.445320 161.895028 171.656634 325.852727 187.536663 211.645931 27.658633 438.275028 319.765539 194.030925 187.216452 163.370744 112.271991 205.294910 219.146070 397.102002 242.903273 482.411650 215.244048 297.321375 236.211769 81.608823 260.340162 162.114157 409.298180 214.441134 289.043249 326.498086 171.735261 104.345580 460.584411 163.670401 115.520561 20.880613 95.005263 440.930834 287.172422 426.010563 224.875521 394.407150 229.871703 206.206207 199.123078 149.939988 358.089374 196.084166 36.221541 425.846216 59.481089 
292.000000 5.000000 5.000000 a 246.975707 210.459022 475.336723 357.643677 286.225436 385.416658 471.831538 96.896852 566.467122 285.590616 82.134037 156.000000 292.959042 418.389770 285.035086 184.133104 296.502951 460.192351 366.885541 568.466358 475.206271 357.207223 172.037787 522.804935 404.030939 281.156540 427.692647 573.205024 482.995859 525.677658 516.768807 249.230817 351.654660 193.000000 410.001220 348.621571 474.713598 292.837839 410.902665 388.573030 350.556700 463.375658 252.958495 359.133680 226.433213 409.503358 312.603583 338.527695 461.735855 289.994828 256.070303 419.697510 275.136330 248.467302 264.820694 416.000000 100.439036 260.647271 492.853934 304.538996 439.738559 437.319105 320.199938 283.487213 189.736660 314.396247 408.553546 359.694315 573.645361 365.578993 400.292393 459.575891 293.206412 241.132744 142.635900 290.070681 237.134983 320.224921 465.236499 398.001256 360.846228 536.972997 119.641130 332.001506 269.091063 168.154691 377.520860 461.963202 424.694007 375.996011 349.824242 371.732431 411.806994 267.447191 204.284116 367.600326 131.882523 224.147273 544.629232 198.403629 
274.000000 2.000000 1.000000 a 252.253840 261.965647 320.951710 274.870879 294.645550 150.880748 15.811388 425.281084 395.456698 516.500726 407.520552 304.258114 189.171880 151.568466 343.889517 277.510360 294.932196 158.619040 250.491517 364.067301 53.758720 345.962426 337.235823 402.435088 351.550850 195.969385 210.641876 379.005277 362.604468 432.483526 254.238077 449.814406 408.886292 416.886076 61.220911 350.202798 194.257561 320.382584 124.338248 220.531177 271.442443 255.362487 405.463932 155.621335 237.539470 413.407789 372.206932 215.336945 77.025970 169.499263 233.805475 298.236483 230.341051 262.954369 419.977380 55.973208 387.815678 229.019650 401.367662 383.990885 24.186773 40.459857 182.200439 187.968082 335.005970 248.901587 411.175145 230.531993 399.211723 185.205292 265.271559 60.008333 167.035924 356.653894 331.789090 516.623654 310.937293 330.945615 237.894935 71.021124 127.141653 396.969772 346.590537 131.041978 215.520301 310.459337 502.299711 168.668314 442.325672 185.002703 454.039646 197.752370 98.112181 271.442443 282.660574 387.253147 360.624458 252.857667 327.013761 266.317480 
Type de surveillance de chaque endroit(target):tab[nombre de target]
a a a a a a a a a a a a a a a a a a a a a a a a a a a a a a a a a a a a a a a a a a a a a a a a a a a a a a a a a a a a a a a a a a a a a a a a a a a a a a a a a a a a a a a a a a a a a a a a a a a a 