Nombre des capteurs:
20
Nombre des targets:
30
Nombre de type de surveillance:
1

Caracteristiques:
109.000000 5.000000 3.000000 a 333.430652 53.851648 389.508665 272.904745 209.153054 319.319589 384.925967 168.656456 360.656346 263.229938 328.469177 325.508832 429.196924 263.821910 295.243967 214.767316 371.651719 457.839492 303.817379 389.354594 266.084573 429.131681 269.066906 449.227114 337.083076 320.057807 373.535808 147.851277 284.838551 396.729127 
281.000000 6.000000 3.000000 a 237.356272 95.257546 377.895488 264.984905 145.619367 382.723138 362.692707 197.608198 373.230492 321.123029 383.262312 335.764799 313.036739 230.633909 345.897384 274.322803 301.955295 421.740442 209.678325 444.865148 144.931018 362.049720 203.403540 448.977728 227.528020 211.322029 260.440012 111.758669 292.104433 286.503054 
250.000000 7.000000 5.000000 a 355.844067 238.882816 275.601161 188.679623 236.038133 133.521534 286.190496 110.923397 221.110832 88.865066 148.070929 196.786687 472.411897 219.920440 122.800651 57.584720 344.061041 365.603610 330.925974 204.978048 347.666507 386.291341 267.555602 312.233887 381.567818 366.715148 418.119600 196.084166 173.487752 432.001157 
191.000000 3.000000 5.000000 a 83.006024 359.168484 175.513532 157.203690 153.495928 340.630298 144.450684 236.256217 225.656819 299.392719 322.133513 205.060967 173.216627 118.270876 294.735475 287.702972 12.206556 158.256122 93.920179 361.199391 187.544661 72.138755 92.179173 244.754980 126.321020 127.251719 140.730238 213.321354 188.724667 134.461891 
218.000000 1.000000 1.000000 a 256.164010 64.498062 356.439336 239.635139 141.820309 336.524888 345.398321 156.156972 342.498175 275.495916 339.328749 305.221231 346.054909 215.058132 302.597092 227.369743 306.315197 411.252964 226.832537 401.358942 181.276033 365.800492 203.403540 423.958724 255.313533 238.379949 290.993127 88.814413 261.681104 315.153931 
218.000000 9.000000 1.000000 a 154.983870 164.924225 294.389198 188.002660 57.280014 335.858601 276.441676 152.633548 299.107004 275.263510 330.925974 262.373779 249.050196 145.910932 293.470612 234.710460 211.520685 331.941260 125.717938 389.955126 94.810337 271.621060 112.414412 367.604407 156.259400 139.230025 193.010362 59.464275 220.102249 215.837902 
100.000000 2.000000 2.000000 a 351.262010 47.507894 414.849370 298.073816 229.577873 342.584296 409.928042 194.195778 386.194252 287.334300 352.427297 351.062672 443.383581 287.702972 319.662322 239.140126 393.235299 482.379519 321.707942 412.989104 278.007194 451.252701 290.244724 474.773630 352.423041 335.451934 388.278251 169.118302 310.357858 412.243860 
189.000000 8.000000 4.000000 a 68.425142 278.887074 206.400097 135.723985 74.464757 320.600998 181.024860 178.765209 235.170151 269.235956 307.001629 204.553172 186.118242 82.073138 273.804675 245.521893 92.763139 221.677694 48.918299 356.400056 125.000000 152.839785 20.615528 281.298774 102.552426 92.417531 135.000000 135.977939 173.046237 144.899965 
113.000000 8.000000 5.000000 a 175.775425 381.104972 425.699424 370.469972 264.200681 553.263048 395.536345 389.666524 466.512594 498.623104 541.025877 438.220264 101.414989 316.564369 506.793844 467.610949 259.480250 403.298897 186.010752 591.202165 154.945152 292.542305 252.875463 496.638702 133.454112 142.435951 111.319360 306.882714 407.835751 123.583980 
148.000000 4.000000 3.000000 a 218.442212 362.095291 49.658836 68.600292 189.525724 199.323857 46.957428 175.504986 73.756356 173.011560 177.552809 57.245087 324.322370 100.603181 157.334040 182.280004 150.332964 126.317061 211.513593 210.204662 288.530761 166.688332 154.207652 121.342490 261.174271 255.001961 285.464534 219.692968 66.483081 284.255167 
223.000000 4.000000 4.000000 a 261.705942 388.630930 38.327536 97.984693 228.107431 174.828487 61.983869 194.486503 34.885527 161.554944 150.764717 42.544095 366.087421 140.128512 138.610966 182.332115 190.276115 133.375410 254.960781 174.152232 330.860998 198.725942 196.756194 87.321246 304.573472 298.464403 328.421985 252.067451 78.236820 326.435292 
125.000000 2.000000 4.000000 a 278.842249 49.203658 362.571372 244.969386 159.511755 326.291281 353.747085 152.610616 343.470523 266.227346 331.024168 306.648007 371.538692 225.887140 295.083039 217.389052 324.154284 422.383712 249.323084 393.062336 207.696895 383.020887 220.907220 427.719534 280.071419 263.077935 316.155025 101.533246 263.696796 339.860265 
278.000000 5.000000 1.000000 a 221.382023 369.835098 42.154478 76.400262 196.155551 202.526541 39.924930 183.251194 72.862885 178.179685 180.249827 60.415230 325.779066 107.200746 161.372240 188.809428 150.655236 119.402680 215.390343 210.800854 293.736276 164.158460 159.389460 114.738834 264.425793 258.683204 287.946176 227.160736 73.409809 286.006993 
244.000000 5.000000 5.000000 a 353.816337 405.583530 137.568165 160.153052 290.704317 88.391176 166.018071 209.954757 69.835521 112.071406 63.071388 89.810912 464.077580 213.784939 78.006410 155.682369 291.672762 228.527898 342.001462 69.462220 405.389936 303.433683 277.108282 130.495211 394.462926 385.861374 422.143341 294.064619 123.308556 423.381625 
167.000000 8.000000 1.000000 a 303.848647 574.344844 207.713745 301.597414 371.796988 416.231907 194.288445 409.723077 273.994525 407.295961 390.865706 286.677519 337.333663 301.572545 384.037759 422.848673 216.953912 114.825955 321.566478 394.645410 414.628750 159.731024 311.905434 208.319466 340.577451 347.276547 337.551478 424.414891 307.514227 316.812247 
155.000000 2.000000 5.000000 a 136.308474 183.521116 290.903764 189.169236 55.145263 345.312902 271.182595 165.096941 300.308175 285.464534 339.045720 264.196896 229.054579 143.282937 301.869177 246.756965 197.436066 323.024767 107.354553 397.020151 77.388630 257.483980 101.965681 364.983561 136.297469 119.268604 173.011560 75.471849 222.991031 195.923454 
202.000000 7.000000 2.000000 a 104.019229 383.541393 343.349676 304.041116 222.335332 490.902231 312.237089 344.942024 390.406199 440.828765 475.857121 365.568051 22.135944 252.241947 444.041665 416.395245 173.565550 313.383152 125.239770 521.391408 146.112970 201.400099 191.971352 411.734138 75.000000 91.219515 37.696154 276.925983 340.383607 33.615473 
274.000000 8.000000 5.000000 a 79.177017 241.298570 273.411777 189.362087 72.111026 364.354223 249.072279 197.752370 296.162118 307.826250 354.238620 262.885907 174.152232 136.356151 318.600063 275.408787 151.604749 289.281869 51.400389 408.208280 57.706152 210.297408 76.655072 348.465206 80.224684 63.387696 117.720007 122.576507 226.318360 139.057542 
177.000000 4.000000 4.000000 a 280.722283 518.464078 130.919823 234.008547 322.778562 337.336627 122.331517 342.800233 195.473783 330.219624 311.924670 210.297408 341.058646 243.526179 305.941171 348.488163 187.579317 47.010637 292.027396 316.291005 385.206438 143.502613 266.986891 131.217377 322.307307 325.269119 328.097546 369.514546 234.882950 312.443595 
168.000000 4.000000 5.000000 a 397.683291 424.287638 182.923481 200.870605 327.391203 72.201108 211.981131 234.770100 116.107709 119.641130 55.027266 134.357731 509.134560 254.939208 88.277970 168.181450 337.658111 271.884167 384.667389 23.259407 444.127234 349.665554 318.692642 166.075284 437.603702 428.379505 466.194166 324.376325 163.453357 468.241391 
Type de surveillance de chaque endroit(target):tab[nombre de target]
a a a a a a a a a a a a a a a a a a a a a a a a a a a a a a 