Nombre des capteurs:
20
Nombre des targets:
30
Nombre de type de surveillance:
1

Caracteristiques:
177.000000 8.000000 3.000000 a 415.473224 234.412030 76.485293 173.726797 312.246697 166.003012 410.000000 413.469467 335.596484 161.111762 177.910090 65.795137 424.990588 354.317654 119.603512 333.418656 185.172892 496.383924 320.140594 343.431216 167.487313 244.738636 180.543624 209.153054 278.001799 481.087310 65.000000 204.831638 212.362897 363.232708 
101.000000 2.000000 4.000000 a 279.732015 85.586214 97.128780 200.860648 308.210967 108.337436 333.142612 259.624729 319.188032 101.769347 197.362610 154.275727 357.459089 197.496835 38.948684 179.387848 155.322246 369.265487 166.138496 191.637679 108.811764 177.045192 127.906216 157.724443 251.191162 371.775470 97.308787 66.030296 60.745370 262.819330 
290.000000 3.000000 4.000000 a 87.200917 207.424685 293.393933 247.258974 254.503438 304.021381 169.144908 138.437712 244.346066 298.511306 238.314918 289.849961 200.601595 136.473441 226.126071 207.060378 182.332115 167.836230 104.019229 92.309263 169.499263 126.589889 320.764711 154.806331 195.634864 171.210397 286.923335 137.440896 146.492321 83.737686 
217.000000 8.000000 4.000000 a 172.887246 374.834630 424.322990 291.878399 207.908634 458.215015 34.058773 275.486842 180.623919 451.908177 283.365488 379.179377 52.392748 300.647634 361.083093 377.597669 252.786471 151.990131 274.390233 257.287777 272.264577 192.023436 476.931861 227.431308 185.151289 83.671979 412.752953 287.235095 304.108533 90.917545 
203.000000 2.000000 2.000000 a 227.035240 206.305599 200.092479 108.240473 168.181450 250.726943 202.674616 264.714941 175.413796 243.790894 99.744674 158.145503 221.923410 231.969826 142.225174 265.188612 41.617304 295.083039 189.391130 198.655481 45.705580 35.693137 271.007380 18.000000 107.647573 271.713084 187.114938 103.368274 128.035151 153.574086 
203.000000 6.000000 4.000000 a 343.013119 82.710338 112.008928 286.665310 401.907950 35.227830 423.079189 295.880043 413.759592 34.655447 284.597962 215.102301 448.844071 226.753170 110.476242 171.604196 248.316331 436.257951 210.736803 238.891189 202.632673 271.449811 44.407207 252.438111 345.810642 449.694341 126.099167 151.168780 134.082064 347.979884 
272.000000 4.000000 4.000000 a 153.561063 162.609963 226.417755 195.151223 235.934313 244.965304 202.249845 177.611937 234.029913 238.951878 186.850207 224.200803 230.204257 147.166572 159.260792 193.496770 127.953116 235.580135 105.000000 111.570605 105.361283 89.140339 263.045623 104.403065 172.985549 232.215417 219.317122 73.979727 89.157165 124.919974 
183.000000 6.000000 3.000000 a 187.267189 77.278716 207.761883 264.382299 331.748399 186.959889 295.677189 148.862353 332.469547 182.822318 257.777035 253.527119 325.465820 86.278618 148.492424 96.690227 201.002488 280.862956 56.648036 84.202138 160.514797 183.412104 200.422055 186.424247 268.793601 300.416378 208.830074 75.690158 57.801384 212.407627 
229.000000 4.000000 4.000000 a 136.605271 354.587084 490.147937 467.754209 448.268893 470.465727 296.285335 142.042247 428.812313 467.041754 458.686167 507.578565 323.394496 211.442664 425.621898 286.043703 403.685521 122.588743 229.401395 202.232539 388.820010 345.218771 481.448855 375.832409 399.392038 195.739623 488.190537 335.965772 332.729620 245.936984 
222.000000 2.000000 4.000000 a 328.525494 66.483081 159.452187 320.814588 427.126445 80.212219 429.424033 268.700577 436.073388 81.633327 317.724724 258.278919 457.138929 199.449242 146.758305 132.849539 275.481397 422.284264 191.846293 219.513098 228.615398 288.721319 80.280757 275.045451 368.209180 443.416283 172.539850 162.003086 140.089257 349.824242 
236.000000 3.000000 3.000000 a 362.012431 376.948272 311.899022 107.628992 62.169124 390.840121 233.540146 427.141663 92.703829 383.856744 107.800742 210.641876 227.793766 405.277683 281.325434 442.507627 149.264865 397.826595 363.088144 367.766230 195.818794 169.499263 411.004866 159.524293 96.664368 345.114474 294.170019 277.713882 302.200265 250.928277 
221.000000 6.000000 1.000000 a 309.483441 53.263496 174.562310 323.760714 424.287638 101.237345 417.566761 246.594809 431.653796 101.828287 320.053121 268.151077 446.010090 177.552809 153.469867 109.590146 274.694376 403.124050 172.290452 199.572042 227.758644 282.681800 103.004854 271.825312 364.160679 426.676693 186.271308 155.080624 131.711807 336.481797 
278.000000 9.000000 2.000000 a 269.712810 436.790568 452.642243 282.113452 160.440020 503.126227 83.934498 369.510487 129.807550 496.332550 275.356133 384.398231 51.865210 385.893768 396.429060 456.601577 265.397815 250.251873 354.238620 341.631380 298.785877 219.585974 523.057358 247.426757 170.751281 178.538511 438.292140 338.864280 359.856916 167.573864 
191.000000 4.000000 2.000000 a 255.068618 105.475116 266.187904 375.133310 449.697676 203.039405 401.429944 168.881615 450.125538 202.940878 369.391391 343.722272 432.644196 109.128365 227.404925 25.495098 315.063486 344.158394 128.701204 147.800541 271.414812 301.365227 205.411782 303.000000 386.746687 382.796290 274.592425 185.779439 162.197411 316.082268 
226.000000 1.000000 1.000000 a 115.433964 332.343196 466.901489 445.899092 429.912782 448.011161 282.023049 120.598507 411.290651 444.504218 436.862679 484.499742 310.161248 189.789357 402.315796 266.092089 381.473459 114.560028 206.516343 179.203795 365.935787 323.641777 459.243944 353.771112 379.760451 186.702973 464.889234 312.641968 309.472131 227.431308 
239.000000 9.000000 1.000000 a 365.603610 356.046345 280.816666 78.390050 90.255194 362.249914 252.958495 423.207987 120.619236 355.337867 80.622577 177.101666 250.912335 395.920447 254.489685 427.055032 130.648383 409.029339 353.386474 360.661892 175.328264 163.600122 382.188435 146.413797 105.380264 360.867012 262.931550 259.976922 283.975351 259.433999 
114.000000 3.000000 3.000000 a 133.809566 352.164734 487.467948 464.940856 445.669160 468.002137 294.015306 139.742621 426.276905 464.560007 455.873886 504.765292 321.222664 209.121974 422.906609 284.015845 400.861572 120.813906 226.832537 199.624648 385.996114 342.414953 479.037577 373.012064 396.698878 193.932978 485.479145 333.222148 330.043936 243.312556 
100.000000 3.000000 5.000000 a 309.535135 168.359734 91.389277 124.422667 248.169297 160.415087 313.435799 314.841230 264.939616 153.404694 122.873919 76.661594 332.037648 261.275716 52.201533 258.383436 98.005102 390.016666 223.329353 244.034834 65.192024 146.372812 180.693110 114.284732 199.461776 376.649705 76.922038 105.118980 119.079805 259.514932 
103.000000 5.000000 2.000000 a 348.311642 128.809938 33.837849 213.433830 339.241802 71.119618 389.852536 325.508832 355.218243 64.404969 212.868504 132.574507 411.732923 260.860116 49.335586 228.431609 187.408644 437.319105 232.647802 258.955595 147.176764 226.176922 90.735880 199.123078 288.780193 437.028603 43.931765 133.090195 129.340636 325.000000 
127.000000 3.000000 2.000000 a 118.308918 155.563492 292.774657 316.900615 352.750620 270.440382 271.582400 64.031242 345.930629 266.810794 308.954689 327.340801 303.585243 31.622777 231.019480 112.680966 249.819935 210.161842 29.681644 13.341664 219.146070 210.950231 282.285317 227.741081 291.084180 244.969386 292.714878 146.577624 137.277092 186.796681 
Type de surveillance de chaque endroit(target):tab[nombre de target]
a a a a a a a a a a a a a a a a a a a a a a a a a a a a a a 