Nombre des capteurs:
50
Nombre des targets:
120
Nombre de type de surveillance:
1

Caracteristiques:
193.000000 6.000000 3.000000 a 125.035995 424.905872 406.253615 342.441236 323.097509 93.021503 196.254936 44.944410 307.175845 367.164813 346.632370 290.244724 233.053642 255.515166 311.321377 342.912525 407.141253 326.847059 381.693594 226.079632 68.709534 338.533602 311.207326 438.749359 297.899312 281.655818 156.051274 86.371292 386.948317 484.024793 299.841625 338.325287 158.142341 270.129599 222.847481 42.154478 241.207380 425.913137 508.917479 360.206885 281.858120 274.838134 26.570661 77.025970 201.357890 123.227432 187.949461 221.415898 29.614186 103.406963 309.045304 407.315602 240.759216 391.429432 306.197649 49.739320 372.538589 134.402381 40.607881 332.897882 189.834138 452.770361 152.082215 181.813091 217.745264 293.516609 118.511603 377.343345 384.001302 274.881793 257.623757 416.012019 297.899312 245.024489 250.503493 318.416394 470.868347 376.198086 208.904284 348.891100 321.827594 180.579622 226.770809 160.430670 516.279963 350.224214 387.114970 52.000000 300.740752 311.191260 160.822884 193.540693 202.785601 181.837840 224.877745 265.092437 401.204437 300.665928 400.844109 191.065434 171.327172 304.547205 209.344214 214.394496 317.195523 177.544361 340.587727 144.180443 360.656346 141.439033 283.621226 379.036938 141.509717 366.415065 192.052076 344.920281 158.145503 271.464546 277.137150 271.827151 
141.000000 5.000000 2.000000 a 100.568385 415.943506 393.103040 373.258623 281.602557 94.302704 168.023808 14.422205 335.232755 350.853246 372.818991 279.546061 205.353354 282.821498 328.975683 339.942642 402.412723 305.360443 392.451271 200.449495 69.835521 312.872178 341.470350 420.353423 314.992063 291.496141 194.987179 71.217975 366.580141 474.371163 290.945012 329.028874 165.592874 277.838082 238.933045 76.295478 248.654379 431.149626 503.011928 345.376606 287.360401 263.765047 72.401657 37.054015 240.692750 89.089842 147.122398 179.947214 42.011903 111.825757 301.239108 396.295344 229.296751 406.306535 336.928776 96.260064 351.523826 152.433592 30.675723 344.292027 192.314846 456.426336 137.713471 195.887723 217.082933 324.006173 143.850617 392.020408 355.726018 250.798724 214.238185 385.063631 295.979729 227.554389 253.810953 276.153943 456.097577 372.978552 240.468293 370.946088 330.492057 143.265488 240.235301 167.242339 514.463799 359.089125 397.454400 15.620499 286.665310 337.763231 122.000000 182.236111 169.026625 144.391828 259.001930 228.844926 377.153815 275.746260 370.135110 229.682389 170.484603 332.031625 248.573933 247.129521 278.756166 135.977939 322.099364 138.708327 354.447457 167.358896 292.638002 381.183683 98.086696 374.817289 226.008849 332.412394 115.316955 265.000000 242.002066 277.852479 
232.000000 2.000000 3.000000 a 68.014704 340.066170 322.567822 293.015358 281.737466 9.000000 132.619757 75.179785 252.446034 285.170125 287.934020 206.189233 165.801086 200.159936 239.927072 257.947669 322.074526 249.128481 303.199604 156.204994 19.723083 265.000000 261.017241 357.593344 225.849507 202.272094 138.130373 36.055513 307.566253 399.239277 215.232433 253.692728 76.400262 189.129585 149.856598 58.077534 159.928109 343.758636 423.831334 277.461709 199.529446 191.018324 84.723078 80.305666 180.767807 86.608314 154.301653 186.131674 57.628118 22.472205 224.198573 322.939623 157.432525 316.766475 257.124483 99.005050 293.824778 66.272166 59.640590 254.890172 105.645634 369.871599 74.330344 106.620823 132.879645 244.131112 67.357256 302.476445 312.968049 200.997512 226.808289 348.313078 213.016431 165.435788 166.973052 279.958926 387.640297 291.233583 164.575211 283.381368 241.629882 137.887635 150.721598 78.243211 431.644530 270.223981 308.288826 104.957134 218.048160 253.550784 125.602548 111.004504 148.949656 139.301831 186.510053 211.985849 325.000000 227.068272 333.016516 168.647562 86.284413 248.726758 187.843020 172.791782 267.029961 147.871566 260.230667 60.166436 275.588461 88.459030 203.600098 295.392959 125.717938 286.111866 154.983870 261.231698 136.418474 186.507373 220.927590 189.763010 
100.000000 7.000000 5.000000 a 135.793962 444.235298 423.858467 368.781778 322.009317 113.811247 205.548048 47.010637 333.713949 383.301448 373.202358 308.609786 242.825040 282.081548 337.338109 364.232069 427.983645 340.365979 406.684153 237.035862 88.481637 349.778501 337.615166 454.009912 323.830202 306.307036 181.069048 100.568385 401.154584 503.160014 318.943569 357.370956 181.727818 294.278779 248.509557 68.709534 265.211237 449.728807 529.472379 377.000000 305.499591 293.001706 50.000000 77.103826 226.019911 128.191263 187.640614 220.410980 49.040799 126.589889 328.586366 425.807468 258.629078 417.139066 332.567286 69.856997 386.389700 160.031247 52.201533 357.951114 212.285186 476.211088 168.074388 207.002415 239.401337 319.915614 144.931018 403.011166 393.732142 286.876280 254.243977 424.018868 319.452657 260.278697 273.470291 316.425347 487.853462 397.498428 235.280683 375.341178 346.301891 183.469343 252.001984 183.869519 538.205351 374.786606 412.029125 37.013511 317.724724 337.760270 162.388423 211.206061 208.470621 184.621234 250.894400 268.990706 413.464630 312.259507 409.001222 216.037034 192.626582 331.102703 234.019230 240.634578 319.225626 176.465294 355.643080 163.615403 380.900249 167.943443 308.099010 401.976367 138.351003 390.898964 218.160491 362.684436 155.666310 291.384626 281.937936 295.574018 
171.000000 7.000000 5.000000 a 103.754518 318.201194 306.276019 245.130577 310.485104 48.166378 153.912313 121.148669 204.244951 274.220714 239.718585 190.947637 180.944743 152.029602 194.092761 230.586209 295.575709 247.256951 261.963738 169.307413 66.708320 268.555395 213.150182 347.324056 180.247053 161.966046 106.042444 82.298238 301.479684 377.275761 196.956848 234.394966 43.011626 150.986754 104.316825 81.055537 122.441823 306.960910 397.416658 264.756492 163.600122 177.282261 109.402925 128.561269 143.533968 128.390031 191.541118 221.056554 97.754795 27.166155 204.024508 303.935848 147.166572 272.737969 209.403916 114.127122 289.171230 18.027756 104.546640 213.190056 77.884530 334.368061 88.238314 62.201286 107.703296 196.430649 30.528675 258.544000 318.286035 206.516343 262.101126 356.450558 185.539753 164.000000 134.331679 310.257957 372.034945 263.518500 118.962179 235.936432 202.232539 172.261429 107.200746 45.880279 400.963839 230.555850 267.366789 150.083310 207.021738 205.292474 164.149322 107.447662 176.184562 173.643313 142.088001 236.027541 323.579975 231.821052 341.316569 131.365901 68.029405 200.489401 149.806542 127.757583 291.029208 186.978608 253.387056 61.911227 251.730014 44.294469 164.054869 261.839646 170.017646 246.789384 112.254176 245.961379 178.675684 166.306945 242.421121 153.404694 
149.000000 9.000000 2.000000 a 364.540807 77.077883 74.148500 423.615392 329.460165 387.537095 305.712283 452.482044 390.928382 114.061387 380.591645 190.394328 272.253558 382.266922 309.226454 166.544288 117.183617 167.263266 248.229732 271.823472 410.780964 177.991573 410.962285 56.435804 307.375991 268.287160 458.004367 395.904029 109.713263 54.405882 183.469343 146.669697 337.871277 263.336287 325.123054 452.845448 279.257945 198.035350 100.841460 119.402680 246.357464 205.231577 480.634997 432.010417 468.364175 383.172285 365.941252 355.692283 450.032221 382.968667 177.022597 79.158070 238.799079 284.234058 414.208885 491.692994 125.175876 376.818259 444.203782 260.386252 303.065999 184.447825 328.324535 338.289817 273.380687 409.838993 403.862600 281.801348 170.073514 223.212903 365.308089 187.109594 204.156802 237.118114 258.007752 340.847473 8.544004 143.892321 412.044900 344.001453 245.081619 351.005698 311.777164 334.905957 145.344419 237.968485 244.380850 478.706591 178.731642 378.819218 370.621100 285.870600 319.803064 350.800513 430.564745 294.567480 124.775799 204.137209 187.925517 460.488871 314.014331 385.768065 469.234483 419.886890 293.436535 375.917544 144.803315 336.005952 138.177422 396.788357 262.992395 179.824915 404.965431 230.971860 427.518421 135.092561 393.418352 214.254522 280.058922 254.656632 
172.000000 3.000000 2.000000 a 365.715737 47.169906 79.924965 373.871636 366.456000 378.799419 315.420354 450.015555 344.646195 128.701204 329.830259 183.619171 286.174772 342.593053 263.797271 135.517527 73.006849 187.832372 194.164878 282.874530 403.406743 208.146583 364.335011 104.043260 264.200681 232.008621 430.276655 392.390112 142.635900 15.297059 172.409396 134.111894 321.006230 230.867928 294.334843 441.077091 251.700219 138.809222 48.466483 127.283149 214.032708 199.424171 469.552979 433.295511 435.073557 387.939428 381.933240 377.021220 443.221164 370.940696 162.791277 69.310894 233.848241 228.352797 368.169798 477.765633 155.438091 357.561184 439.710132 214.002336 286.295302 122.429572 325.424338 314.658545 256.672944 365.209529 384.069004 227.653245 213.590730 239.102488 392.739099 238.134416 179.270745 240.584704 233.105126 377.153815 62.393910 105.304321 378.033067 292.856620 202.427765 364.275994 281.937936 318.176052 87.000000 189.907872 189.620674 477.972803 179.513231 332.063247 381.861231 280.919917 334.185577 364.314425 394.248653 320.362295 168.715737 225.499446 236.122849 428.378337 301.358590 339.795527 435.000000 385.005195 329.054707 390.691694 161.152102 327.844475 112.271991 373.664288 227.035240 131.244047 415.289056 180.249827 395.456698 133.206606 405.881756 200.392116 307.234438 223.517337 
158.000000 1.000000 5.000000 a 155.929471 198.768710 162.265215 383.043079 148.660687 198.979898 87.361319 244.965304 338.940998 113.569362 353.827642 95.634722 50.695167 301.973509 275.181758 169.295599 206.242576 56.080300 278.958778 54.589376 216.279911 58.215118 356.653894 172.037787 263.856021 212.532350 317.521653 194.092761 116.107709 248.652368 110.222502 129.073622 183.087411 195.432853 224.474943 265.181070 184.740358 278.729259 289.000000 114.825955 187.552659 89.286057 289.209267 219.255559 346.746305 167.442527 142.635900 135.207248 251.127458 203.973037 121.016528 173.349358 87.618491 312.065698 356.400056 306.375586 100.344407 220.988687 240.916998 249.873968 159.012578 291.247318 133.660016 206.813926 142.214627 346.092473 244.934685 300.466304 105.076163 10.000000 153.941547 141.682744 151.009933 57.280014 164.984848 156.080108 215.232433 190.821906 302.200265 327.873451 226.550215 128.160056 212.162673 180.471604 316.185072 245.448569 280.303407 267.290105 79.227520 331.789090 148.606864 108.673824 96.798760 127.863208 326.622106 82.280010 122.249744 20.880613 126.491106 335.490685 152.200526 333.384163 351.125334 312.046471 113.159180 152.610616 80.919713 154.402073 162.274459 250.017999 208.655218 224.501670 183.087411 253.550784 307.375991 115.316955 170.581359 115.433964 72.560320 186.552942 
124.000000 3.000000 4.000000 a 154.120083 466.621903 445.179739 392.424515 328.987842 137.767921 221.939181 64.845971 357.972066 403.714008 397.709693 330.588869 259.262415 306.543635 362.552065 387.827281 451.270429 359.071024 431.820565 254.371775 112.294256 366.805125 361.437408 473.710882 349.057302 331.368375 202.891597 121.642920 420.202332 525.380814 341.344401 379.680129 206.518764 319.188032 273.748059 93.520051 290.082747 474.473392 552.535972 397.859272 330.219624 314.892045 72.367120 90.354856 247.244818 142.688472 196.621464 228.319951 73.539105 151.347283 351.229270 447.692975 280.431810 442.377667 356.294822 89.022469 405.215992 185.270073 74.094534 383.105730 236.596703 500.793371 189.214164 232.200345 263.309704 343.722272 169.941166 428.248759 409.480158 304.685083 259.624729 438.329785 343.209848 280.435376 297.934557 322.614321 508.694407 421.058191 259.082998 400.312378 371.303111 195.207582 277.200289 208.607287 562.032028 399.809955 437.146429 43.046487 338.824438 362.249914 173.415686 233.060078 222.110333 196.254936 273.979926 280.643902 431.077719 329.674081 423.472549 237.682561 216.462468 355.460265 255.237145 264.140114 328.977203 184.967565 375.378476 186.657440 403.886123 192.836718 333.109592 426.356658 145.910932 415.895420 241.447717 384.193961 163.367683 314.302402 294.244796 320.338883 
188.000000 1.000000 5.000000 a 338.255820 239.081576 199.722307 542.428797 190.664627 387.220867 266.925083 423.382806 501.278366 179.201004 505.842861 244.264201 230.982683 473.600042 425.737008 282.605732 273.534276 165.855359 395.834561 239.852038 402.613959 137.295302 520.696649 151.109232 417.929420 367.288715 505.399842 378.318649 140.662717 249.064249 250.798724 237.766692 370.548242 353.814923 399.111513 452.311839 353.638233 365.224588 296.674906 192.426609 340.442359 249.377224 474.751514 394.020304 531.768747 342.146168 292.225940 266.326867 434.658487 393.275985 254.593794 218.625250 266.176633 433.518166 521.829474 493.377138 141.675686 409.464284 422.452364 386.287458 343.013119 361.831452 322.332127 390.062815 320.755358 513.428671 434.013825 426.085672 87.235314 197.648678 253.402841 47.801674 293.491056 241.867732 330.800544 202.425295 193.582024 281.953897 483.292872 473.465944 364.343245 289.292240 385.548959 367.789342 340.129387 371.601938 394.320935 441.040814 221.020361 491.708247 311.411304 297.168302 262.017175 288.340077 506.802723 205.292474 104.403065 172.525360 63.063460 521.003839 339.847024 495.628893 535.471755 492.887411 168.243871 304.258114 174.828487 343.861891 257.937977 437.778483 362.262336 325.508832 342.593053 372.216335 491.236196 213.572002 326.105811 274.200656 190.672494 343.838625 
267.000000 8.000000 2.000000 a 328.562018 99.859902 69.404611 434.949422 274.235300 358.719946 264.916968 417.824126 398.421887 84.005952 393.970811 168.240899 229.436266 382.346701 317.616120 168.813507 138.683092 124.482931 269.408612 230.991342 380.465504 127.914034 418.527180 12.083046 313.249102 268.262931 444.541337 362.856721 63.071388 106.004717 165.746795 135.059246 317.014195 259.724854 317.505905 425.396286 270.185122 228.816520 154.051939 94.530418 243.460469 181.000000 452.262092 394.897455 460.219513 344.308002 320.062494 306.910410 418.688428 356.922961 162.806634 85.586214 211.683726 306.936476 421.001188 465.502954 78.714675 357.089625 411.166633 271.576877 283.213700 221.382023 296.219513 323.482612 254.636997 415.014458 384.046872 302.034766 114.061387 180.701411 313.427823 130.862523 197.010152 203.273215 247.420694 285.776136 51.788030 156.083311 405.561339 358.600056 252.812183 307.001629 303.664288 314.014331 196.499364 252.071418 266.655208 442.485028 151.162165 387.118845 327.617155 256.680736 275.617489 306.646376 426.137302 244.182309 69.339743 158.647408 131.320219 451.270429 290.248170 392.983460 462.041124 414.152146 238.817922 330.643312 107.707938 307.878223 139.942845 380.107879 262.880201 198.010101 362.096672 248.557840 418.785148 115.918075 349.343670 196.351725 229.172424 250.169942 
270.000000 9.000000 2.000000 a 128.280942 206.864690 193.018134 257.650927 262.087772 126.051577 117.106789 201.419959 213.009389 162.111073 232.757384 78.025637 119.616052 173.510807 159.138305 124.807852 188.366664 143.781084 192.333044 106.892469 151.172087 171.327172 229.817319 235.008510 145.910932 100.000000 201.062179 144.312162 192.033851 266.101484 83.743656 121.564798 71.112587 82.024387 95.900991 187.747170 61.131007 219.672483 290.015517 152.029602 83.198558 65.375837 216.157350 190.790461 223.707398 156.540730 186.077941 202.200396 190.905736 117.545736 91.394748 191.206694 42.438190 216.529444 229.104780 225.282045 181.176709 111.004504 189.200951 149.776500 37.215588 243.032920 83.862983 81.939002 13.601471 218.325445 138.003623 202.805325 221.162836 118.802357 238.159610 262.053430 80.659779 71.505245 49.254441 266.152212 258.768236 158.003165 175.285481 212.002358 129.757466 163.110392 84.053554 68.117545 299.240706 156.540730 196.061215 230.794281 96.026038 207.099010 170.017646 44.721360 146.219014 163.990853 199.248588 184.228119 217.919710 139.463257 247.729691 213.241647 47.927028 207.588535 227.184947 185.000000 232.243407 188.732615 144.367586 76.694198 141.777995 134.807270 98.127468 167.263266 195.358645 170.299736 182.915281 132.740348 193.680149 53.450912 183.371208 76.655072 
229.000000 5.000000 2.000000 a 354.572983 86.330759 127.475488 293.233695 404.776482 353.135951 319.023510 430.376579 268.464150 165.027270 248.600080 179.493732 297.607124 275.049087 191.010471 106.042444 58.309519 218.506293 111.830228 290.688837 378.609297 247.655002 287.391719 175.559107 194.658676 175.231276 376.430604 373.448792 194.486503 101.607086 164.477962 134.833230 286.818758 180.272017 241.456000 408.814139 206.787330 51.478151 85.842880 156.540730 165.529454 193.793705 437.385414 419.448447 373.696401 380.753201 390.590578 393.264542 417.766681 341.005865 152.463110 108.673824 224.474943 143.000000 291.871547 441.463475 202.299283 318.025156 417.594301 142.425419 254.615396 36.674242 310.845621 271.064568 227.668619 290.688837 342.649967 144.249783 268.464150 257.410179 416.790115 300.842151 148.499158 242.142520 194.164878 414.131622 146.030819 75.292762 317.119851 211.747491 138.003623 369.995946 231.233648 284.355411 73.409809 117.426573 106.480045 459.882594 186.625293 255.538647 383.942704 266.717079 343.036441 370.368735 329.815100 345.488061 228.089895 252.293480 295.296461 368.708557 274.526866 264.092787 372.388238 322.721242 366.994550 397.283274 191.509791 305.679571 101.769347 327.983231 171.233758 67.119297 414.701097 104.000000 336.689768 148.707767 408.639205 182.879742 334.964177 175.823775 
148.000000 6.000000 3.000000 a 184.694342 256.462473 215.406592 456.219246 75.325958 240.260276 115.870618 265.318676 411.768139 168.237927 428.476370 171.020467 86.833173 372.239170 350.463978 242.249871 271.459021 111.198022 354.141215 99.247166 251.445819 86.330759 428.886931 206.206207 338.824438 287.847182 373.162163 225.197691 153.834326 298.318622 185.129684 199.123078 242.909448 270.495841 294.687971 301.378500 257.877878 350.142828 342.883362 174.140748 263.229938 165.245272 321.179078 234.940418 406.901708 183.991848 131.381125 107.224064 279.658721 250.689050 195.358645 230.217289 160.589539 387.722839 428.239419 341.584543 139.588681 277.001805 266.129668 325.829710 224.742074 360.118036 179.568928 271.709404 212.727525 417.432629 297.874134 376.268521 101.257099 85.381497 104.804580 117.881296 226.808289 128.891427 239.269722 84.528102 255.196003 260.555176 367.021798 403.332369 302.497934 129.062001 283.176623 240.682363 375.378476 321.043611 355.257653 281.215220 152.738338 405.228331 151.003311 169.729196 103.942292 128.035151 391.800970 44.407207 140.730238 79.006329 104.355163 395.140481 212.896689 406.281922 412.059462 376.920416 38.013156 143.401534 138.513537 205.548048 231.553450 307.234438 284.114414 297.060600 181.705806 328.673090 369.499662 181.339461 165.215011 191.324332 30.016662 261.847284 
151.000000 8.000000 3.000000 a 114.551299 355.185867 342.838154 258.414396 327.786516 53.075418 175.635987 102.176318 220.637712 309.854805 258.924699 227.125516 206.421898 168.344884 221.894119 267.471494 332.469547 280.401498 294.241397 195.724296 56.648036 299.861635 226.614210 382.953000 208.585714 195.576072 91.586025 81.633327 336.037200 414.270443 233.574399 271.182595 80.006250 185.800969 134.182711 48.010416 157.813181 341.552339 434.263745 300.707499 199.138143 213.138453 74.953319 118.258192 135.148067 133.135270 201.159141 232.948492 73.545904 40.853396 240.842272 340.766782 182.068668 302.405357 222.092323 77.369245 323.303263 46.861498 85.094066 245.415973 114.843372 369.400866 112.538882 95.015788 144.640935 209.160226 29.410882 288.402497 349.057302 236.719243 273.660373 386.121742 222.467975 196.471372 170.844959 326.314266 408.574351 300.341472 126.003968 259.624729 236.027541 184.588732 139.301831 82.861330 437.224199 264.024620 299.843292 128.265350 242.464430 223.651515 172.429696 139.807010 194.200927 186.002688 145.773797 256.550190 356.820683 262.488095 370.880035 123.166554 103.484298 217.589062 142.467540 133.135270 311.751504 194.612435 288.006944 90.244113 288.729978 52.886671 198.073219 297.659201 170.836179 280.371183 113.137085 282.294173 182.477396 203.049255 264.622372 188.875620 
254.000000 4.000000 3.000000 a 294.923719 210.705956 232.422030 136.308474 428.133157 266.602701 293.001706 345.731109 108.558740 239.708156 93.059121 188.308258 290.241279 122.090131 37.215588 136.561342 170.393662 264.886768 50.635956 278.513913 290.263673 299.294170 127.577427 290.043100 48.104054 76.236474 237.760384 296.556909 278.548021 253.001976 176.229963 181.024860 195.777935 94.085068 122.036880 303.804213 119.050409 114.280357 245.717317 226.373585 95.885348 192.275844 330.151480 346.324992 224.510579 324.513482 361.935077 378.011905 323.964504 248.243832 168.715737 216.933169 202.091563 46.615448 131.973482 326.931185 277.238165 210.508907 329.771133 32.756679 177.293542 143.892321 252.794383 164.347193 165.592874 131.034347 228.177562 32.649655 340.036763 272.121296 412.819573 380.615291 132.098448 232.819673 127.003937 434.014977 281.824413 146.167712 171.303824 56.859476 55.901699 338.923295 119.854078 194.617574 226.373585 49.929951 56.885851 375.353167 209.811820 95.634722 344.223764 220.445004 322.006211 339.848496 178.392825 353.134535 314.459854 282.449996 369.716107 221.963961 201.308221 104.235311 221.713779 174.542258 394.239775 363.989011 247.131544 234.200769 163.465593 207.453609 78.006410 107.837841 366.187111 57.567352 192.898937 205.231577 366.938687 166.207701 348.936957 100.079968 
182.000000 2.000000 2.000000 a 423.727507 125.419297 167.693172 346.301891 455.636917 424.332417 384.219989 501.123737 327.184963 213.506440 301.802916 245.000000 359.984722 339.889688 254.326562 175.385290 117.324337 271.429549 169.578890 354.261203 449.782169 296.445611 345.005797 200.249844 259.886514 245.415973 445.646721 443.969594 234.776489 101.414989 230.672929 197.202941 358.357364 251.366267 311.724237 480.370690 278.212149 105.929222 56.797887 208.216234 236.907155 260.048072 508.944987 489.336285 440.454311 449.197061 454.658113 454.594325 489.050100 412.456058 218.961184 151.647618 292.205407 192.665513 350.051425 512.957113 245.930885 389.493261 488.589808 208.096132 326.006135 76.236474 380.426077 342.381366 298.760774 350.515335 413.968598 198.022726 307.668653 316.627541 474.978947 334.001497 219.100434 307.131893 265.708487 465.800386 156.894869 142.898565 384.502276 266.187904 206.929940 434.897689 301.943703 355.883408 11.401754 183.657290 163.441121 530.495052 248.684539 314.192616 450.027777 335.936006 406.724723 435.166635 395.591961 402.717022 263.548857 307.702779 331.386481 436.161667 345.615393 323.348110 438.634244 389.512516 417.851648 462.066013 243.920069 376.384112 165.801086 398.923552 241.660919 138.311243 481.680392 168.573426 404.683827 206.167408 474.654611 251.793566 390.888731 247.202346 
121.000000 4.000000 5.000000 a 388.850871 79.309520 95.189285 416.673733 365.853796 407.237032 333.402160 475.395625 386.959946 141.354165 372.699611 209.697401 301.424949 383.407094 305.839827 172.185946 113.282832 197.994949 237.118114 299.868304 431.230797 212.037732 406.724723 93.230896 305.746627 271.471914 467.312529 418.168626 143.694120 28.301943 200.524313 162.225152 353.140199 269.007435 332.150568 471.189983 288.086792 181.110464 66.407831 143.951381 252.017857 225.204352 499.396636 456.580771 474.105473 409.118565 396.285251 387.865956 470.865161 400.978802 192.333044 92.698436 259.538051 271.189970 410.463153 508.992141 158.600126 390.913034 466.141609 256.124969 318.220050 162.935570 350.616600 349.738474 288.392094 407.235804 417.739153 270.601183 207.238992 252.794383 399.400801 224.964442 213.974298 261.721226 268.292751 377.118019 43.081318 144.346805 417.202589 335.737993 243.647286 380.284104 319.352470 350.235635 112.008928 232.280003 232.561820 502.478855 201.444782 374.444923 399.180410 306.960910 349.383743 380.171014 434.180838 327.964937 161.771444 235.552542 225.683407 467.000000 331.412130 382.049735 474.341649 424.471436 329.460165 405.843566 173.565550 355.793479 146.239530 408.729740 266.368166 173.487752 433.266662 222.991031 434.001152 155.630974 422.522189 230.269407 313.818419 261.122577 
189.000000 1.000000 2.000000 a 263.153947 330.080293 339.649820 83.725743 451.388968 211.255769 295.194851 276.875423 51.039201 329.620994 93.005376 253.239018 309.803163 24.166092 105.683490 240.127050 293.318939 331.621773 191.023559 296.769271 227.035240 362.729927 52.172790 394.417292 102.019606 138.513537 115.377641 245.381336 366.661970 380.788655 248.501509 272.117622 160.626897 147.166572 99.704564 217.497126 143.600139 254.011811 381.005249 316.627541 163.082801 248.032256 237.255137 290.084470 88.232647 290.063786 348.168063 374.177765 247.945559 190.276115 247.412611 328.441776 236.890270 177.924141 47.381431 225.623580 359.990278 145.382255 259.771053 154.029218 169.460910 283.917241 234.164472 125.219807 181.892826 34.525353 146.167712 167.630546 411.077852 314.159195 414.403185 452.753796 210.237960 266.917590 166.469216 453.719076 398.994987 262.992395 50.289164 109.859001 163.110392 326.791983 112.538882 161.771444 365.656943 179.044687 197.306868 302.654919 276.327704 59.396970 322.800248 225.499446 322.493411 328.074687 42.449971 373.226473 398.774372 333.802337 439.185610 89.140339 185.647515 50.328918 83.862983 46.529560 424.694007 345.488061 323.975308 206.929940 269.163519 123.016259 143.892321 235.416652 332.459020 192.509740 69.771054 293.819673 339.838197 223.080703 374.994667 156.977705 
238.000000 3.000000 4.000000 a 221.382023 331.730312 335.359509 130.391718 417.329606 166.904164 259.599692 230.425693 95.462034 318.788331 136.418474 237.693079 277.996403 46.861498 127.015747 239.108762 298.006711 312.693140 212.720474 265.096209 181.397354 341.708940 98.843310 387.397728 118.473626 139.003597 75.073298 200.897984 353.939260 386.000000 235.722294 264.370952 123.422040 142.021125 81.908486 170.836179 129.340636 272.591269 391.950252 306.426174 159.022011 229.895628 191.002618 244.460631 64.195015 247.250885 307.923692 335.417650 201.318156 146.112970 236.890270 326.401593 213.084490 206.903359 94.047860 180.272017 345.527134 101.921538 213.337760 169.248338 139.387948 302.643354 196.104564 91.934759 157.813181 81.215762 100.005000 194.833262 391.245447 288.340077 376.119662 432.428029 202.829978 240.983402 152.433592 418.799475 397.820311 266.046988 7.280110 146.577624 172.130764 287.264686 95.817535 125.099960 381.760396 193.569109 219.020547 256.007812 259.855729 101.212647 281.602557 193.932978 285.716643 288.591407 28.600699 339.802884 383.803335 310.000000 418.243948 58.940648 151.489274 93.471921 64.070274 14.866069 392.821843 304.424046 308.706981 168.237927 267.172229 77.233412 144.003472 245.097940 289.110705 208.806130 28.844410 284.017605 297.405447 207.337888 343.011662 150.764717 
205.000000 8.000000 1.000000 a 282.651729 149.816554 171.825493 196.824795 387.620949 266.902604 266.326867 346.620830 165.677397 182.526710 154.051939 143.401534 256.499513 167.242339 85.000000 79.404030 109.772492 214.189169 40.049969 246.077224 292.063349 248.485412 185.440017 229.444983 87.005747 72.801099 270.248034 292.605537 221.009050 194.283298 129.247824 125.706006 196.328806 83.546394 138.061580 315.012698 112.698713 73.783467 192.023436 169.460910 74.094534 151.162165 342.986880 341.533307 265.746119 311.430570 338.119801 349.452429 329.279517 251.461727 119.570063 156.012820 169.567096 74.330344 189.190380 344.005814 221.117616 221.382023 332.031625 35.227830 169.189243 102.883429 238.447059 173.233946 148.475587 186.316934 243.805250 64.884513 285.882843 230.360587 380.888435 325.508832 89.005618 197.253644 108.784190 394.645410 220.927590 85.211502 209.344214 117.885538 32.449961 315.539221 129.849913 194.370780 179.724790 11.180340 42.190046 376.619171 162.274459 153.160047 324.471879 199.248588 294.278779 316.267292 221.774660 316.101250 257.256681 236.562888 315.483756 260.990421 192.283645 160.801119 264.357712 214.758003 352.012784 342.052628 193.685312 225.694484 104.235311 226.638479 70.178344 47.801674 350.595208 15.297059 229.264040 149.586096 348.488163 128.191263 309.782182 83.234608 
116.000000 3.000000 2.000000 a 347.437764 409.257865 423.670863 75.504967 542.517281 290.998282 385.358275 346.434698 95.603347 417.967702 118.207445 344.245552 401.647856 115.364639 177.087549 323.447059 370.341734 423.291861 251.676380 388.634790 302.512810 454.842830 75.927597 479.860396 179.234483 224.510579 164.003049 324.445681 455.738960 455.496432 338.514401 359.334106 249.435362 235.747747 192.379833 281.641616 235.372046 315.336328 448.878603 404.741893 250.585315 339.824955 295.061011 364.779385 119.339851 372.542615 434.373112 461.989177 315.626361 270.691707 336.431271 410.858857 329.560313 227.002203 72.124892 277.872273 449.928883 227.668619 329.815100 226.525937 261.400077 343.642256 322.530619 215.779981 274.590604 76.922038 221.205787 221.325552 502.802148 406.857469 502.669872 544.541091 298.283422 359.610901 257.870122 544.415283 479.752019 342.347776 125.538839 153.081678 241.234326 413.823634 205.065843 250.928277 426.675521 250.319795 257.419890 368.718049 367.491497 108.171161 407.790387 317.245961 411.928392 415.152984 102.142058 464.569693 488.761701 426.390666 531.154403 129.015503 276.267986 100.578328 111.364267 116.456000 516.637203 430.633255 414.440587 294.735475 352.567724 200.504364 229.839074 309.076042 413.707626 260.654944 133.645052 381.938477 422.848673 314.378752 466.861864 245.733596 
200.000000 3.000000 4.000000 a 210.278387 121.037184 115.624392 266.737699 288.362619 214.032708 177.395039 288.639914 226.296266 101.355809 230.384461 44.102154 161.409417 204.394227 150.073315 38.418745 100.404183 117.720007 139.301831 152.345003 239.140126 152.118375 246.018292 167.044904 142.214627 92.417531 270.016666 231.138487 139.269523 179.980555 29.832868 43.965896 154.324334 81.394103 138.852440 274.765354 91.923882 145.151645 202.054448 88.192970 66.037868 53.935146 303.329853 275.829658 282.113452 236.292192 249.771896 256.632032 278.887074 204.831638 21.633308 109.165013 80.622577 173.170436 247.620678 311.096448 134.617978 191.366141 276.904316 114.490174 119.616052 163.682620 166.877200 150.562279 90.077744 240.185345 218.123818 162.262134 194.010309 131.244047 285.259531 235.212670 18.357560 102.615788 70.064256 295.611231 180.011111 70.767224 226.808289 199.248588 91.301698 228.254244 125.131930 151.489274 212.362897 106.480045 140.602276 317.674362 63.245553 216.279911 240.784136 122.429572 203.354370 228.757514 247.121428 218.185701 173.233946 137.277092 223.600089 273.651238 135.594985 220.676233 283.584203 235.261557 252.578701 255.485812 101.414989 164.258942 54.424259 209.380037 87.200917 89.810912 270.739727 113.863954 240.858880 65.368188 265.452444 38.418745 211.059233 71.589105 
285.000000 5.000000 5.000000 a 245.568728 239.676866 196.651977 488.401474 106.216760 298.216364 174.888536 328.466132 444.946064 156.460858 456.534774 190.031576 141.152400 410.241392 376.511620 249.537572 263.427409 113.088461 365.568051 151.795916 311.449835 78.771822 463.249393 171.233758 366.379585 314.515500 425.067054 286.024474 128.875909 271.016605 201.258540 203.160035 291.528729 298.529731 333.048045 361.437408 291.446393 350.188521 318.209051 166.460205 288.225606 189.488786 382.460455 298.484505 455.702754 247.072864 195.358645 169.779268 341.492313 306.615394 208.971290 214.233517 195.869855 401.568176 463.375658 402.124359 119.016806 328.319966 328.525494 344.820243 268.471600 354.881670 234.923392 316.268873 251.103564 453.521775 351.091156 391.635034 57.245087 119.205705 160.124951 56.356011 245.589088 166.604322 270.336827 118.190524 221.352660 260.278697 411.680702 427.931069 321.547819 193.000000 320.382584 289.012110 355.759750 335.554765 365.578993 345.071007 167.764716 437.001144 215.020929 216.905509 166.769302 192.002604 436.096320 108.461975 102.786186 99.247166 45.453273 444.315203 260.716321 439.327896 460.244500 421.526986 75.716577 207.393346 135.092561 258.955595 232.019396 357.917588 310.098371 301.245747 245.814971 340.308683 416.646133 180.941980 229.259678 216.363121 94.047860 289.032870 
114.000000 2.000000 4.000000 a 179.744263 146.700375 134.536240 270.946489 267.166615 185.647515 148.060798 259.017374 228.449119 109.635761 237.966384 29.732137 134.729358 199.984999 157.952525 69.028979 129.807550 109.622078 162.000000 124.779806 210.487529 142.762040 247.491414 180.601772 147.871566 96.020831 252.448014 201.400099 144.308697 205.936884 26.476405 61.983869 129.634100 80.721744 128.035151 247.913291 80.950602 174.183811 230.783448 97.862148 69.641941 30.364453 276.318657 245.538184 268.821502 205.681793 220.510771 228.877697 250.305813 177.710439 31.575307 131.468627 50.566788 193.372697 248.316331 285.271800 136.473441 168.315181 247.679228 130.249760 94.725920 193.775643 136.517398 131.461021 64.938432 239.603840 195.358645 181.333946 188.862384 110.353976 259.113875 230.625237 33.136083 75.425460 57.706152 273.651238 200.212387 101.118742 215.473896 209.773688 106.962610 198.698264 114.127122 126.696488 242.621104 127.251719 164.109719 287.850656 53.075418 219.658826 210.660865 91.934759 174.722637 199.251098 237.402612 194.257561 175.137089 121.202310 217.793480 259.514932 108.078675 222.793626 271.073791 224.510579 232.596217 225.849507 100.169856 135.151767 82.152298 189.000000 91.525953 119.100798 240.301893 137.091211 227.336755 76.419893 235.295559 7.810250 188.533817 70.936591 
148.000000 5.000000 3.000000 a 275.786149 270.046292 227.107904 527.000949 105.546198 330.770313 206.494552 355.449012 483.529730 190.247208 495.073732 228.442553 174.888536 448.575523 415.004819 286.295302 296.445611 150.734867 402.504658 186.300832 342.486496 116.297033 501.806736 194.743421 404.934563 353.069398 460.682103 316.291005 159.201131 296.249895 239.426398 239.741527 327.940543 337.120157 371.285604 392.439804 329.959088 384.783056 344.106088 201.099478 326.741488 228.078934 412.225666 324.568945 492.309862 274.366543 217.147415 188.215302 370.600863 340.348351 246.862310 245.344656 234.104677 438.799499 501.905370 432.677709 151.462867 364.005494 356.854312 382.827637 305.883965 387.980670 268.776859 353.638233 289.207538 492.004065 386.120448 429.110708 85.094066 157.035028 170.510997 63.071388 283.809795 204.452929 308.914228 117.239072 243.993852 295.413270 449.164780 466.309983 359.606730 218.213199 358.704614 325.493472 383.600052 373.048254 402.325739 369.956754 206.021844 475.600673 239.641399 253.428491 194.756258 217.082933 473.668661 132.672529 128.471787 137.767921 61.188234 480.809734 297.249054 477.913172 497.016096 459.030500 86.700634 229.106962 171.405951 293.720956 267.591106 393.859112 348.633045 337.083076 268.225651 377.359245 453.625396 216.965435 251.097591 254.945092 120.303782 327.612576 
156.000000 1.000000 3.000000 a 100.284595 257.856549 224.162887 385.648804 134.629120 153.629424 29.410882 186.067192 340.872410 176.184562 362.763008 135.679770 16.643317 297.127919 289.084763 212.508823 259.624729 120.673112 310.852055 25.079872 165.939748 120.166551 356.501052 237.023206 276.052531 228.396585 287.417814 140.616500 181.107703 310.517310 151.162165 179.824915 160.312195 210.297408 220.988687 215.935175 191.379205 321.976707 348.737724 175.504986 207.472890 123.227432 237.118114 158.145503 322.639117 105.801701 79.309520 79.699435 196.596033 163.975608 163.193137 233.420222 102.019606 340.000000 355.088721 256.602806 165.342070 192.002604 184.390889 274.182421 147.648231 338.496676 93.230896 192.210822 143.003496 343.495269 211.815958 327.055041 161.009317 64.660653 110.004545 191.261601 182.857868 74.525164 177.225845 137.295302 279.614020 239.240465 285.954542 342.099401 252.007936 63.245553 211.153972 158.382449 372.593612 275.408787 313.344858 206.050965 128.015624 335.936006 83.648072 91.678787 32.015621 63.007936 310.787709 56.612719 185.326738 85.422479 176.139150 310.710476 131.825642 335.621811 328.146309 295.797228 110.308658 88.459030 143.836713 119.970830 212.438226 222.396043 225.743217 266.627080 118.118584 286.372136 286.525741 171.467198 105.683490 143.136299 61.073726 203.305189 
116.000000 2.000000 2.000000 a 172.817823 490.890008 464.010776 459.166636 298.429221 182.123584 227.297162 102.956301 422.365955 418.819770 460.636516 355.046476 262.560469 370.129707 417.714017 420.757650 481.240065 367.631609 479.877068 261.296766 158.344561 368.419598 427.628343 484.385177 403.707815 379.011873 274.000000 154.841855 428.878771 548.032846 367.821968 404.855530 253.410734 364.771161 327.653781 158.268759 335.703738 516.242191 580.007759 415.202360 373.405945 339.299278 143.087386 106.962610 319.100298 150.083310 179.513231 205.292474 128.316016 200.392116 378.857493 469.435832 305.452124 494.676662 422.834483 162.363789 413.237220 241.105786 119.402680 432.033564 278.217541 540.578394 215.668727 284.541737 301.106294 410.019512 231.138487 480.374854 405.256709 311.261948 227.266364 428.347989 378.042326 297.712949 339.228537 289.994828 524.271876 453.260411 325.706923 459.570452 417.464969 186.935818 328.701993 254.892134 594.747846 446.010090 484.737042 74.000000 358.637700 425.417442 165.275528 260.249880 217.830209 187.544661 342.593053 266.326867 433.600046 333.856256 414.342853 309.001618 255.415348 419.372150 327.097845 331.670017 306.719742 167.600716 387.984536 222.423020 432.597966 254.662522 379.906567 464.905367 131.244047 461.510563 309.657876 405.030863 146.294224 344.379152 281.469359 364.178528 
124.000000 5.000000 1.000000 a 94.868330 223.805719 199.459269 313.177266 206.169833 120.337027 61.400326 181.245690 268.411997 158.113883 289.689489 87.863531 63.529521 226.101747 216.363121 158.091746 215.076730 120.004167 244.000000 50.537115 141.410749 138.740765 284.478470 229.444983 203.179723 156.460858 232.107734 124.651514 178.361991 281.513765 101.138519 137.644470 97.943861 138.361844 149.093930 187.384631 118.359621 263.180546 312.814642 151.924323 137.178716 72.180330 213.588389 162.533074 262.154535 118.088950 132.909744 146.030819 179.724790 121.593585 112.609946 203.096036 39.408121 270.815435 283.324902 228.140308 164.514437 135.565482 173.011560 204.296353 77.466122 283.324902 57.280014 124.458829 69.921384 272.018382 159.765453 257.437371 188.321534 76.694198 181.107703 226.592145 120.540450 36.124784 105.233075 209.697401 262.771764 189.010582 219.938628 269.267525 182.989071 110.440029 138.654246 95.414884 329.279517 208.136974 247.111311 208.062491 93.021503 263.153947 121.202310 23.323808 90.088845 111.126055 244.663034 127.953116 196.206524 101.833197 211.513593 250.726943 67.119297 263.098841 266.812668 229.836899 178.058979 137.244308 131.400152 71.344236 166.243797 164.648110 154.159009 208.405854 150.880748 220.513038 223.486017 138.924440 145.794376 81.884064 128.471787 132.015151 
220.000000 9.000000 1.000000 a 70.405966 256.222560 227.747667 346.561683 176.139150 115.247560 21.095023 159.878079 301.850957 182.704680 325.725344 123.405835 42.154478 256.719691 254.656632 196.977156 251.286689 134.766465 284.971928 32.388269 130.751673 144.222051 316.848544 250.319795 241.132744 196.022958 245.415973 108.041659 196.061215 312.347563 137.876757 172.154001 118.067777 178.002809 181.648011 180.188790 156.160174 303.461694 346.493867 178.891028 177.721693 108.466585 203.482186 136.124943 280.242752 86.452299 91.923882 106.169676 165.075740 123.482792 149.773162 233.805475 78.790862 311.448230 315.163450 221.325552 180.936453 149.682998 155.048380 244.818300 107.703296 322.893171 51.884487 150.748134 107.563934 303.329853 170.017646 297.968119 190.378570 80.752709 142.972025 224.590739 161.049682 62.241465 145.013792 178.016853 288.277644 226.883230 243.823707 307.167707 223.758799 69.570109 172.702056 116.211015 365.603610 249.098374 288.105883 183.730781 123.239604 297.578561 81.835200 53.150729 50.249378 70.213959 268.642886 98.716767 207.330654 106.381389 209.296440 268.330021 90.210864 296.718722 285.727143 253.645422 152.735065 96.566040 152.541798 77.801028 202.607996 180.055547 194.010309 248.455227 113.454837 261.512906 244.124968 169.531708 106.531685 121.852370 103.392456 172.142383 
192.000000 4.000000 5.000000 a 411.491191 121.061968 163.990853 329.461682 450.409813 410.487515 373.905068 487.755061 310.161248 208.146583 284.929816 234.360833 350.766304 323.006192 237.394187 162.855764 107.782188 265.126385 152.554908 344.576552 435.965595 291.454971 328.001524 200.823305 243.074063 229.505991 429.316899 430.795775 231.780068 105.475116 219.718001 187.555325 343.863345 235.925836 295.787086 465.740271 263.096940 88.955045 65.299311 201.920777 221.758878 249.128481 494.272192 476.642424 423.709806 437.373982 444.868520 445.872179 475.083151 398.208488 207.850908 146.972787 280.659937 175.823775 333.037535 497.892559 242.123935 374.402190 474.975789 191.379205 311.887800 59.211485 367.915751 327.085616 285.047364 333.486132 398.647714 181.044193 305.368630 308.462315 467.402396 333.384163 205.827598 296.816442 251.223009 460.339006 160.056240 131.034347 367.853232 249.242853 190.709203 424.746984 286.216701 341.433742 25.298221 167.044904 146.413797 517.247523 239.353295 297.168302 439.368866 323.630963 397.050375 425.059996 378.762459 395.379564 262.000000 300.760702 330.001515 419.505661 331.903600 306.320094 421.836461 372.786802 412.565146 451.983407 237.640485 363.049583 155.396268 383.283185 225.853935 123.174673 470.618742 151.832144 388.119827 198.153981 464.039869 239.603840 383.963540 232.045254 
288.000000 5.000000 2.000000 a 71.840100 302.006622 286.008741 271.140185 275.174490 32.557641 118.562220 112.200713 228.560714 250.457581 261.191501 169.543505 146.372812 177.496479 206.891276 218.892668 283.176623 218.586367 266.062023 135.059246 57.982756 237.693079 239.426398 323.360480 192.626582 165.157501 141.354165 61.032778 275.089076 361.232612 177.730133 216.067119 39.924930 151.238223 117.686023 93.005376 122.065556 305.059011 385.019480 242.033056 160.962729 154.780490 121.148669 110.724884 178.644899 98.994949 158.404545 186.938493 96.829747 23.194827 186.252517 285.567855 122.188379 281.400071 236.241402 132.018938 262.007633 48.877398 97.744565 218.178826 66.528190 330.928995 53.009433 74.813100 93.744333 223.430079 65.604878 267.082384 286.932048 174.633903 227.923233 324.229857 173.899396 134.536240 127.988281 275.070900 351.434204 252.178508 150.479234 253.033595 203.906841 138.311243 116.378692 41.146081 392.458915 232.499462 270.985239 142.200563 183.002732 228.019736 131.912850 78.057671 140.929060 139.671042 174.427635 200.661406 294.977965 200.352190 309.012945 166.508258 47.413078 224.321198 184.764715 159.731024 255.691220 154.728795 227.220158 28.160256 237.023206 78.600254 166.138496 256.288899 141.795628 248.211603 145.962324 224.831048 148.489057 148.384635 207.200386 151.343979 
168.000000 8.000000 1.000000 a 133.958949 185.913959 159.777971 319.907799 204.970730 159.524293 86.608314 221.253249 275.688230 117.953381 291.624759 53.000000 69.462220 238.673417 213.953266 128.693434 180.601772 83.186537 227.079281 59.908263 181.245690 106.929884 293.293368 189.488786 202.081667 151.489274 261.704031 164.805946 139.291062 242.843571 68.000000 101.316336 127.129855 133.899216 161.276161 226.384628 121.490740 237.547890 275.862284 111.892806 127.816274 39.000000 253.023714 201.692836 287.711661 155.241747 158.316139 164.201096 219.790810 159.003145 80.062476 164.258942 24.207437 257.561643 293.001706 266.827660 126.000000 166.904164 213.171293 192.898937 98.883770 255.001961 97.416631 146.290806 79.246451 282.681800 192.634369 245.081619 157.079598 53.413481 193.837561 197.294197 98.412398 10.198039 102.415819 210.646624 222.697104 157.155973 240.865107 266.986891 170.064694 137.557261 148.822041 124.277914 294.869463 192.010416 229.314195 247.759964 53.535035 268.739651 152.200526 58.008620 111.233988 137.927517 265.000000 129.988461 159.524293 73.600272 182.704680 276.848334 97.015463 270.148108 291.605898 250.635193 172.168522 164.842349 91.787799 109.165013 132.060592 194.200927 148.006757 182.186717 184.287818 202.299283 247.477272 99.864909 176.819117 59.008474 125.634390 125.542821 
219.000000 3.000000 1.000000 a 276.001812 186.868938 144.391828 471.666196 169.920570 321.029594 205.156038 363.666056 430.069762 113.635382 435.932334 172.467388 168.026784 401.617978 355.600900 215.745220 216.104142 93.744333 331.006042 175.182762 338.079872 66.407831 449.360657 109.881755 347.311100 296.278585 434.728651 315.158690 77.884530 211.265236 179.610690 169.743925 299.976666 282.391572 327.001529 387.176962 281.602557 306.511011 259.106156 126.126920 269.408612 177.282261 410.888063 335.934517 460.193438 283.591255 242.231294 221.472346 372.086012 325.554911 184.114095 163.085867 194.550765 368.317798 450.362077 428.370167 74.242845 339.324329 361.034624 317.833290 271.621060 307.118869 255.691220 318.416394 248.845333 441.779357 364.373435 359.984722 17.029386 129.247824 218.661839 30.413813 222.928240 171.405951 258.822333 181.813091 159.480406 219.312562 411.305239 404.338967 295.408192 235.053185 313.445370 297.168302 298.810977 304.644055 330.043936 383.766856 149.164339 420.733883 257.171149 227.484065 205.360658 234.307490 434.751653 157.178243 44.045431 103.368274 24.020824 449.538652 269.473561 424.414891 463.777964 420.877654 137.207871 253.954720 104.139330 275.610232 193.214906 367.164813 291.331426 262.366156 290.327401 306.634962 419.515196 145.646833 275.000000 202.252318 141.548578 272.442655 
176.000000 5.000000 2.000000 a 349.143237 407.443248 422.238084 72.006944 543.401325 293.001706 386.400052 349.074491 93.605555 417.004796 115.069544 343.739727 402.334438 115.260574 175.231276 322.024844 368.408740 422.916067 249.064249 389.313498 304.795013 454.598724 73.763134 478.539445 177.687929 223.465881 167.047897 326.528712 454.862617 453.357475 337.831319 358.263869 250.599282 234.957443 192.520129 284.450347 235.104232 312.641968 446.365321 403.754876 249.649755 339.506996 298.135875 367.164813 122.588743 374.414209 435.938069 463.383211 318.323735 272.624284 335.600954 409.293293 329.660431 224.008928 70.228199 281.113856 449.188157 229.401395 332.415403 224.543982 262.030533 340.846006 323.802409 216.667949 274.798108 75.663730 223.378602 218.515446 502.426114 407.034397 504.016865 544.177361 297.356688 359.836074 257.497573 545.389769 478.016736 340.599472 127.224212 150.213182 239.549577 415.292668 205.080472 252.049598 423.860826 248.213618 254.772447 371.538692 367.009537 106.042444 409.464284 317.944964 413.091999 416.617330 104.120123 465.395531 488.018442 426.390666 530.849319 132.094663 277.189466 98.681305 114.629839 118.270876 517.304552 432.301978 413.803093 296.055738 351.126758 202.484567 228.779370 307.001629 415.697005 258.366019 135.915415 380.963253 424.703426 313.949040 467.548928 244.951016 
257.000000 7.000000 1.000000 a 284.613773 93.520051 116.674762 253.126451 357.022408 281.044480 254.348187 358.620970 220.730605 133.824512 210.487529 117.630778 237.084373 216.834038 139.176147 40.792156 54.120237 174.797025 85.000000 228.632894 306.528955 207.884583 240.684441 174.091930 138.654246 108.189648 309.342852 301.942047 170.950285 141.028366 102.107786 83.600239 214.671843 110.367568 173.170436 336.719468 135.565482 69.231496 146.321564 121.630588 94.704805 129.973074 365.312195 348.542680 310.779665 311.554169 326.695577 332.758170 345.615393 268.804762 90.244113 100.124922 157.429349 122.800651 244.131112 369.768847 173.326282 246.473122 345.635646 89.888820 182.428068 86.833173 240.507796 200.032497 155.724115 240.401747 271.503223 116.726175 239.941660 202.427765 359.901375 277.836283 77.620873 179.002793 122.036880 365.231433 164.584325 29.732137 253.712436 174.264167 76.655072 305.221231 161.969133 212.190952 144.754965 67.601775 83.216585 388.233177 130.552671 208.463426 317.592506 197.040605 280.080346 305.722096 269.000000 290.903764 207.272767 203.009852 269.081772 304.685083 202.548760 215.671046 310.315968 260.276776 320.024999 332.453004 150.880748 234.053413 54.424259 257.751819 103.576059 15.297059 347.113814 62.968246 272.009191 105.019046 342.235299 114.612390 282.294173 104.923782 
236.000000 6.000000 3.000000 a 147.526269 222.596047 216.009259 217.375252 301.943703 127.015747 152.190670 206.634944 172.629661 191.801981 194.535344 108.240473 159.248234 132.280006 125.000000 132.517923 197.448728 181.342218 172.707846 146.321564 152.305614 210.544532 189.029098 263.205243 111.040533 72.801099 169.852878 152.977122 224.902201 281.101405 109.036691 143.003496 57.628118 57.306195 54.671748 179.446371 28.792360 210.760528 299.000000 180.346888 66.528190 99.005050 208.019230 202.319055 187.544661 177.079078 217.082933 236.603043 190.223553 112.538882 113.070774 210.950231 82.807005 191.324332 188.151535 212.875550 215.473896 90.476516 192.200416 125.924581 30.083218 237.118114 105.380264 49.010203 27.658633 177.228666 116.760439 177.115781 259.924989 159.906223 274.204303 301.204250 88.056800 112.698713 35.355339 305.550323 281.256111 165.084827 136.473441 176.638048 109.931797 194.126248 43.046487 55.317267 302.014900 138.437712 177.369670 236.630514 129.448832 167.314076 197.570241 78.102497 181.218101 195.164034 159.849930 223.785612 253.308113 179.961107 287.141080 177.775139 54.083269 167.287178 190.339171 145.989726 272.882759 218.082553 178.488095 87.464278 155.540991 107.466274 72.917762 163.404406 218.680132 153.941547 146.184815 159.022011 219.790810 78.644771 223.707398 56.850682 
127.000000 1.000000 3.000000 a 149.452334 222.200360 216.000000 215.573653 303.753189 128.549601 154.149278 208.216234 170.836179 192.208220 192.603219 108.811764 161.058995 130.728727 123.000000 131.867358 196.758736 182.332115 170.950285 148.141824 153.808322 211.690812 187.296556 263.471061 109.041277 70.936591 169.664375 154.693245 225.497228 280.631431 109.329776 143.003496 58.898217 55.569776 53.150729 180.568547 26.925824 209.322717 298.236483 180.679274 65.069194 99.809819 209.121974 204.071066 186.893018 179.011173 219.082176 238.581223 191.627242 113.899078 113.159180 210.770017 84.172442 189.422807 186.453748 213.784939 216.178167 91.181138 193.724031 124.084649 31.953091 235.773196 107.354553 49.010203 29.206164 175.573346 117.341382 175.208447 261.007663 161.375339 276.159374 302.324329 87.555697 114.214710 34.438351 307.390631 281.177880 164.344151 135.532284 174.645355 108.226614 196.124960 41.340053 56.639209 300.980066 136.751600 175.635987 238.214189 130.172962 165.462987 199.564526 80.049984 183.182969 197.162370 158.808060 225.610283 254.080696 181.289823 288.294988 177.200451 55.973208 165.484138 189.612763 145.013792 274.614275 220.081803 179.203795 89.319651 155.128979 107.670795 71.112587 162.200493 220.637712 152.295765 145.499141 159.260792 221.774660 79.075913 225.470619 55.317267 
279.000000 3.000000 1.000000 a 268.927500 329.279517 286.276091 556.354204 60.827625 328.689823 207.171427 338.017751 511.926753 245.002041 528.168534 266.896984 184.287818 472.207581 449.649864 333.204142 352.022727 196.461192 447.966517 197.190263 335.650115 163.783394 529.053872 259.200694 438.292140 387.001292 467.080293 308.103879 218.552053 359.938884 279.973213 287.701234 340.242561 369.878358 394.716354 384.360508 357.967876 437.120121 407.397840 254.238077 361.883959 262.944861 400.412288 305.949342 502.972166 260.324797 194.537914 161.607549 357.945527 341.808426 289.166042 303.726851 260.601228 482.830198 528.387169 422.622763 208.405854 372.263348 342.585756 422.848673 324.075608 443.221164 272.904745 370.540146 312.865786 517.536472 391.281229 472.016949 146.112970 184.271539 131.855982 130.176803 323.190346 228.973798 339.063416 69.028979 309.012945 346.873176 465.386936 502.291748 399.440859 202.595656 383.302752 338.186339 445.377368 416.203075 448.519788 347.522661 246.562365 505.319701 221.386540 268.495810 187.216452 201.258540 490.218319 125.099960 191.366141 172.661519 126.649122 491.025458 310.922820 506.435583 508.492871 475.269397 70.092796 205.548048 221.097264 300.146631 318.158765 402.672323 383.099204 386.529430 243.961062 422.497337 466.724758 266.807046 226.525937 289.539289 119.519873 361.023545 
260.000000 9.000000 3.000000 a 160.975153 431.342092 418.025119 301.378500 369.995946 110.290525 230.930726 98.493655 270.170317 383.407094 311.276405 301.822796 265.753645 220.782699 287.506522 343.770272 408.770107 350.000000 364.906837 256.797586 94.371606 366.314073 271.317158 456.326637 275.174490 268.650330 108.466585 120.552893 407.649359 490.470183 308.991909 346.878941 156.262599 260.232588 204.474937 44.384682 232.937760 415.120464 510.529137 374.833296 274.249886 287.383020 30.805844 128.763349 151.743204 167.451486 235.771075 269.358497 71.217975 109.772492 316.622804 416.515306 255.143097 369.380563 265.800677 7.280110 394.248653 121.708669 87.965902 316.395322 191.002618 443.497463 175.641681 168.964493 220.735135 253.663162 97.652445 355.793479 414.152146 302.299520 307.475202 449.004454 298.785877 266.030073 246.910915 366.344101 483.663106 376.597929 170.000000 318.675383 309.014563 225.002222 211.603403 159.088026 512.850856 336.440188 370.741150 108.687626 315.939868 276.001812 207.347534 210.401996 242.892981 226.353706 181.837840 306.400065 426.075111 328.373263 433.710733 142.705991 178.101095 268.328157 159.705980 173.626035 360.347055 226.355914 359.940273 159.201131 364.993151 116.043095 271.576877 372.864587 192.961136 352.841324 150.416090 357.128828 208.655218 278.729259 316.966875 263.956436 
223.000000 4.000000 2.000000 a 286.900680 103.310212 127.279221 243.343379 365.012329 281.042701 259.048258 359.213029 211.596314 144.027775 200.479425 123.967738 243.022633 209.289273 130.249760 48.010416 63.324561 183.806964 74.404301 234.200769 306.537110 217.147415 231.482181 184.664561 130.391718 102.839681 304.384625 302.909227 181.342218 149.110697 108.503456 92.574294 213.600094 106.620823 168.585290 335.393798 132.969921 63.245553 151.753089 131.700418 91.706052 135.594985 363.917573 350.052853 304.481527 314.249901 331.483031 338.462701 345.353442 268.151077 96.876210 110.634533 161.644672 112.200713 235.051058 367.695526 183.480244 244.233495 345.897384 80.653580 182.123584 83.815273 242.621104 197.246039 156.310588 231.624696 268.828942 106.103723 249.945994 209.690248 366.365937 288.055550 80.262071 184.480351 121.037184 373.048254 174.427635 40.360872 247.477272 164.124952 69.028979 309.769269 157.889202 211.206061 147.135992 57.697487 72.718636 388.949868 138.090550 199.223493 321.561814 199.719804 285.243755 310.311134 262.122109 297.946304 217.680959 211.191856 279.159453 298.690475 202.940878 206.603485 303.797630 253.789283 328.184399 336.933228 160.330908 234.968083 64.474801 254.348187 98.493655 8.062258 350.538158 52.402290 266.176633 114.560028 346.144479 118.595953 289.691215 102.000000 
223.000000 2.000000 3.000000 a 369.774255 56.797887 97.800818 351.523826 386.208493 377.986772 323.989197 451.642558 324.410234 144.848196 307.104217 187.608635 297.026935 326.075145 244.724335 128.949603 63.976558 203.592731 170.461139 292.514957 403.033497 227.059464 343.792088 131.240238 246.456893 218.798995 419.505661 393.970811 164.401946 41.725292 174.774140 137.931142 316.809091 219.865868 283.196045 438.269324 243.002058 112.004464 38.078866 140.890028 203.501843 203.295352 466.892921 436.818040 421.373943 393.459019 392.604126 390.082043 442.811472 368.591915 164.012195 82.855296 237.124440 203.105884 347.936776 473.659160 175.846524 351.728589 440.440688 195.028203 282.651729 93.380940 328.024389 307.065140 253.602050 345.781723 377.711530 203.541151 237.217200 251.644591 408.314830 264.092787 174.048844 247.632793 226.241022 396.557688 92.195445 96.208108 364.321287 270.118493 186.010752 373.893033 271.488490 314.084384 62.817195 170.299736 165.496224 480.242647 187.211111 311.636006 390.401076 283.211935 344.611375 374.040105 379.189926 335.858601 193.209731 240.601330 261.122577 415.337212 299.549662 319.765539 420.803992 370.777561 348.511119 400.745555 176.229963 327.879551 110.679718 365.699330 214.112120 113.039816 423.135912 159.050307 382.655197 142.200563 414.773432 200.249844 323.447059 213.431488 
195.000000 2.000000 2.000000 a 216.640255 396.504729 394.670749 190.517716 427.846935 155.241747 271.950363 194.794764 165.239221 371.382552 207.251055 287.313418 298.457702 122.918672 204.166599 303.595125 365.656943 354.812627 289.359638 286.504799 158.902486 379.770984 162.409975 442.946949 194.989743 208.482613 12.041595 184.762009 403.398066 452.951432 288.783656 321.895946 146.321564 207.511445 144.006944 128.319913 188.010638 348.001437 462.834744 360.072215 224.287762 276.508589 139.057542 217.264815 37.013511 236.304888 304.006579 335.335653 163.487003 138.657852 292.441447 388.032215 252.352927 284.285068 156.416112 121.593585 392.937654 108.558740 179.025138 244.560831 175.208447 377.933857 206.305599 131.213566 201.325607 145.344419 87.863531 272.207641 429.923249 320.207745 376.224667 469.502929 263.007604 274.961816 209.153054 427.129957 459.184059 333.061556 70.455660 222.193609 244.920395 286.681007 156.460858 149.053682 455.543631 268.268522 295.629836 214.553024 307.314171 173.565550 275.414233 220.492630 293.518313 288.090264 72.422372 354.035309 429.683605 344.535920 454.608623 28.160256 177.132719 164.657220 45.011110 69.354164 409.079454 297.712949 356.046345 179.613474 330.096955 79.158070 212.983567 316.764897 273.514168 283.952461 48.548944 338.740314 285.567855 258.275047 360.471913 214.841802 
124.000000 5.000000 1.000000 a 235.544051 172.539850 129.711218 432.671931 161.136588 278.513913 165.604952 324.118805 390.386987 88.277970 398.272520 132.276226 128.269248 360.173569 317.845875 183.847763 195.256242 52.325902 300.088320 134.182711 296.243143 22.803509 409.415437 113.225439 308.825193 257.287777 391.081833 274.045617 63.245553 208.165799 141.031911 137.233378 256.320112 242.621104 284.822752 344.981159 240.070823 282.285317 254.247911 98.478424 230.488611 135.591298 369.195070 297.405447 416.806910 245.165250 209.766537 193.038856 331.074010 282.460617 146.996599 146.768525 151.182010 336.689768 410.160944 386.167062 51.478151 295.677189 320.624391 282.630501 228.122774 286.698448 213.138453 275.072718 205.800875 401.204437 320.777181 327.397312 27.784888 86.469648 197.314470 69.202601 185.205292 127.757583 217.589062 172.191754 162.603813 192.634369 368.382953 367.836920 259.699827 199.919984 271.400074 253.513313 289.927577 271.459021 299.748228 345.428719 108.977062 381.477391 221.677694 183.926616 169.189243 199.323857 391.996173 129.201393 48.600412 60.406953 55.865911 406.089892 225.818511 384.731075 420.475921 378.005291 124.354332 221.054292 68.942005 232.398365 164.711870 323.511978 252.507426 234.200769 255.624725 275.087259 376.235299 114.162165 241.232253 161.319559 113.850780 232.768125 
215.000000 1.000000 3.000000 a 326.142607 287.123667 245.473013 566.961198 147.461859 380.678342 256.563832 405.804140 524.183174 216.002315 533.206339 266.595199 224.198573 491.553659 452.800177 317.127735 318.127333 186.815417 432.921471 235.238177 392.756922 153.264477 542.915279 203.297811 443.541430 391.843081 508.917479 366.656515 180.249827 304.001645 276.007246 270.712024 375.353167 376.702801 414.837318 442.730166 371.940856 408.897298 352.022727 228.254244 365.136961 268.262931 462.649976 374.833296 539.446012 324.776846 266.750820 237.018987 421.046316 389.802514 282.081548 264.372843 277.996403 470.031914 543.369119 483.037266 176.476627 412.171081 407.295961 417.538022 351.809608 408.678358 318.135191 399.606056 333.424654 533.944754 434.824102 461.299252 110.535062 202.408004 216.233670 72.422372 320.263954 249.615705 350.138544 158.240324 249.162598 321.810503 494.841389 502.929419 394.697352 268.466013 401.885556 372.823014 394.248653 405.610651 432.130767 419.986905 243.478952 515.644257 289.774050 300.727451 245.203997 267.320033 519.138710 183.000000 145.065502 180.812057 80.950602 528.095635 344.522858 518.536402 543.920950 504.660282 135.003704 278.648524 203.226475 342.579918 295.465734 441.780488 387.156299 364.773903 317.833290 408.314830 500.224949 246.894714 300.601065 294.730385 170.751281 366.956401 
281.000000 4.000000 5.000000 a 355.686660 91.082380 132.003788 289.394195 408.285439 353.389304 321.012461 430.883975 265.088664 169.000000 244.730464 181.595705 300.041664 272.442655 188.095720 107.415083 62.072538 222.036033 108.060168 292.959042 378.874649 251.447808 283.924286 180.427271 192.044266 173.818871 374.759923 374.076195 198.841646 106.400188 166.481230 137.568165 286.667054 179.334882 240.104144 408.570679 206.155281 46.957428 89.442719 160.312195 164.842349 195.726850 437.114402 420.309410 371.464669 382.047118 392.718729 395.770135 417.937794 341.013196 154.434452 113.159180 226.048667 138.715536 288.461436 440.922896 206.475180 317.447633 417.968898 139.807010 254.719454 31.780497 311.849323 270.312782 228.043855 287.445647 341.900570 140.246212 272.767300 260.278697 419.643897 305.360443 149.241415 244.237589 194.023194 417.573946 151.029798 77.369245 314.992063 207.927872 136.124943 372.002688 230.078248 284.234058 74.672619 114.856432 102.610916 460.448694 189.256440 252.144800 385.736957 267.860038 345.249185 372.392266 327.391203 348.483859 232.594067 255.556256 299.708191 366.612875 274.881793 260.768096 370.062157 320.477768 370.526652 399.295630 195.133288 306.243367 104.403065 326.964830 169.923512 66.241981 416.309981 101.079177 334.701359 151.990131 410.435135 184.200977 338.094661 175.137089 
203.000000 8.000000 2.000000 a 319.820262 370.623798 384.766163 50.447993 509.522325 265.936083 353.362420 327.055041 57.706152 379.269034 86.400231 306.276019 367.783904 78.873316 138.600144 284.541737 331.887029 385.603423 215.334623 354.746388 279.835666 417.482934 39.000000 440.953512 140.388746 185.733680 151.343979 299.901651 417.137867 417.426640 300.203264 320.538609 218.504005 197.273921 156.486421 264.484404 198.035350 279.257945 411.924750 366.019125 211.917437 302.299520 281.007117 342.791482 111.085553 346.112698 405.563805 432.004630 297.015151 245.153013 297.892598 372.001344 293.318939 192.841904 34.234486 266.174755 411.516707 200.820816 310.103209 188.223272 227.481867 308.025973 292.027396 183.371208 238.801173 38.013156 198.116128 186.067192 465.102139 370.843633 472.339920 506.865860 259.624729 323.805497 220.238507 511.892567 441.021541 303.644529 99.849887 118.608600 202.484567 384.400832 168.671278 219.729379 391.062655 212.268698 221.226129 351.205068 329.569416 70.576200 379.795998 283.550701 380.595586 385.696772 80.056230 431.333977 450.344313 389.760183 493.624351 117.953381 243.823707 62.369865 103.788246 92.195445 482.597140 402.558070 376.203402 264.622372 313.665427 175.931805 191.049732 270.913270 388.108232 223.089668 113.070774 343.227330 396.167894 276.586334 432.945724 207.270355 
193.000000 7.000000 3.000000 a 152.472948 204.599609 168.047612 385.631949 144.006944 196.786687 83.198558 241.267486 341.422026 119.331471 356.886537 100.319490 46.173586 303.832191 278.512118 174.484956 211.966979 61.619802 283.591255 51.088159 213.600094 61.814238 358.987465 177.248413 267.031833 215.870331 317.127735 191.002618 121.264174 254.420911 115.069544 134.617978 182.989071 198.635344 226.258701 262.718481 187.224464 284.042250 294.823676 120.652393 191.128229 93.391648 286.447203 215.195260 346.965416 163.232962 137.131324 129.402473 248.018144 202.338825 126.003968 179.175891 89.872131 316.469588 358.637700 303.907881 105.475116 220.476756 237.539470 253.938969 159.790488 296.764216 131.594073 207.562039 143.934013 348.209707 244.100389 304.765484 107.466274 13.341664 148.189068 143.136299 155.364089 58.898217 167.839209 151.211772 220.737401 196.328806 303.065999 331.308014 230.653420 122.967475 214.114455 180.421728 322.001553 249.905982 285.012280 263.245133 84.480767 334.439830 143.589693 108.406642 91.586025 122.641755 327.566787 76.655072 126.384334 25.495098 127.882759 335.630749 152.121662 335.882420 351.455545 312.929705 108.908218 147.200543 86.683332 153.055545 167.836230 249.721845 212.077816 229.706334 178.058979 258.213090 307.834371 121.078487 165.360213 119.251834 67.268120 189.873642 
257.000000 6.000000 2.000000 a 181.024860 498.077303 470.338176 472.671133 296.006757 193.651749 232.568270 115.169440 435.611065 424.633960 473.677105 362.659620 267.121695 383.317101 429.773196 429.521827 489.391459 372.490268 490.846208 266.510788 170.308544 372.022849 441.082759 489.237161 415.716249 390.089733 288.006944 165.360213 433.530852 554.836913 375.713987 412.412415 264.781042 375.587540 339.695452 171.944759 346.602077 526.210984 587.575527 421.413099 383.854139 346.969739 157.155973 116.606175 333.150116 156.974520 181.231896 205.360658 141.439033 212.322867 386.896627 476.245735 313.383152 506.245988 436.331296 176.504957 417.824126 253.621766 131.867358 443.198601 288.764610 550.204507 224.474943 296.492833 311.006431 423.494982 244.272389 491.934955 407.623601 316.056957 225.019999 429.532304 387.220867 304.428974 349.496781 287.174163 529.899047 461.832221 339.271278 472.136633 428.253430 190.276115 340.424735 266.176633 603.165815 456.754858 495.630911 86.833173 365.470929 438.511117 169.056204 268.793601 221.472346 190.790461 356.350951 267.525700 437.123552 338.094661 415.740304 323.013932 265.708487 432.560978 341.146596 345.324485 306.008170 169.499263 393.471727 232.499462 440.655194 267.807767 390.861868 474.456531 134.658828 472.144046 323.394496 411.866483 148.761554 352.932005 282.851551 374.745247 
173.000000 2.000000 4.000000 a 198.176689 165.435788 165.921668 219.494875 315.296686 187.416648 183.324848 266.112758 177.552809 152.531964 186.102123 81.055537 177.634456 152.957510 106.174385 72.835431 136.821051 160.962729 122.482652 166.192659 212.896689 194.445365 196.900990 218.524598 96.020831 44.204072 222.575830 210.523158 189.855208 222.611770 73.000000 95.519631 119.854078 30.232433 88.459030 241.853261 43.416587 151.029798 237.598401 139.531358 17.888544 81.412530 270.440382 258.652276 231.821052 226.753170 254.379638 267.606054 251.549200 174.289988 70.491134 157.537297 89.358827 149.120756 198.073219 275.118156 184.024455 152.118375 252.438111 83.096330 88.413800 176.105082 153.847327 106.901824 64.350602 190.000000 177.710439 136.000000 239.760297 160.112460 301.041525 281.442712 33.526109 119.854078 27.202941 321.068529 228.965063 104.120123 175.934647 158.344561 61.131007 231.613903 75.106591 117.413798 239.585058 86.585218 125.960311 295.979729 104.235311 168.344884 239.841614 114.481440 211.853723 232.398365 195.760057 240.187427 222.847481 172.707846 268.938655 223.807953 109.986363 171.898226 232.957078 184.176546 281.810220 257.841036 149.036908 142.800560 99.000000 165.677397 39.661064 101.414989 265.731067 99.959992 190.850727 116.730459 263.746090 54.561891 236.027541 20.248457 
Type de surveillance de chaque endroit(target):tab[nombre de target]
a a a a a a a a a a a a a a a a a a a a a a a a a a a a a a a a a a a a a a a a a a a a a a a a a a a a a a a a a a a a a a a a a a a a a a a a a a a a a a a a a a a a a a a a a a a a a a a a a a a a a a a a a a a a a a a a a a a a a a a a 