Nombre des capteurs:
50
Nombre des targets:
70
Nombre de type de surveillance:
1

Caracteristiques:
173.000000 2.000000 4.000000 a 617.353221 485.556382 504.575069 359.435669 460.017391 325.184563 339.554119 449.325049 539.217952 249.112424 198.761163 550.072722 481.133038 356.910353 422.852220 473.439542 448.486343 432.172419 461.069409 455.000000 388.068293 444.119353 224.610774 444.830305 432.047451 295.489425 231.482181 258.211154 329.236997 338.001479 411.588387 416.515306 411.144743 456.207190 354.798534 488.439351 442.603660 466.932543 315.406087 293.001706 530.616622 344.204881 319.411960 237.993697 397.836650 404.283316 356.618844 436.806593 467.051389 382.256458 540.578394 315.849648 383.594838 349.124620 402.865983 471.851672 543.965072 361.382069 459.331035 604.884286 245.814971 247.693359 308.133088 428.351491 362.084244 544.736634 430.726131 459.735794 374.882648 460.506243 
143.000000 1.000000 1.000000 a 410.728621 231.624696 376.299083 322.187833 354.938023 97.416631 337.120157 299.001672 307.865230 77.781746 262.573799 378.345081 231.603109 287.043551 246.732649 275.771645 437.896106 259.695976 353.307232 185.800969 129.034879 266.692707 193.507106 423.977594 254.232177 381.702764 61.684682 198.977386 57.008771 398.818254 152.433592 264.189326 363.324923 265.936083 175.182762 266.833281 178.932948 342.317104 127.577427 128.751699 374.733238 260.000000 261.963738 202.237484 192.398025 321.959625 299.666481 221.045244 439.645312 157.965186 368.773643 133.003759 345.696399 326.381678 216.923950 361.337792 319.363429 78.790862 203.199409 427.590926 104.737768 187.683244 261.612309 312.032050 396.547601 355.647297 229.512527 477.529057 115.108644 451.735542 
122.000000 2.000000 1.000000 a 360.471913 223.230822 286.400070 212.426458 257.000000 68.117545 227.200352 214.009346 275.181758 38.209946 170.765922 306.960910 217.848571 178.986033 171.735261 216.009259 328.269706 183.412104 256.031248 201.950489 134.536240 193.662077 93.407708 314.758638 180.709712 279.415461 75.000000 90.609050 105.546198 292.099298 155.364089 177.881983 255.219513 200.808366 96.566040 225.144398 186.507373 249.689808 51.088159 31.764760 295.677189 152.610616 152.069063 98.112181 135.059246 217.347648 190.709203 173.415686 331.122334 117.834630 297.112773 52.345009 236.372587 216.261416 146.184815 265.188612 280.978647 144.506055 198.595065 360.455268 20.000000 81.024688 151.476071 215.188290 287.506522 293.102371 170.417135 367.396244 124.016128 342.147629 
291.000000 8.000000 4.000000 a 262.611881 284.191837 93.295230 74.202426 42.190046 253.331798 113.176853 98.371744 257.573291 275.914842 230.482103 169.799882 272.860770 68.007353 140.427917 174.977141 123.547562 133.255394 45.177428 313.918779 280.408630 139.978570 207.369236 105.309069 141.509717 219.020547 312.083322 176.739922 311.430570 190.160459 281.042701 106.400188 48.373546 160.639348 176.005682 219.692968 295.908770 66.287254 215.473896 213.190056 138.513537 88.141931 105.621967 192.346042 191.002618 21.095023 67.742158 202.039600 111.198022 223.651515 163.783394 209.745083 62.936476 90.972523 160.527256 54.918121 247.131544 339.860265 281.810220 216.270664 252.144800 190.378570 116.077560 49.244289 157.407115 189.594304 178.440466 175.764046 282.646422 134.528807 
138.000000 4.000000 5.000000 a 31.240999 224.899978 199.572042 357.061619 247.315588 350.274178 398.446985 210.380607 137.873130 419.952378 485.123696 117.630778 219.658826 328.402192 225.656819 175.931805 386.218850 216.933169 243.614449 283.132478 315.087289 204.707108 428.155346 369.541608 216.490185 505.015841 453.048563 395.588170 385.538584 477.554185 294.757527 236.681220 332.813762 192.416216 295.900321 173.994253 278.325349 221.289403 341.809889 360.456655 149.642908 325.591769 356.753416 417.145059 257.978681 295.357411 339.308120 222.434260 361.001385 285.658887 123.967738 339.611543 350.297017 374.759923 246.564393 235.951266 123.081274 385.333622 249.903982 81.215762 411.694061 403.714008 369.768847 250.874471 444.063059 106.230881 221.400090 436.018348 327.963413 391.000000 
115.000000 9.000000 3.000000 a 343.423936 157.632484 332.453004 312.257906 319.995312 65.053824 335.672459 254.243977 237.118114 110.072703 291.953763 321.305151 158.473973 271.742525 198.295234 216.453228 424.420782 211.092397 317.653900 110.887330 57.584720 215.455332 214.888343 408.633087 204.215572 399.125294 118.680243 208.254652 20.880613 408.061270 79.259069 222.697104 345.388187 210.038092 139.086304 200.144947 104.139330 302.200265 106.066017 121.247680 322.560072 244.429949 255.313533 218.819560 139.301831 297.724705 286.681007 159.615162 421.295621 101.710373 312.160215 111.731822 332.661991 320.320152 168.671278 324.137317 249.945994 25.495098 129.274901 367.151195 128.654576 200.800896 258.698666 277.622045 398.963657 294.592939 173.072239 469.233417 45.122057 437.800183 
261.000000 5.000000 3.000000 a 574.325692 454.851624 453.789599 304.770405 408.011029 296.624342 283.651194 402.057210 502.020916 223.378602 143.279447 503.170945 449.395149 304.581680 379.759134 431.863404 392.118605 388.239617 409.265195 429.802280 361.964087 400.465979 177.485211 388.634790 388.857300 240.201998 213.600094 210.760528 309.996774 282.113452 384.551687 370.523953 356.181134 414.016908 315.634282 450.515261 415.866565 416.515306 280.855835 257.186703 482.187723 293.646045 267.441582 189.694491 360.323466 351.639019 303.295236 399.430845 410.896581 348.891100 493.852205 280.431810 328.539191 293.899643 362.022099 420.077374 505.332564 345.305662 429.913945 557.847649 214.536710 201.625891 255.704908 378.047616 305.722096 500.236944 391.111237 403.447642 349.596911 404.100235 
258.000000 4.000000 4.000000 a 566.805963 411.986650 481.368881 361.610287 443.441090 253.931093 353.566118 415.216811 476.692773 179.134028 220.513038 511.894520 409.469169 346.238357 377.640040 422.564788 466.840444 388.850871 443.541430 373.439419 309.820916 399.592292 207.041059 459.131789 386.731173 341.177373 150.572242 237.118114 243.370089 376.920416 334.013473 379.722267 413.240850 407.427294 303.146829 428.687532 363.661931 443.380198 256.204996 238.247770 497.917664 326.724655 309.438201 222.173356 340.308683 392.821843 350.897421 377.465230 480.009375 316.897460 502.076687 258.427940 387.516451 356.022471 352.790306 453.841382 484.406854 270.386760 384.240810 565.979682 186.657440 223.660457 301.041525 405.735135 392.429612 499.601841 376.601912 489.257601 295.853004 480.135398 
178.000000 2.000000 1.000000 a 311.000000 355.287208 133.003759 94.191295 93.005376 321.012461 112.307613 166.412139 322.691803 335.161155 251.745904 217.057596 343.914233 118.680243 212.249853 243.287895 56.089215 204.482273 97.123633 386.079007 351.728589 210.304541 250.008000 38.209946 212.849712 200.997512 369.867544 224.082574 379.094975 161.471360 353.005666 178.361991 43.289722 230.341051 245.772252 288.487435 368.086946 123.369364 281.753438 276.318657 184.043473 145.165423 150.206524 235.034040 263.058929 86.608314 108.503456 273.821109 39.051248 295.137256 213.459598 275.936587 68.359345 101.636608 232.690782 100.806746 310.567223 409.176001 353.735777 253.860198 309.724071 238.113418 156.204994 119.854078 124.535136 244.376758 250.225898 108.669223 353.402037 64.621978 
144.000000 5.000000 4.000000 a 362.019337 215.132517 297.417215 230.887418 270.416346 55.659680 246.629276 223.181540 272.391263 27.313001 188.809428 313.102220 210.618138 196.290601 177.552809 218.490274 346.619388 189.763010 269.224813 189.488786 121.597697 199.251098 112.307613 332.813762 186.252517 299.040131 63.788714 110.453610 86.406018 311.948714 143.680200 187.114938 272.611445 204.416242 101.592323 223.606798 175.000000 261.375209 51.884487 41.000000 303.725205 169.516961 170.672200 117.660529 135.207248 233.105126 208.556947 172.246916 348.769265 112.929181 303.265560 55.154329 254.483791 235.229675 150.306354 278.044960 279.415461 125.538839 189.362087 365.833295 27.166155 100.801786 170.578428 228.078934 307.210026 297.006734 171.965113 386.401346 110.027269 360.467752 
183.000000 2.000000 1.000000 a 419.411492 226.931708 409.849973 374.145694 394.528833 132.853303 392.186180 331.593124 310.864922 137.003650 323.278518 400.281151 229.895628 336.514487 276.226356 295.381110 488.983640 289.126270 392.441078 172.539850 134.647688 293.981292 253.031619 474.216195 282.492478 441.430629 122.004098 255.976561 75.432089 457.055795 153.310143 298.931430 412.132260 289.015571 212.256920 277.308492 171.898226 378.440220 170.856665 178.339564 401.403787 309.095455 314.682380 260.967431 217.745264 367.458841 350.228497 238.472221 488.593901 180.335798 391.154701 176.663522 396.547601 379.817061 246.357464 399.505945 324.895368 62.641839 199.624648 445.701694 163.248277 245.489307 315.653291 351.727167 453.045252 373.150104 252.031744 530.789977 123.490890 502.677829 
151.000000 1.000000 3.000000 a 373.246567 176.819117 382.172736 369.499662 373.250586 122.331517 392.842208 304.527503 262.937255 156.604598 343.351132 362.932501 181.176709 328.799331 247.935475 258.311827 481.339797 260.340162 370.703385 120.154068 97.082439 263.153947 267.899235 465.405200 252.881395 454.138745 154.207652 263.774525 69.462220 464.436217 110.004545 274.847230 402.019900 254.827393 194.509640 234.360833 122.482652 353.816337 163.343197 177.881983 367.763511 301.537726 312.569992 273.029302 188.472810 353.656613 343.838625 201.682919 477.695510 151.221692 354.272494 169.011834 389.744788 377.597669 219.228192 376.616516 278.097105 31.827661 150.880748 405.079005 179.011173 255.538647 315.825901 331.404587 455.987938 333.001501 218.680132 526.430432 90.138782 494.661500 
193.000000 7.000000 3.000000 a 466.181295 360.922429 344.223764 201.791972 299.362656 211.236834 188.130274 292.138666 399.361991 150.442680 54.626001 393.275985 354.120036 196.328806 272.253558 325.332138 301.001661 280.044639 300.421371 344.681012 277.584221 292.417510 68.818602 294.435052 281.220554 180.421728 158.776573 101.316336 240.692750 211.879683 297.833846 261.137895 253.948814 307.058626 213.025820 347.489568 328.694387 306.757233 186.131674 161.616831 372.075261 183.883115 158.776573 79.931220 258.936286 243.772435 196.654519 297.607124 315.912963 253.475837 384.011719 184.328511 226.920691 193.499354 256.758642 311.207326 401.143366 279.465561 338.320854 447.893961 131.381125 93.477270 147.648231 268.225651 225.390772 391.346394 286.832704 322.063658 267.119823 314.057320 
242.000000 5.000000 2.000000 a 277.722883 296.070937 107.354553 61.522354 56.364883 258.073633 99.126182 112.294256 271.707563 276.524863 220.719279 184.816125 284.787640 63.198101 151.792622 188.472810 111.772090 145.361618 59.615434 324.077151 288.211728 152.712148 202.230067 93.813645 153.473125 204.501834 312.193850 172.742583 316.205629 175.111393 289.917230 117.660529 33.955854 173.626035 182.222392 232.912001 305.883965 81.394103 219.317122 215.362485 153.378617 86.579443 99.824847 187.114938 200.212387 23.021729 59.464275 213.300258 101.980390 231.700237 178.868667 213.527516 48.104054 77.620873 170.293864 68.883960 261.558789 345.774493 292.714878 230.846269 252.035712 186.603858 109.201648 62.641839 142.274383 204.707108 189.747200 163.370744 289.803382 123.405835 
244.000000 6.000000 2.000000 a 227.140925 294.884723 49.819675 136.029409 35.355339 297.107725 171.058470 106.606754 249.242853 330.122704 295.133868 133.633828 283.557754 132.230859 161.895028 177.800450 139.032370 150.880748 37.107951 334.246915 312.603583 152.433592 270.717565 122.065556 159.201131 273.056771 367.034058 239.175668 354.120036 238.447059 308.527146 132.502830 94.031909 169.118302 217.338446 222.407284 317.616120 55.605755 262.710868 264.756492 100.717426 149.402142 169.923512 255.830022 220.036361 84.693565 132.593363 219.804459 115.260574 256.394228 130.862523 257.287777 118.562220 151.320851 188.724667 30.886890 235.261557 378.292215 298.718931 169.673215 308.079535 252.479702 180.753976 78.262379 202.615399 163.487003 197.273921 190.055255 317.397227 144.886162 
222.000000 5.000000 3.000000 a 355.332239 256.134730 247.717581 144.837840 209.570990 125.924581 156.156972 186.131674 288.173559 104.809351 117.345643 286.447203 248.243832 117.273185 160.860188 213.581366 260.345924 169.248338 209.554289 249.256896 186.560982 181.466250 43.382024 247.923375 169.920570 211.532503 136.704060 20.615528 174.255559 221.298441 202.674616 152.751432 191.415778 195.420060 103.160070 236.281612 231.624696 209.652093 89.269256 67.779053 268.287160 94.260278 84.899941 37.215588 149.325149 161.310260 126.115027 187.275199 265.663321 150.119952 276.898899 85.328776 169.920570 146.696967 145.013792 219.790810 289.471933 212.219226 236.256217 341.263828 77.826731 18.973666 81.939002 171.735261 216.002315 281.442712 175.308300 297.316330 179.401784 274.273586 
291.000000 4.000000 2.000000 a 75.927597 143.836713 141.031911 270.407100 175.755512 245.578908 312.116965 116.726175 67.007462 313.459726 383.885400 69.526973 135.148067 235.747747 119.808180 68.767725 324.422564 112.361025 171.642069 199.832430 217.524711 99.859902 323.208911 306.339681 110.801625 417.353567 347.174308 291.247318 285.161358 395.551514 200.002500 135.650286 257.437371 85.632938 188.732615 75.239617 190.262976 145.670862 234.957443 253.314034 94.868330 228.116198 259.480250 312.878571 151.604749 211.340957 248.871453 117.923704 303.567126 181.466250 65.855903 232.622011 269.185809 287.934020 139.445330 167.600716 49.517674 290.056891 162.692962 96.628153 304.612869 298.600067 272.249885 164.368488 365.197207 31.240999 114.546934 376.941640 229.296751 332.276993 
186.000000 3.000000 2.000000 a 537.998141 437.833302 405.241903 248.943769 357.414325 286.681007 224.147273 360.435847 475.143136 221.273586 88.005682 461.151819 431.040601 254.420911 345.579224 399.281855 330.171168 352.525176 359.068239 420.611460 353.160020 365.016438 143.600139 327.604945 354.358575 176.139150 222.245360 173.908022 311.708197 218.036694 373.919777 331.602171 299.187232 380.728250 289.318164 423.249335 404.930858 368.972899 262.937255 238.430283 437.713377 247.491414 218.753286 152.315462 335.369945 300.203264 250.862512 373.846225 350.000000 330.389164 452.205705 261.216385 271.459021 236.577683 331.837310 369.855377 476.303475 349.656975 415.097579 515.210637 205.294910 168.157664 206.206207 331.119314 242.293211 462.200173 362.270617 339.779340 342.230916 341.831830 
131.000000 7.000000 2.000000 a 375.033332 390.806858 198.668065 78.492038 151.476071 325.640907 64.761099 212.607620 372.033601 322.667011 201.486972 281.064050 379.747284 121.037184 246.789384 287.892341 50.487622 242.243679 155.389832 412.662089 368.122262 250.856533 220.492630 49.244289 249.899980 129.634100 353.837533 202.267150 381.934549 88.408144 374.085552 213.251026 67.119297 272.121296 259.563094 331.602171 394.001269 180.024998 284.682279 273.212372 248.477363 147.322775 136.605271 206.813926 287.605633 117.175083 104.995238 306.960910 71.554175 314.014331 276.134025 278.958778 62.177166 71.561163 260.353606 162.237480 362.200221 416.124981 384.294158 322.332127 295.705935 215.473896 136.341483 162.788206 51.400389 304.041116 283.894347 79.611557 366.979563 63.031738 
175.000000 3.000000 1.000000 a 101.138519 140.117808 125.642350 245.177487 155.080624 225.079986 286.790865 91.350972 76.850504 290.738714 357.065820 68.308125 130.172962 209.668786 93.605555 45.177428 303.990131 85.702975 150.960260 192.865238 202.556165 73.239334 296.809703 285.748141 84.504438 391.601839 325.149197 264.697941 267.710665 370.714176 187.042776 108.853112 234.559161 60.307545 164.401946 65.520989 181.218101 124.723695 211.804155 229.242230 85.276022 201.467119 232.813230 286.323244 129.769026 187.000000 223.089668 99.247166 284.339586 161.969133 61.326992 209.153054 245.008163 262.606169 114.808536 148.060798 62.769419 275.588461 154.987096 108.779594 280.750779 272.238866 245.552438 140.003571 341.000000 36.221541 92.135769 356.725385 213.468967 312.473999 
220.000000 9.000000 1.000000 a 349.051572 151.330764 388.185523 402.176578 387.737024 163.294213 430.015116 313.695712 238.008403 213.712424 396.285251 355.077456 159.138305 359.456534 258.007752 254.686081 509.116882 269.081772 384.688185 94.366308 112.485555 268.882874 318.763235 492.197115 260.862032 500.577666 216.231358 309.782182 123.178732 506.463227 111.503363 289.110705 428.527712 255.978515 220.984162 221.488149 106.254412 364.606637 202.319055 221.472346 365.603610 333.156120 348.992837 321.864878 201.400099 377.302266 375.410442 202.158354 502.096604 168.439900 347.403224 207.386113 419.886890 412.412415 232.622011 389.019280 255.158774 85.094066 132.003788 390.749280 233.205918 303.427092 354.200508 348.208271 494.272192 321.238229 223.304725 556.982046 113.811247 521.875464 
231.000000 8.000000 5.000000 a 48.600412 170.557908 141.792101 285.497811 183.010929 276.090565 327.246085 134.260940 87.664132 343.351132 406.970515 60.008333 162.603813 253.665134 146.386475 97.908120 329.437399 137.644470 179.002793 227.635674 247.891105 125.399362 348.914030 311.751504 137.207871 433.415505 377.344670 316.442728 315.800570 409.037896 229.965215 158.151826 267.366789 113.569362 217.607445 105.223572 219.000000 154.159009 264.612925 282.405736 91.482239 248.676497 280.016071 338.023668 181.727818 224.770995 265.706605 148.556387 306.789830 212.077816 60.876925 262.103033 281.712620 303.191359 168.047612 173.288776 69.289249 320.249902 191.065434 70.213959 333.865242 324.445681 292.959042 178.538511 377.234675 30.413813 144.402216 381.284671 259.788375 336.203807 
154.000000 5.000000 3.000000 a 225.257630 190.276115 120.598507 129.838361 99.297533 163.024538 169.070991 50.249378 182.274518 202.940878 230.152124 150.572242 179.234483 88.277970 47.074409 96.628153 220.000000 46.097722 97.123633 215.520301 182.222392 57.706152 175.504986 202.252318 52.086467 269.417891 240.141625 142.144293 219.920440 254.544692 182.035711 18.788294 139.785550 78.160092 83.198558 135.532284 197.306868 85.052925 130.188325 136.066160 132.883408 74.732858 105.773343 163.355441 91.967386 86.608314 103.947102 106.451867 210.040472 125.363472 141.113430 125.063984 138.538803 145.670862 61.717096 104.345580 177.070607 244.902021 184.762009 205.380135 184.328511 151.855194 118.296238 56.859476 229.732453 149.030198 83.384651 270.697248 185.431928 231.918089 
243.000000 6.000000 2.000000 a 11.401754 208.273858 185.270073 339.977940 231.812424 330.820193 381.504915 191.859323 120.933866 400.232432 466.086902 101.965681 202.543822 310.409407 205.915031 156.083311 373.005362 197.306868 228.021929 266.582070 296.624342 185.043238 408.579246 356.035111 196.758736 488.037908 433.433963 376.085097 366.750596 461.415214 276.644176 217.448845 317.290088 172.586210 276.052531 154.945152 261.084278 205.000000 322.024844 340.618555 134.629120 306.946249 338.178947 397.658145 238.254066 278.442095 321.645768 202.921167 348.367622 266.242371 107.489534 319.803064 333.997006 357.694003 226.715681 220.782699 105.323312 367.314579 232.641355 73.006849 391.869876 384.110661 351.176594 233.418080 428.347989 87.321246 201.603571 423.426499 309.363863 378.297502 
155.000000 8.000000 2.000000 a 86.469648 114.756263 205.411782 326.098145 238.415604 253.387056 367.348608 173.184872 30.232433 327.452287 424.890574 131.034347 110.367568 288.362619 159.480406 105.759160 387.342226 156.310588 234.292552 172.803356 209.773688 144.360659 357.798826 369.139540 151.832144 470.663362 357.617114 327.983231 281.575922 452.054200 187.949461 183.991848 317.921374 124.663547 214.140141 79.404030 168.961534 208.096132 253.158053 274.874517 158.808060 276.739950 307.522357 349.366570 170.000000 269.475416 302.729252 131.034347 367.179792 189.636494 128.968989 252.239965 327.495038 343.246267 169.496313 230.932891 25.298221 277.634652 140.730238 141.904898 323.797776 333.181632 319.756157 222.649949 423.302492 93.744333 139.186925 440.023863 223.304725 395.600809 
150.000000 4.000000 4.000000 a 168.620877 184.718705 76.550637 166.330995 83.761566 207.009662 208.031248 13.000000 148.929514 257.598525 288.294988 89.375612 173.358011 132.502830 58.549125 68.796802 229.895628 45.705580 79.881162 224.474943 209.038274 43.382024 236.596703 211.513593 52.886671 313.397511 294.441845 203.147729 260.109592 291.686476 201.853908 45.177428 156.894869 58.728187 130.391718 114.057003 208.312266 55.226805 180.679274 191.086368 73.389373 128.128841 159.298462 224.207493 117.686023 108.041659 145.041373 110.453610 212.896689 155.331903 79.981248 176.309387 166.075284 183.847763 88.459030 80.721744 138.600144 278.756166 188.501989 144.170038 241.356583 213.053984 172.307864 61.131007 262.017175 91.706052 89.000000 282.660574 215.863383 239.520354 
106.000000 7.000000 4.000000 a 556.752189 457.035010 422.291369 264.151472 374.040105 305.373542 237.606818 378.746617 494.418851 239.033470 104.804580 479.309921 450.281023 271.398231 364.606637 418.369454 341.353190 371.441785 375.793826 439.396177 371.856155 383.942704 162.874185 339.629210 373.359076 182.010989 238.549785 193.000000 329.297738 225.435135 392.765834 350.258476 313.729183 399.786193 308.629227 442.525705 423.820717 386.290046 282.072686 257.573291 455.517288 265.324330 236.190601 171.432202 354.682957 316.722276 267.239593 393.153914 362.084244 349.596911 470.422151 280.401498 286.043703 251.177228 351.062672 386.556594 495.519929 366.994550 434.203869 533.240096 223.725278 187.408644 223.517337 348.621571 251.700219 480.832611 381.524573 348.420723 360.800499 352.647132 
186.000000 1.000000 1.000000 a 217.006912 306.528955 51.623638 165.858373 63.505905 321.645768 199.449242 124.482931 253.071136 358.022346 325.737624 126.810883 295.381110 163.082801 181.077332 188.986772 154.042202 169.162644 64.124878 349.468167 332.776201 168.715737 301.365227 138.740765 177.132719 299.347624 395.081004 269.640501 377.915334 262.834549 326.915891 154.538021 121.264174 183.051905 241.853261 232.038790 333.588069 75.000000 288.669361 292.083892 95.754895 179.805450 200.771014 286.513525 240.301893 115.550855 163.370744 235.815606 127.475488 277.411247 126.317061 283.386662 147.078210 180.623919 209.403916 55.036352 237.699390 400.362336 312.947280 154.012986 336.594712 282.851551 211.624668 105.004762 226.353706 161.012422 214.294190 202.158354 338.496676 157.457931 
237.000000 8.000000 1.000000 a 223.342786 190.184121 118.511603 130.418557 97.739450 164.760432 169.852878 48.020829 181.176709 205.060967 232.045254 148.394744 179.108905 89.140339 46.572524 95.425364 219.611020 45.011110 95.509162 216.004630 183.330303 56.435804 177.654158 201.814271 51.244512 270.534656 242.258127 144.277510 221.562632 255.327241 182.877008 17.088007 139.517024 77.058419 84.929382 134.729358 197.840845 83.096330 132.136293 138.177422 130.648383 76.157731 107.280007 165.469030 92.763139 86.267027 104.690019 106.437775 209.380037 126.479247 138.946033 127.035428 138.715536 146.372812 62.289646 102.610916 175.786803 246.333108 185.002703 203.199409 186.510053 154.029218 119.854078 55.461698 230.273750 147.054412 83.258633 270.440382 186.681547 231.458420 
126.000000 6.000000 3.000000 a 399.772435 409.831673 223.778909 92.784697 176.139150 336.657096 67.424031 235.053185 394.229629 328.124976 193.258894 305.897042 398.898483 136.565003 266.580194 309.480209 65.764732 262.773667 180.005555 429.308747 382.238146 271.884167 221.253249 70.035705 270.203627 108.466585 357.727550 206.494552 391.900498 65.053824 389.466301 233.520877 91.087870 293.233695 274.045617 352.647132 410.566682 204.296353 295.655205 282.455306 273.402633 161.418710 146.386475 208.432243 304.599737 138.917242 120.066648 325.897223 91.214034 329.261294 300.815558 290.037929 81.743501 81.688432 278.409770 187.106921 384.880501 427.129957 402.116898 347.554312 300.961792 219.045657 143.934013 185.310550 28.600699 328.257521 303.136933 77.369245 380.297252 75.610846 
272.000000 6.000000 1.000000 a 246.434575 220.077259 119.268604 99.824847 86.052310 179.203795 139.434572 65.192024 211.009478 209.002392 210.601519 165.193826 209.093281 59.008474 77.129761 125.035995 192.314846 75.166482 85.005882 243.429661 206.014563 86.005814 163.917662 174.897113 81.743501 241.099564 246.018292 130.384048 237.153958 224.891085 207.932681 46.000000 111.664677 107.042048 101.118742 165.215011 225.000000 81.271151 142.618372 143.502613 142.635900 50.119856 81.394103 150.426062 118.697093 59.413803 74.242845 136.165341 184.195548 149.482440 156.339374 137.032843 108.747414 115.849040 89.888820 94.260278 204.882893 264.967923 213.714763 219.276082 187.600640 141.904898 94.366308 44.407207 199.684752 169.531708 113.296072 242.260191 207.850908 204.628932 
184.000000 3.000000 1.000000 a 32.000000 230.555850 181.033146 341.123145 229.706334 347.936776 382.256458 197.474049 143.223601 415.740304 473.025369 101.019800 224.396970 314.006369 217.497126 170.293864 366.601964 207.932681 226.106170 288.839056 316.480647 196.022958 418.335989 350.121408 208.278659 488.779091 449.627624 385.416658 385.849712 460.297730 297.122870 225.729927 315.057138 185.601724 289.822359 173.925271 282.703024 204.628932 337.013353 354.673089 132.003788 312.617978 343.547668 406.863614 254.025589 279.291962 324.299245 220.084075 341.071840 283.635329 108.258949 334.484678 333.352666 358.771515 240.204080 218.048160 126.889716 387.827281 254.283307 60.299254 406.177301 394.087554 356.585193 235.732900 426.380112 95.482983 216.780995 416.019230 328.937684 371.086243 
117.000000 5.000000 1.000000 a 320.880040 311.332620 157.546818 9.848858 106.606754 244.573097 51.419841 144.499135 300.734102 248.845333 169.531708 230.262893 300.482945 38.418745 169.047331 214.932548 116.468880 166.373075 109.288609 330.684139 285.524080 176.377436 160.003125 102.552426 173.366663 157.851196 282.412818 134.350288 301.602387 135.033329 291.564744 136.945245 47.042534 197.716969 176.954796 256.628136 311.969550 127.047235 203.828359 194.311605 200.392116 65.069194 61.131007 145.003448 205.827598 52.000000 22.671568 227.431308 119.641130 231.449779 223.329353 198.040400 24.166092 27.513633 179.627392 119.402680 293.027302 334.834287 303.275452 279.084217 222.656686 148.354306 66.189123 97.293371 107.870292 245.473013 204.924376 159.962496 284.541737 130.249760 
140.000000 3.000000 2.000000 a 356.388833 333.030029 195.304890 28.319605 144.402216 248.485412 22.825424 177.485211 330.006061 241.000000 136.124943 266.833281 322.572472 60.008333 194.833262 244.018442 127.121989 194.064422 147.054412 346.850112 296.278585 205.002439 140.035710 117.515956 200.302272 123.166554 271.977940 120.420098 303.415557 106.887792 305.118010 165.000000 76.967526 226.019911 189.235303 283.705834 328.064018 164.176734 207.530721 193.932978 237.491052 78.746428 58.412327 125.876924 223.933026 89.067390 45.398238 249.903982 138.032605 245.087739 259.617026 201.972770 49.244289 14.560220 200.820816 157.200509 323.558341 338.870182 322.280933 316.362134 213.974298 133.701159 55.443665 132.517923 87.321246 280.360482 228.527898 161.136588 293.531940 140.918416 
133.000000 1.000000 1.000000 a 234.797785 91.662424 219.783985 239.426398 215.288179 85.146932 272.855273 142.863571 139.301831 158.398232 281.710845 204.413796 83.952367 195.616973 86.330759 99.849887 339.824955 98.234414 212.325222 97.128780 65.802736 100.424101 206.118898 322.386414 90.476516 359.489916 189.010582 182.537667 124.779806 355.460265 61.220911 116.498927 259.146677 93.134312 64.381674 92.086915 78.390050 193.196791 86.833173 110.494344 205.973299 171.813853 194.486503 201.682919 29.000000 206.712361 212.132034 43.965896 330.925974 20.615528 195.207582 87.235314 253.775491 252.247894 60.000000 217.082933 147.271857 136.937942 73.824115 251.431899 156.236999 183.152942 203.039405 175.601822 337.001484 179.078195 56.320511 389.422650 73.552702 352.115038 
189.000000 7.000000 1.000000 a 376.643067 421.900462 199.331382 130.142230 161.607549 374.817289 125.299641 234.401365 391.296563 378.549865 262.230814 283.289604 410.572771 167.630546 277.908258 311.364738 14.866069 270.968633 165.722660 450.111097 411.558015 277.497748 280.130327 32.449961 279.213180 178.474088 410.946469 259.988461 432.226792 133.093952 414.837318 243.790894 95.524866 297.892598 303.646176 356.463182 431.820565 191.971352 334.332170 325.338285 250.353750 195.064092 190.517716 266.101484 325.731485 148.054044 153.394915 339.477540 35.128336 355.731640 280.321244 328.517884 107.070071 128.082005 296.273522 169.047331 379.179377 464.665471 418.960619 316.404804 351.920446 273.541587 192.387630 186.681547 99.538937 312.065698 315.901884 40.447497 411.946598 5.385165 
230.000000 7.000000 4.000000 a 270.691707 266.176633 115.312619 60.671245 67.742158 220.531177 102.420701 93.263069 250.353750 240.187427 202.299283 181.573677 255.068618 35.805028 122.004098 164.906034 145.248064 117.720007 69.065187 290.630349 252.051582 126.905477 173.000000 128.003906 125.227792 208.338667 276.226356 141.661569 278.657496 186.171964 254.809733 88.543774 64.536811 148.276768 145.206749 207.624661 272.200294 80.603970 181.747077 178.160040 153.169840 52.345009 72.945185 158.113883 165.858373 15.297059 42.190046 182.463695 138.405202 195.880065 174.132134 175.960223 63.324561 78.262379 137.010948 79.881162 242.167298 308.473662 260.679880 232.245560 216.226733 155.128979 84.599054 46.818800 157.714933 194.794764 159.248234 195.064092 253.160028 157.724443 
242.000000 1.000000 3.000000 a 257.235301 319.001567 79.906195 120.933866 51.662365 308.690784 151.558570 128.724512 277.281445 335.276006 282.667649 163.783394 307.616645 126.751726 181.474516 203.002463 109.000000 171.493440 55.154329 355.688066 329.620994 174.656806 266.129668 92.265920 179.961107 249.825939 371.651719 236.177899 366.456000 213.100915 327.365239 149.773162 72.917762 192.753729 229.706334 248.072570 338.533602 79.404030 272.249885 271.641308 130.862523 148.121572 163.783394 251.029879 237.699390 81.055537 123.369364 241.356583 85.158675 272.882759 160.953409 266.627080 99.809819 134.272112 206.349219 54.083269 263.797271 392.800204 321.076315 198.841646 311.849323 249.929990 173.219514 91.301698 176.663522 193.310631 218.247566 159.906223 333.361665 114.738834 
137.000000 3.000000 1.000000 a 501.327238 325.854262 449.464125 365.759484 421.010689 182.386951 370.681804 374.994667 400.821656 126.194295 263.643699 461.963202 325.651654 338.178947 327.184963 362.498276 480.168720 339.795527 420.058329 279.415461 223.035872 348.367622 215.081380 468.700331 335.477272 390.000000 89.050547 233.925202 151.211772 416.592127 246.611030 339.011799 413.020581 350.703579 251.857102 357.945527 273.122683 413.240850 201.427406 192.841904 454.686705 313.312943 306.414752 228.238910 277.856078 379.616912 347.713963 310.035482 487.016427 246.483265 452.200177 205.730406 391.214775 365.625491 298.484505 429.196924 411.601749 169.011834 297.430664 513.245555 148.273396 220.204450 302.238317 379.189926 422.616848 442.416094 315.545559 512.890827 209.009569 494.064773 
223.000000 8.000000 4.000000 a 328.876877 382.920357 152.069063 118.511603 117.630778 350.274178 129.522199 193.132079 347.311100 363.064733 270.512477 235.790161 371.529272 146.778745 240.584704 269.651627 40.162171 232.422030 121.671689 414.772227 381.072172 237.741456 274.657969 29.000000 240.840196 206.787330 397.397786 250.059993 408.333197 164.054869 382.154419 206.867107 70.519501 257.402409 275.181758 314.925388 396.868996 147.732867 310.885831 305.026228 202.940878 173.626035 176.705970 259.849957 292.138666 116.017240 135.594985 302.054631 13.038405 324.445681 233.117996 305.063928 92.541882 123.146255 261.629509 123.713378 334.504111 438.554444 382.062822 268.365423 337.360341 264.047344 181.727818 147.898614 127.404866 265.414770 278.485188 88.090862 382.800209 43.000000 
170.000000 6.000000 2.000000 a 232.551070 88.566359 219.829479 241.588493 216.067119 87.658428 275.230812 143.178211 136.473441 161.220346 284.803441 203.246156 80.808415 197.767540 86.769810 98.508883 341.474743 98.488578 213.063371 95.015788 65.969690 100.284595 209.258214 323.989197 90.620086 362.227829 191.637679 185.607112 126.301227 357.974859 60.216277 117.413798 260.823695 92.347171 67.268120 89.587946 76.321688 193.662077 89.944427 113.635382 205.292474 174.132134 197.040605 204.787695 30.479501 208.278659 214.294190 42.201896 332.352223 23.345235 194.092761 90.376988 255.726416 254.521119 61.073726 217.680959 144.627107 137.615406 71.021124 249.903982 159.260792 186.271308 205.681793 176.640879 339.328749 177.485211 55.731499 391.203272 74.242845 353.713161 
117.000000 7.000000 4.000000 a 417.900706 227.659834 403.050865 363.389598 386.432400 124.454811 380.753201 324.858431 310.306300 124.470880 310.412629 395.921709 229.993478 326.259099 269.981481 291.254185 478.483020 282.936389 384.438552 174.748391 132.185476 288.249892 240.507796 463.896540 276.523055 428.882268 109.004587 244.034834 68.359345 444.896617 152.161099 291.672762 402.087055 284.142570 204.215572 275.036361 172.707846 371.052557 161.384634 167.725967 396.045452 298.886266 303.713681 248.638291 212.084889 358.079600 339.754323 234.559161 478.565565 175.002857 386.684626 167.155616 386.047924 368.741102 240.010416 391.716734 323.839466 62.649820 199.922485 442.227317 150.894003 233.362379 304.401051 343.547668 441.303750 369.675533 247.129521 519.816314 120.220631 492.215400 
217.000000 8.000000 3.000000 a 73.164199 129.294238 203.769478 330.732520 239.269722 266.745197 372.210962 177.101666 44.294469 340.383607 433.847900 126.245792 124.919974 294.015306 167.720005 113.547347 387.981958 163.600122 235.153142 187.299226 224.055797 151.380316 367.923905 369.891876 159.702849 476.319221 370.936652 337.646265 295.771872 456.483297 202.358593 190.465220 320.315469 132.517923 225.290923 91.350972 183.521116 209.121974 265.437375 286.803068 155.640612 283.550701 314.569547 359.122542 181.813091 273.007326 307.995130 143.087386 367.049043 202.726417 125.239770 264.342581 331.024168 348.048847 179.602339 231.157955 35.608988 292.138666 155.283611 132.018938 336.144314 343.257921 326.974005 226.019911 427.004684 90.376988 149.789853 440.500851 237.531051 395.818140 
136.000000 1.000000 1.000000 a 244.266248 75.643903 246.237690 268.419448 244.075808 85.802098 301.094669 170.417135 140.900674 162.289864 302.200265 224.180731 71.021124 224.664194 114.389685 119.339851 369.541608 125.706006 241.018671 68.541958 43.104524 126.463433 224.982222 352.115038 117.618026 385.389413 188.862384 204.088216 111.615411 382.962139 32.249031 145.602198 288.854635 116.180893 90.138782 100.578328 49.769469 221.162836 100.439036 124.951991 228.886435 200.369658 221.921157 222.081066 58.694122 236.444497 241.138964 62.649820 360.627231 35.227830 215.392665 102.420701 283.213700 280.893218 89.375612 245.415973 152.069063 116.155069 51.788030 268.167858 165.051507 203.157574 229.897803 204.899976 365.406623 195.655309 80.993827 419.058468 54.571055 381.844209 
174.000000 9.000000 2.000000 a 315.268140 351.604892 137.524543 81.024688 94.047860 311.785182 98.843310 164.395864 322.262316 323.867257 238.144914 221.144749 340.270481 107.563934 207.761883 241.350368 56.364883 200.663898 98.152942 380.654699 344.398026 207.183494 237.075937 38.013156 208.925824 189.380569 358.280616 211.603403 369.770199 150.943698 346.485209 173.677863 31.320920 227.635674 237.606818 286.356421 362.492759 124.149104 272.154368 265.919161 188.215302 134.461891 137.931142 222.144097 256.844311 79.208585 96.540147 269.364066 46.043458 288.043400 217.002304 266.326867 55.081757 88.073833 226.909674 103.174609 310.742659 400.499688 349.012894 260.049995 298.211334 225.621364 143.502613 116.361506 114.236597 246.894714 245.772252 109.004587 345.615393 67.119297 
223.000000 7.000000 5.000000 a 369.135476 172.965314 413.240850 427.263385 413.265048 186.593140 454.657014 339.053093 258.627145 232.793900 417.432629 378.565714 181.408379 384.667389 283.478394 279.100340 534.580209 294.477503 410.201170 117.443603 137.887635 294.105423 340.473200 517.696822 286.232423 523.688839 232.215417 332.741642 142.874070 530.457350 137.058382 314.682380 454.017621 280.878977 246.272207 244.787663 130.545011 389.997436 226.214500 244.658946 389.864079 358.263869 373.636187 344.158394 227.002203 402.865983 400.565850 227.200352 527.671299 194.000000 371.064684 231.397926 445.179739 437.305385 258.211154 414.468334 276.134025 103.812331 155.360870 412.975786 253.568531 325.926372 378.600053 373.803424 518.822706 344.188902 248.565887 582.310055 138.683092 547.366422 
129.000000 2.000000 1.000000 a 279.651569 251.406046 138.679487 67.067131 95.519631 191.230228 105.076163 98.086696 246.073160 208.136974 181.157390 195.304890 240.659511 24.186773 110.887330 160.153052 170.082333 110.004545 96.005208 270.453323 227.114509 121.103262 143.923591 153.837577 116.211015 205.878605 244.106534 111.628849 249.200722 190.517716 232.002155 81.098705 90.443352 142.003521 118.802357 199.642180 251.765764 101.400197 151.647618 146.731046 169.994118 21.931712 49.678969 129.356098 145.499141 47.381431 40.261644 167.630546 166.532279 172.104619 186.935818 145.825238 80.603970 82.000000 119.402680 106.620823 240.104144 280.273081 242.917682 248.316331 184.089652 124.723695 62.625873 63.126856 166.760307 202.765875 145.523194 217.414351 227.070474 183.221178 
115.000000 1.000000 4.000000 a 237.320458 231.294185 97.508974 97.128780 62.032250 202.081667 138.610966 57.070132 213.138453 233.008584 225.144398 151.433154 220.065899 63.158531 86.833173 127.738013 176.963273 81.344945 61.032778 259.023165 225.639092 89.988888 183.961953 159.028299 89.157165 243.577503 270.007407 150.721598 259.832638 223.035872 225.887140 52.773099 97.529483 111.323852 123.166554 170.765922 240.919074 59.481089 166.171598 167.505224 125.992063 64.443774 93.722996 169.955877 135.830777 44.283180 75.186435 148.189068 166.243797 168.807583 143.209637 160.639348 100.224747 114.437756 105.418215 70.455660 205.060967 286.665310 227.501648 204.276773 211.463945 162.874185 106.667708 21.189620 194.928192 160.704698 124.679589 228.265197 228.326521 188.600106 
141.000000 3.000000 1.000000 a 422.895968 434.728651 246.109732 117.183617 199.424171 359.011142 88.391176 259.794149 419.058468 347.466545 202.869416 328.867755 423.812459 161.012422 291.564744 334.408433 75.006666 287.772480 203.354370 453.714668 405.848494 296.863605 238.000000 84.380092 295.203320 103.247276 375.981383 225.639092 413.658071 57.384667 413.512999 258.520792 115.039124 318.209051 297.899312 377.630772 434.957469 228.035085 318.064459 304.059205 296.195881 185.399569 168.884576 225.878286 329.150422 163.771182 144.474911 350.796237 103.077641 353.307232 324.044750 312.507600 106.737997 105.118980 303.191359 210.052374 409.575390 449.360657 426.812605 369.330475 320.263954 237.693079 165.469030 210.011904 30.805844 352.051133 328.074687 68.183576 403.600050 81.215762 
123.000000 2.000000 2.000000 a 546.400037 386.260275 469.086346 358.139638 433.416659 230.202085 353.696197 400.406044 453.521775 157.546818 226.592145 495.154521 384.246015 339.241802 360.013889 402.905696 466.744041 371.651719 433.240118 345.891602 283.480158 381.937168 202.009901 457.930126 368.978319 350.656527 125.992063 229.706334 215.501740 383.897122 307.683279 364.522976 409.001222 388.485521 284.597962 406.527982 336.808551 431.337455 236.171548 220.036361 482.808451 318.058171 303.371060 217.000000 319.524647 384.880501 345.283941 355.800506 478.210205 294.105423 485.309180 238.907932 384.157520 354.031072 334.031436 443.298996 461.982684 241.049787 358.263869 548.733997 168.620877 215.837902 296.027026 394.366581 396.702659 481.007276 356.422502 492.220479 269.408612 480.283250 
Type de surveillance de chaque endroit(target):tab[nombre de target]
a a a a a a a a a a a a a a a a a a a a a a a a a a a a a a a a a a a a a a a a a a a a a a a a a a a a a a a a a a a a a a a a a a a a a a 