Nombre des capteurs:
30
Nombre des targets:
30
Nombre de type de surveillance:
1

Caracteristiques:
163.000000 9.000000 5.000000 a 306.726262 434.446775 373.037532 192.720004 294.090122 254.125953 286.923335 223.271136 314.128954 179.877736 302.352443 459.152480 43.000000 404.604745 304.105245 383.689979 154.434452 386.745394 153.561063 447.071583 300.467968 243.199507 387.769261 408.221753 488.466990 77.524190 248.356598 138.177422 243.526179 222.389298 
107.000000 4.000000 2.000000 a 227.299362 286.555405 227.431308 80.529498 146.112970 107.377838 153.561063 169.434353 167.191507 120.074977 222.991031 317.529526 105.380264 277.893865 157.257750 239.365829 59.228372 239.102488 59.439044 301.039864 183.207533 96.166522 252.239965 260.654944 342.242604 70.455660 103.368274 10.049876 160.464949 85.586214 
138.000000 6.000000 1.000000 a 168.671278 372.081980 299.055179 219.385505 246.617112 225.257630 286.457676 82.807005 277.308492 56.222771 164.541788 367.396244 130.698125 292.328582 268.776859 353.362420 89.202018 338.687171 88.408144 406.765289 321.403174 194.115945 379.138497 342.940228 410.147534 120.702113 189.973682 132.853303 297.058917 154.382642 
268.000000 3.000000 4.000000 a 295.330324 240.784136 205.104851 34.000000 115.108644 71.196910 62.128898 256.820949 113.991228 212.473528 291.547595 301.240767 184.097800 294.811804 105.209315 166.904164 153.938299 184.317661 154.486245 232.594067 82.134037 101.000000 162.431524 221.616786 307.585760 155.347996 116.103402 109.123783 80.411442 130.384048 
157.000000 5.000000 2.000000 a 361.912973 70.213959 137.931142 281.042701 172.791782 207.195560 188.809428 384.046872 147.339743 366.750596 360.767238 164.939383 418.001196 243.895469 157.257750 81.043198 334.741691 79.056942 335.715653 15.652476 210.772389 226.715681 115.260574 93.085982 119.707978 384.130186 228.300241 324.556621 288.916943 263.501423 
121.000000 5.000000 4.000000 a 425.067054 243.583661 256.643722 181.818591 200.039996 186.131674 114.934764 403.193502 170.950285 363.275378 421.969193 336.582828 330.820193 374.192464 171.303824 147.122398 307.416655 192.720004 308.058436 191.400104 73.539105 226.019911 91.923882 242.330353 313.057503 306.471858 239.002092 264.699830 131.026715 267.016853 
108.000000 2.000000 4.000000 a 92.956979 331.698658 255.884740 242.860042 224.964442 218.036694 287.341261 7.071068 258.605878 46.000000 88.865066 310.581712 195.777935 226.417755 251.872984 332.231847 106.066017 308.369908 105.929222 377.190933 330.334679 179.961107 368.408740 302.332598 359.388369 176.323566 170.414201 162.889533 324.075608 136.883162 
288.000000 1.000000 3.000000 a 352.625864 58.309519 128.549601 282.809123 169.567096 206.038831 192.200416 377.033155 146.030819 361.225691 351.592093 151.990131 417.172626 232.071110 156.051274 84.581322 331.049845 74.966659 332.031625 23.853721 216.889373 223.450218 124.084649 82.734515 106.920531 383.011749 224.198573 323.055723 294.212508 259.030886 
152.000000 9.000000 1.000000 a 286.006993 182.167505 184.910789 412.950360 274.652508 320.357613 355.009859 355.967695 281.087175 371.840019 288.006944 90.210864 494.974747 135.329228 287.800278 277.411247 378.857493 232.544619 379.760451 247.822517 399.021303 306.419647 334.669987 183.068293 120.037494 460.913224 295.601083 404.969135 460.619149 313.158107 
229.000000 5.000000 1.000000 a 325.313695 85.428333 113.600176 211.624668 112.698713 140.890028 119.970830 334.400957 82.565126 311.014469 323.445513 179.847157 350.321281 233.205918 91.923882 12.806248 273.247141 39.623226 274.191539 54.451814 146.986394 165.275528 68.447060 86.469648 155.724115 316.910082 169.496313 258.118190 222.811580 205.272989 
189.000000 8.000000 2.000000 a 171.746907 255.096060 187.672587 123.405835 121.840059 99.809819 165.423698 126.317061 151.396830 85.146932 167.585799 271.088546 148.946299 222.029277 142.695480 227.437904 40.447497 215.745220 41.436699 282.688875 206.661559 68.352030 253.805043 227.008810 302.988449 114.908659 66.610810 63.600314 204.071066 34.713110 
261.000000 2.000000 1.000000 a 463.906241 219.002283 260.578203 266.692707 237.033753 241.979338 179.724790 458.911756 203.088651 425.913137 461.533314 318.001572 418.560629 380.090779 208.216234 142.337627 376.085097 186.510053 376.872658 149.856598 158.445574 278.689792 91.263355 229.836899 278.341517 390.988491 288.425034 342.141783 228.265197 321.827594 
278.000000 6.000000 5.000000 a 289.394195 321.297370 271.516114 60.207973 182.989071 137.419067 155.823618 227.002203 194.794764 176.102243 285.049119 365.547535 93.021503 335.483234 184.889156 257.701378 117.345643 268.246156 117.273185 322.795601 167.943443 142.611360 256.142538 298.236483 383.019582 70.724819 153.717273 61.000000 119.854078 144.267113 
245.000000 6.000000 4.000000 a 115.004348 248.131014 173.787226 179.069819 136.029409 133.360414 204.377102 88.459030 169.799882 70.576200 111.004504 242.684981 192.961136 177.369670 163.355441 243.213898 74.330344 220.492630 75.073298 289.375189 250.710989 93.813645 280.303407 218.769285 284.086255 161.941347 82.619610 119.406867 258.379566 52.554733 
174.000000 7.000000 5.000000 a 150.266430 177.158121 122.000000 309.095455 185.067555 222.847481 278.115084 215.956014 206.518764 233.154455 151.604749 105.309069 365.256075 5.099020 208.952148 241.049787 246.854208 195.726850 247.681247 246.876487 328.344331 196.369550 298.690475 156.262599 165.653252 332.669506 182.537667 281.460477 372.335870 189.589029 
170.000000 9.000000 3.000000 a 110.652610 236.966242 162.049375 184.878338 130.176803 132.230859 203.538694 95.441081 164.201096 83.096330 106.920531 229.106962 206.155281 163.615403 158.382449 236.239285 87.458562 211.482860 88.238314 280.321244 251.097591 92.309263 275.535842 207.562039 271.265553 174.691156 79.649231 130.000000 263.001901 54.332311 
101.000000 9.000000 1.000000 a 268.126836 70.007142 58.137767 201.246118 73.006849 114.477072 126.063476 282.490708 57.706152 263.873076 266.413213 140.890028 324.006173 178.241409 67.119297 61.684682 233.283090 24.186773 234.269076 93.059121 168.077363 126.321020 118.827606 50.931326 136.400147 289.262856 126.301227 228.709423 233.413796 161.046577 
120.000000 3.000000 1.000000 a 223.647043 161.793078 139.463257 359.402282 224.116041 268.001866 310.885831 291.487564 236.211769 307.175845 225.375243 64.031242 432.862565 70.710678 241.505694 247.945559 315.824318 200.960195 316.708067 233.345238 358.022346 249.617708 307.001629 152.472948 120.933866 399.205461 237.693079 344.607023 413.323118 252.257805 
178.000000 7.000000 1.000000 a 346.208030 187.096232 184.358347 131.468627 120.838736 109.293184 41.231056 328.184399 93.005376 291.158033 343.185081 271.503223 282.764920 298.613463 92.439169 92.849340 238.673417 130.357202 239.420133 154.051939 41.400483 148.717854 66.030296 178.734440 258.311827 253.663162 160.996894 203.420746 119.507322 190.829767 
209.000000 4.000000 2.000000 a 195.734514 458.904129 383.270140 327.365239 345.059415 329.370612 393.242927 131.244047 377.510265 146.727639 193.256306 436.231590 218.888099 347.001441 369.709345 452.951432 195.869855 432.921471 195.166596 501.780829 429.439169 295.169443 483.259765 429.504366 486.564487 220.056811 288.534227 240.865107 404.051977 252.958495 
225.000000 1.000000 3.000000 a 155.640612 147.989865 83.570330 269.057615 142.442971 181.176709 235.372046 206.409787 163.884105 214.394496 155.756220 99.609237 335.451934 43.011626 166.207701 201.814271 218.689277 157.889202 219.585974 214.140141 285.590616 156.821555 258.495648 123.458495 152.856142 301.802916 143.680200 247.693359 330.384624 155.241747 
224.000000 7.000000 2.000000 a 311.045013 316.483807 272.618781 45.880279 182.222392 135.624482 140.288987 252.507426 188.957667 202.094038 306.778422 368.110038 118.713942 345.845341 179.426865 245.967478 142.126704 261.354166 142.172431 311.636006 145.206749 148.822041 238.472221 295.237193 380.938315 99.357939 161.644672 85.094066 91.241438 158.344561 
116.000000 9.000000 4.000000 a 188.430358 119.854078 45.276926 201.419959 68.352030 110.113578 160.853971 209.468375 90.022219 199.100477 186.810064 129.769026 290.396281 117.388245 91.787799 139.186925 182.584227 102.591423 183.575598 169.144908 211.092397 94.047860 191.650724 90.443352 159.138305 255.384025 84.534017 196.473917 257.619875 109.444050 
290.000000 1.000000 2.000000 a 183.861361 384.707681 312.257906 221.812984 257.163372 233.692105 292.849791 97.948966 287.167199 71.021124 179.769297 381.996073 122.200655 307.761271 278.409770 363.199670 97.128780 350.000000 96.254870 417.742744 325.976993 204.083316 387.113678 355.675414 424.018868 116.180893 200.810856 135.591298 297.894277 165.520391 
251.000000 3.000000 5.000000 a 93.520051 352.557797 276.539328 266.956925 249.303028 243.213898 312.579590 24.839485 283.068896 68.447060 90.077744 326.459798 210.641876 238.302329 276.501356 356.237280 129.294238 331.253679 129.073622 399.952497 355.494022 205.000000 393.214954 323.289344 377.243953 194.177754 195.207582 185.607112 348.080450 161.969133 
268.000000 8.000000 5.000000 a 163.232962 179.047480 108.115679 158.344561 66.610810 81.006173 149.642908 160.000000 100.603181 140.406553 160.327789 191.083751 228.081126 153.808322 95.718337 171.592541 118.827606 148.033780 119.820699 216.898594 199.832430 46.173586 212.407627 150.083310 222.894594 193.328736 31.384710 136.003676 227.343353 45.880279 
293.000000 7.000000 2.000000 a 153.052279 145.086181 71.421285 235.535560 111.628849 148.384635 205.204776 190.252464 136.033084 191.316492 152.200526 120.070812 304.711339 75.584390 137.178716 182.778555 189.409609 142.358702 190.339171 204.707108 255.884740 123.223374 236.966242 117.290238 165.221064 270.651067 110.113578 215.418198 297.880849 123.146255 
175.000000 6.000000 4.000000 a 197.952014 452.305207 377.058351 312.200256 335.196957 317.616120 380.269641 127.475488 367.185239 136.850283 195.143537 433.415505 201.099478 346.417378 359.137857 442.928888 182.784026 424.414891 182.035711 493.170356 415.390178 284.397609 471.640753 422.895968 482.348422 203.002463 278.469029 225.842866 388.171354 242.736483 
286.000000 1.000000 2.000000 a 181.958787 116.387285 47.423623 246.611030 113.159180 155.595630 204.022058 221.269067 130.816666 221.020361 181.397354 92.179173 327.983231 76.059187 134.201341 165.420676 215.127869 121.630588 216.085631 179.613474 253.450192 137.360839 222.272355 89.872131 134.350288 293.393933 126.210142 236.171548 302.768889 145.413204 
161.000000 5.000000 3.000000 a 99.322706 208.403455 132.412235 218.130695 130.172962 148.337453 217.175045 122.482652 162.815847 125.936492 97.082439 186.067192 254.434667 115.104301 159.699718 226.631860 135.801325 193.876249 136.605271 260.969347 267.434104 111.112556 273.622002 179.412932 233.117996 222.481460 96.046864 174.622450 291.755034 87.321246 
Type de surveillance de chaque endroit(target):tab[nombre de target]
a a a a a a a a a a a a a a a a a a a a a a a a a a a a a a 