Nombre des capteurs:
20
Nombre des targets:
100
Nombre de type de surveillance:
1

Caracteristiques:
113.000000 3.000000 3.000000 a 82.855296 455.179086 392.256294 200.202398 370.724965 451.846213 485.182440 298.613463 154.738489 280.401498 493.568638 296.168871 368.982384 214.219514 264.439029 529.849979 388.579464 223.573254 403.218303 372.323784 439.396177 339.425986 412.825629 334.252898 297.417215 353.005666 346.382736 452.603579 52.630789 214.410821 443.527902 420.594817 512.465609 304.174292 179.694185 178.443268 204.012255 76.419893 243.402958 223.660457 499.225400 558.028673 490.102030 172.568827 369.151730 271.118055 417.834896 321.006230 365.636431 540.703246 344.815893 481.601495 391.203272 68.154237 364.516118 415.481648 376.311042 274.417565 465.213929 271.073791 158.445574 190.588562 295.025423 438.881533 176.465294 426.878203 346.878941 456.773467 380.678342 280.130327 315.762569 369.542961 374.476969 116.211015 200.870605 295.000000 425.403338 295.001695 247.406548 197.202941 454.138745 311.314953 426.568869 218.341476 287.960067 407.653039 428.914910 315.296686 438.734544 459.619408 197.648678 454.459019 89.403579 111.825757 484.381048 467.359605 243.343379 373.792723 224.321198 151.476071 
140.000000 5.000000 5.000000 a 52.000000 353.865794 339.346431 198.237232 242.074369 330.847397 352.829987 183.839604 30.016662 293.155249 412.685110 268.411997 286.008741 225.577038 274.133179 432.023148 369.914855 201.405064 269.258240 239.470249 307.200260 227.844245 323.706657 238.096619 260.909946 235.669260 231.672182 382.001309 85.375641 161.755989 317.039430 292.138666 383.512712 188.279048 57.384667 138.755180 137.360839 118.258192 114.017543 137.131324 377.047742 451.128585 359.673463 44.777226 300.426364 254.848975 289.228284 254.436633 268.001866 421.413099 345.637093 371.194019 257.932162 98.508883 254.348187 352.036930 258.118190 151.433154 354.193450 210.646624 39.319207 57.489129 184.024455 368.000000 134.629120 362.794708 269.046464 388.032215 245.904453 148.660687 318.209051 311.269979 311.647236 29.154759 66.241981 271.919106 309.962901 271.464546 147.800541 159.881206 376.830200 280.471032 322.691803 89.140339 158.391919 332.150568 387.093012 223.304725 320.370098 392.103303 200.838243 380.257807 52.000000 109.772492 362.229209 407.592934 108.706026 242.123935 218.487986 49.091751 
170.000000 1.000000 5.000000 a 128.316016 264.578911 234.360833 125.590605 275.050904 265.663321 317.515354 112.605506 125.865007 213.908859 312.217873 170.651692 185.153990 155.666310 195.166596 340.424735 271.359540 114.039467 277.093847 212.896689 272.985348 149.933319 226.108381 144.003472 160.377679 166.400120 158.256122 278.460051 141.421356 63.702433 263.706276 321.362723 335.059696 118.726577 143.178211 59.665736 36.235342 129.468143 166.964068 34.205263 313.292196 366.946863 316.483807 74.793048 196.002551 163.355441 242.668498 149.482440 175.316856 352.320876 255.976561 290.657874 271.459021 125.399362 174.155103 247.291326 189.620674 101.414989 274.404810 106.042444 68.007353 89.274856 106.667708 264.425793 56.089215 258.156929 166.207701 284.176002 245.589088 186.196133 231.041122 206.194083 206.700266 93.770998 102.532922 175.855054 236.190601 175.236982 56.639209 72.945185 274.925444 180.944743 235.535560 150.655236 127.251719 229.366519 282.846248 126.087271 250.890414 288.062493 131.244047 277.519369 110.385687 93.813645 298.638578 302.729252 123.004065 264.969810 138.311243 150.960260 
220.000000 7.000000 2.000000 a 397.404076 196.400102 351.069794 410.019512 212.983567 92.357999 16.643317 198.657998 337.415175 467.001071 295.677189 385.876923 256.189383 436.010321 453.158913 240.636656 445.633257 381.903129 147.410990 108.903627 41.400483 178.227383 238.872351 222.575830 366.922335 153.551294 165.366260 316.425347 426.010563 335.554765 58.240879 209.057408 45.122057 192.346042 323.488794 357.962289 320.477768 432.902991 269.462428 288.321002 90.338253 211.804155 16.278821 306.080055 298.760774 403.001241 65.734314 300.166620 210.440015 131.244047 472.771615 157.813181 163.110392 423.095734 169.755707 326.741488 136.033084 207.966343 150.894003 315.192005 320.062494 289.705022 208.146583 310.228948 355.928364 328.709598 271.035053 324.679842 136.312142 237.356272 461.650301 328.841907 316.951100 362.270617 282.124086 395.790349 128.035151 394.792350 257.963176 358.586112 292.911249 383.199687 181.648011 287.067936 190.541334 285.212202 399.566015 239.033470 110.059075 330.189340 417.432629 304.332055 389.124659 400.249922 86.023253 360.513523 241.207380 187.579317 409.591260 355.105618 
217.000000 9.000000 1.000000 a 442.899537 298.095622 135.484316 260.572447 577.172418 394.202993 500.936124 348.810837 465.150513 187.072179 223.080703 172.525360 232.725160 246.456893 199.090432 306.104557 72.034714 243.680118 549.228550 455.923239 475.903352 332.831789 246.142235 282.605732 180.227634 355.578402 344.569296 178.361991 434.079486 279.164826 426.757542 612.412443 478.850707 351.876399 483.649667 303.981907 305.004918 385.695476 498.934865 316.526460 420.576985 362.067673 481.394848 415.245710 190.829767 191.133461 433.004619 212.136748 280.743655 422.143341 121.823643 347.334133 552.254470 401.646611 326.381678 158.145503 361.354397 380.636309 345.144897 237.966384 407.413795 427.889004 337.379608 179.644093 307.826250 157.695910 225.800797 171.746907 515.097078 507.026627 148.569849 162.409975 171.965113 420.297514 439.476962 170.141118 356.545930 170.449406 325.829710 282.194968 202.940878 160.224842 304.253184 487.345873 410.131686 199.449242 85.094066 277.043318 375.133310 167.430583 262.480475 191.509791 422.601467 358.276430 413.881626 140.014285 445.637745 558.068096 236.408545 489.115528 
175.000000 2.000000 3.000000 a 216.898594 173.626035 193.600103 183.991848 255.876924 172.803356 238.436574 31.048349 190.394328 248.919666 236.008474 177.002825 113.780490 210.608642 233.070805 251.406046 262.419511 157.050947 235.238177 150.136604 197.253644 55.605755 145.124085 59.000000 159.677801 75.239617 65.368188 213.466625 234.648674 109.444050 176.173210 293.724361 247.776109 36.496575 196.040812 134.238594 96.607453 223.664928 187.619295 66.287254 220.227155 273.748059 232.606965 137.673527 141.777995 186.271308 160.461833 109.622078 87.475711 257.856549 269.473561 196.229458 235.308308 220.238507 79.309520 192.626582 97.529483 59.405387 179.805450 98.351411 141.989436 137.091211 19.235384 200.092479 132.823191 201.675482 104.694795 220.707952 200.823305 188.151535 251.730014 163.682620 158.294030 179.847157 142.284925 185.884373 141.598023 184.954048 38.209946 132.698907 203.420746 179.824915 143.125819 183.414830 88.391176 162.742127 247.842692 49.979996 157.003185 225.583687 191.366141 208.952148 201.188966 186.807387 205.798445 247.080958 131.673839 238.002101 185.024323 216.122650 
262.000000 7.000000 2.000000 a 336.703133 251.793566 81.344945 158.028478 481.959542 332.067764 432.030092 256.019531 358.669765 105.683490 210.983412 65.787537 161.245155 149.110697 110.072703 286.714143 37.013511 137.873130 460.479098 370.293127 400.705628 248.696602 191.512402 198.517002 74.330344 273.344105 261.467015 157.155973 329.293182 172.626765 358.308526 520.384473 419.314917 260.019230 377.690349 197.327140 198.829072 282.708330 395.915395 212.424104 367.066751 338.998525 416.273948 309.386490 120.104121 87.091905 358.131261 120.768373 205.975727 380.110510 64.513564 301.303833 461.566897 297.437388 248.652368 118.308918 284.017605 283.621226 294.244796 135.148067 301.059795 322.837420 244.073759 149.883288 201.136769 125.670203 145.523194 155.080624 426.004695 406.616527 72.180330 91.049437 104.120123 313.555418 334.910436 64.132675 292.225940 64.327288 224.859956 175.513532 175.960223 53.712196 247.008097 383.046995 314.249901 148.475587 80.622577 187.829710 312.083322 153.941547 161.049682 167.705098 316.355812 253.339693 357.453493 142.130222 344.005814 464.655787 134.000000 382.472221 
123.000000 5.000000 3.000000 a 276.703813 267.675176 119.970830 95.084173 446.471724 332.019578 423.367453 228.980349 304.332055 63.694584 249.158584 23.021729 166.643332 87.361319 58.258047 316.526460 94.593869 77.620873 432.658064 347.610414 387.366751 232.499462 206.864690 186.217615 42.011903 257.815826 245.652193 196.580772 267.507009 120.507261 352.115038 488.190537 418.431595 234.008547 325.262971 139.542108 147.989865 220.004545 350.052853 167.886867 372.236484 364.540807 411.098528 257.856549 134.182711 24.515301 346.317773 110.548632 202.800394 392.746738 73.239334 314.455084 431.613253 235.255181 239.169396 154.857999 272.888256 249.593670 304.384625 99.724621 247.735746 273.470291 216.946998 186.131674 143.589693 164.830216 144.544111 196.824795 398.389257 364.978082 53.851648 113.225439 125.095963 255.853474 286.574598 13.000000 292.249893 14.000000 186.590461 118.207445 210.237960 31.384710 255.391856 334.790980 280.893218 172.362989 139.176147 170.299736 312.169826 197.190263 98.045908 204.560504 256.493665 191.658551 360.817128 192.605815 301.280600 431.542582 71.007042 327.085616 
261.000000 3.000000 5.000000 a 398.282563 182.148291 44.102154 241.373155 481.049893 279.551426 387.303499 255.162693 402.951610 208.060087 114.560028 144.312162 127.349912 240.840196 209.976189 195.971937 105.603030 212.812124 446.310430 351.688783 364.852025 230.729279 131.928011 183.218449 138.740765 251.071703 241.132744 64.124878 398.502196 227.055059 313.542661 512.041014 363.352446 256.912436 416.480492 260.192237 247.267062 358.934534 419.200429 247.648945 304.690006 251.177228 366.870549 349.493920 91.065910 174.244082 322.297999 130.080744 174.091930 306.780052 163.682620 231.417372 451.169591 369.660655 219.658826 45.000000 253.314034 291.741324 229.264040 173.046237 345.752802 357.393341 244.969386 63.788714 263.093139 42.154478 128.471787 58.855756 412.952782 420.733883 175.385290 72.277244 74.732858 368.761441 366.547405 149.053682 242.837394 148.647233 247.426757 239.534966 88.022724 128.875909 189.475592 412.059462 318.403832 86.284413 33.136083 183.504768 260.863949 55.785303 246.343256 77.025970 378.160019 324.581269 298.223071 38.897301 363.606931 459.918471 219.494875 428.556881 
217.000000 6.000000 1.000000 a 298.457702 204.088216 317.472833 331.006042 149.616176 119.067208 105.118980 120.208153 237.655212 399.996250 301.532751 325.852727 220.843836 359.112796 384.104153 271.648670 402.087055 306.719742 100.424101 10.440307 59.405387 120.440857 222.146348 171.046777 307.709278 97.082439 108.226614 305.119649 327.905474 256.007812 85.702975 168.629772 139.402296 114.586212 224.200803 272.767300 236.611496 338.337110 172.791782 204.352636 152.610616 262.274665 113.278418 207.547585 261.910290 337.136471 53.758720 247.872951 173.233946 200.878072 417.432629 187.114938 108.406642 327.012232 127.561750 302.372287 94.921020 116.297033 172.696265 248.622203 222.146348 190.420587 131.848398 295.237193 270.148108 307.657277 227.264163 313.576147 69.771054 143.961800 401.519613 290.396281 280.750779 263.948859 182.452734 335.161155 127.812362 334.200539 175.025712 277.180447 285.408479 326.718533 176.875663 188.671672 93.621579 262.360439 370.826105 180.941980 122.376468 319.214661 338.036980 295.325244 291.034362 307.709278 139.903538 347.570137 141.449638 124.310096 334.723767 255.618857 
110.000000 2.000000 5.000000 a 143.136299 249.929990 221.711524 126.372465 275.768018 253.211374 308.423410 101.118742 137.786066 211.177650 297.511344 162.606888 170.425937 156.208194 192.751135 325.631694 262.406174 110.941426 274.233477 206.072803 264.370952 136.780847 211.248669 129.251692 151.162165 154.207652 145.602198 264.229067 156.118545 58.249464 252.685575 321.068529 324.237567 107.354553 153.521985 63.000000 31.304952 142.341140 172.557237 19.416488 300.800598 352.512411 306.400065 85.234969 182.098874 157.746632 232.690782 136.066160 160.589539 339.165152 250.049995 276.588141 269.467994 139.312598 160.527256 233.619349 177.282261 94.339811 260.432333 94.339811 80.411442 97.349884 94.302704 250.199920 60.074953 244.401309 151.743204 270.046292 241.993802 189.156020 226.019911 193.196791 193.256306 108.342051 109.635761 168.439900 222.928240 167.764716 43.278170 72.124892 260.363208 172.046505 221.056554 157.892368 122.147452 214.932548 271.007380 111.233988 238.027309 274.001825 132.574507 263.096940 125.251746 105.801701 286.220195 289.171230 125.399362 264.378517 136.693087 163.248277 
213.000000 3.000000 3.000000 a 307.702779 89.106678 128.502918 222.712820 326.075145 142.031687 241.366941 108.415866 287.179386 253.600079 139.089899 168.344884 31.304952 241.118228 243.129595 161.136588 220.204450 189.211522 289.249028 194.609866 212.614675 75.166482 48.093659 38.118237 149.642908 94.047860 84.504438 122.155638 320.789651 162.788206 167.370846 355.308317 229.218237 108.157293 293.001706 197.570241 165.592874 299.546324 279.951782 146.013698 181.024860 193.793705 225.228773 233.931614 73.925638 191.481070 169.664375 81.024688 17.029386 203.901937 249.339126 128.015624 294.373912 301.033221 62.801274 112.432202 97.416631 148.489057 115.550855 115.935327 236.712906 234.136712 101.271911 110.059075 198.040400 118.562220 47.042534 130.146072 256.007812 274.344674 241.466354 103.817147 92.612094 271.737005 239.075302 178.373204 102.019606 177.386583 128.319913 185.970428 108.415866 162.520768 67.119297 278.469029 169.944108 74.060786 180.886705 53.851648 122.016392 135.506457 230.202085 115.433964 290.270563 261.275716 169.755707 161.148999 224.356859 304.080581 212.941306 313.000000 
277.000000 3.000000 5.000000 a 360.624458 42.154478 135.830777 269.903687 354.764711 129.468143 237.531051 153.052279 337.575177 289.209267 95.210294 203.708125 61.294372 285.686892 281.149426 108.046286 234.480276 235.987288 310.203159 216.333077 217.866932 112.449989 20.000000 89.844310 186.214930 122.776219 117.175083 97.185390 374.012032 214.273190 164.304595 378.403224 214.009346 151.330764 341.708940 249.609695 218.490274 352.274041 323.360480 199.210943 157.407115 144.170038 216.787915 284.971928 92.962358 230.325856 176.388775 121.490740 59.841457 169.011834 274.242593 90.094395 317.844302 354.132743 90.138782 106.901824 115.762688 193.209731 83.024093 164.103626 288.617394 283.698784 148.165448 89.587946 250.281841 107.935166 86.023253 105.645634 279.014337 313.614413 271.412969 120.503112 107.377838 324.450304 287.503043 213.377600 93.493315 212.445287 180.646063 236.888159 75.822160 194.797331 39.395431 324.302328 210.280765 66.287254 179.936100 107.018690 110.909873 111.287915 277.218326 86.267027 343.351132 314.000000 149.465715 141.031911 268.821502 331.049845 257.730479 363.185903 
285.000000 3.000000 2.000000 a 85.088190 406.636201 405.230798 262.606169 226.450878 370.302579 374.140348 234.079046 47.000000 357.328980 472.466930 335.596484 347.005764 288.736904 338.456792 485.275180 437.082372 267.917898 268.663358 262.606169 330.024242 278.188785 382.102081 295.895252 328.124976 281.460477 279.685538 444.703272 116.811814 228.965063 350.351252 275.312550 411.526427 237.446836 48.259714 205.428820 204.284116 165.496224 106.508216 201.556444 414.276478 499.328549 385.394603 101.079177 364.428319 321.502722 320.089050 319.427613 324.353203 460.765667 411.636976 418.412476 254.489685 143.387587 304.632566 416.386839 302.332598 196.743488 401.329042 276.990975 103.160070 100.623059 236.755148 430.785329 201.357890 426.937935 331.665494 451.066514 252.620268 143.735869 383.860652 376.750581 376.494356 90.210864 99.297533 338.992625 354.887306 338.551326 208.021633 226.773014 438.001142 347.701021 374.766594 84.958814 194.092761 394.324739 453.710260 283.063597 362.581025 455.347120 264.560012 442.162866 99.639350 168.315181 399.782441 472.088975 132.924791 233.734893 283.783368 21.023796 
299.000000 7.000000 5.000000 a 139.402296 345.071007 252.200317 55.036352 382.785841 369.595725 431.870351 222.656686 189.994737 141.777995 364.428319 151.953940 247.535856 72.498276 123.975804 412.941885 243.614449 81.320354 391.618437 329.370612 388.063139 252.253840 293.470612 228.650388 155.232084 273.029302 262.992395 318.628310 121.852370 93.861600 373.626819 431.066120 445.314496 228.980349 216.453228 63.560994 101.237345 70.611614 262.413795 132.853303 416.509304 449.722136 428.842628 161.919733 237.674147 126.003968 355.449012 191.668985 258.147245 450.708331 203.027092 380.927815 384.783056 88.391176 272.341697 279.100340 295.194851 217.671771 366.259471 143.405021 145.962324 183.439363 214.107450 305.511047 65.192024 290.428993 223.215143 321.701725 361.034624 289.698119 173.954017 232.490860 239.426398 131.821849 198.295234 150.163245 335.490685 150.213182 163.193137 70.092796 324.024690 167.323041 321.068529 240.435022 243.821656 278.354091 285.156098 207.870152 352.638625 323.857994 52.773099 322.442243 121.264174 51.623638 402.404026 328.056398 230.672929 375.820436 79.158070 206.526027 
208.000000 6.000000 4.000000 a 374.861308 263.351476 401.044885 424.057779 142.677959 160.601993 68.264193 213.588389 307.001629 493.206853 363.917573 417.892331 303.832191 452.358265 477.445285 316.077522 490.036733 400.126230 76.557168 96.005208 62.936476 209.351379 296.204321 259.254701 399.505945 184.458667 196.420467 377.708883 406.787414 349.173309 120.104121 131.003817 121.412520 207.894204 287.902761 364.664229 329.097250 423.483176 226.920691 297.015151 169.008876 290.630349 94.540996 287.336040 346.192143 430.131375 104.403065 337.480370 255.882786 210.774761 508.802516 231.036794 93.520051 410.147534 210.641876 381.634642 175.316856 207.472890 221.400090 341.439599 303.310072 267.615396 225.144398 369.682296 361.864616 385.368655 313.746713 386.160588 80.808415 190.591186 493.817780 375.659420 365.005479 343.169055 256.813162 427.351144 188.175450 426.380112 268.067156 370.001351 355.600900 418.001196 242.835335 248.654379 181.176709 340.330722 452.762631 271.370595 174.155103 391.795865 431.018561 366.509209 370.471321 395.248023 162.815847 421.526986 214.350181 119.436175 428.123814 320.089050 
229.000000 7.000000 1.000000 a 434.719450 45.607017 205.360658 354.684367 378.450789 115.381974 216.836344 214.462118 403.053346 371.016172 102.693719 286.216701 146.013698 370.375485 364.049447 42.720019 303.265560 320.781857 323.303263 237.976890 213.974298 170.205758 101.355809 166.412139 269.356641 168.715737 168.881615 141.428427 451.116393 297.321375 156.118545 391.846909 177.259696 210.850658 402.951610 332.015060 299.200602 433.206648 374.049462 276.875423 115.108644 59.464275 190.965966 353.021246 173.219514 313.823199 181.069048 206.118898 135.092561 103.324731 349.985714 43.908997 334.598267 433.498558 143.680200 170.179317 151.162165 251.771722 56.320511 248.638291 359.155955 348.080450 213.251026 142.031687 332.385319 166.243797 170.801054 147.979728 297.321375 357.050417 350.408333 197.327140 184.382754 397.694606 349.252058 295.629836 102.703457 294.730385 254.530941 320.413795 117.106789 276.175669 74.732858 379.717000 260.731663 137.640837 238.033611 186.010752 106.901824 152.453272 362.012431 128.316016 418.660961 395.000000 115.312619 181.408379 323.289344 352.881000 342.467517 427.748758 
153.000000 2.000000 4.000000 a 251.097591 186.657440 104.737768 124.579292 361.543912 237.894935 326.810343 136.473441 254.960781 155.544206 199.461776 73.979727 84.504438 140.459959 143.377125 249.002008 156.630138 90.609050 341.353190 253.298243 290.822970 135.959553 130.230565 90.022219 55.317267 161.276161 149.110697 156.732256 254.489685 81.786307 256.007812 400.216192 323.394496 140.872283 269.898129 117.443603 99.045444 221.108571 279.846386 100.304536 280.130327 289.705022 315.006349 202.071769 73.389373 91.923882 249.689808 26.076810 109.895405 305.098345 164.757397 228.973798 341.796723 228.232338 143.013985 120.813906 176.343415 163.248277 216.787915 25.179357 197.433533 211.804155 124.422667 143.003496 119.570063 132.098448 59.665736 161.074517 306.882714 287.767267 150.096636 77.103826 79.511006 220.445004 222.265607 83.725743 198.668065 82.734515 106.400188 99.538937 159.314155 74.094534 168.190368 269.436449 193.829822 113.145923 154.146035 73.681748 218.332316 164.149322 131.795296 158.826950 231.261756 184.097800 267.917898 175.071414 226.205659 344.328332 112.361025 280.371183 
200.000000 4.000000 3.000000 a 214.462118 251.246891 318.750686 278.976702 129.807550 191.086368 190.905736 100.801786 150.894003 360.435847 337.770632 298.283422 230.705440 308.753947 342.696659 327.123830 388.336195 261.216385 121.926207 77.794601 145.773797 131.320219 248.620192 173.216627 282.347304 120.838736 125.419297 327.495038 245.578908 207.761883 166.373075 170.836179 226.141549 99.020200 137.277092 214.553024 183.133831 262.429038 90.520716 154.042202 232.019396 329.370612 200.322240 125.717938 265.047166 301.877459 135.325533 236.177899 190.002632 279.658721 390.508643 249.256896 116.914499 248.583990 152.554908 313.547445 135.059246 68.600292 232.776717 219.385505 141.675686 106.437775 111.521298 315.293514 211.142132 321.400062 227.622494 335.477272 91.021975 71.568149 369.898635 289.110705 282.605732 181.747077 96.798760 306.297241 184.610401 305.439028 131.061054 224.588513 312.533198 303.199604 219.790810 102.956301 38.183766 278.657496 373.262642 173.046237 187.299226 340.812265 285.170125 320.390387 209.059800 235.915239 218.009174 365.603610 54.817880 114.061387 288.133650 168.582324 
245.000000 9.000000 3.000000 a 405.487361 37.483330 150.625363 308.327748 387.881425 141.675686 250.049995 196.206524 382.064131 318.421105 63.126856 234.446156 100.124922 321.895946 312.328353 65.299311 248.581978 274.372010 338.892313 247.341869 238.008403 154.081147 54.203321 134.766465 218.288800 160.822884 157.035028 89.269256 418.527180 256.587217 181.024860 407.707003 217.830209 194.023194 385.591753 292.330293 262.251787 395.647570 364.927390 243.846263 156.668440 109.567331 226.355914 329.674081 121.078487 262.937255 199.401605 158.448730 104.560987 154.935470 295.480964 81.344945 348.058903 398.120585 129.757466 115.524889 149.576068 236.033896 83.216585 204.352636 333.493628 327.964937 192.044266 88.204308 293.211528 112.000000 124.651514 96.566040 309.497981 353.134535 296.588941 143.544418 130.782262 369.358904 331.360831 243.606240 114.039467 242.736483 225.568172 278.600072 64.536811 223.651515 63.324561 367.001362 251.149358 83.570330 184.458667 151.713546 126.668860 101.533246 315.448887 76.157731 388.128845 357.404533 152.689227 131.575074 311.102877 363.323547 294.375610 407.590481 
Type de surveillance de chaque endroit(target):tab[nombre de target]
a a a a a a a a a a a a a a a a a a a a a a a a a a a a a a a a a a a a a a a a a a a a a a a a a a a a a a a a a a a a a a a a a a a a a a a a a a a a a a a a a a a a a a a a a a a a a a a a a a a a 