Nombre des capteurs:
30
Nombre des targets:
120
Nombre de type de surveillance:
1

Caracteristiques:
151.000000 6.000000 4.000000 a 510.881591 142.695480 130.862523 340.052937 200.551739 61.846584 497.129762 206.021844 370.482118 218.082553 217.043774 106.826963 47.434165 293.656262 140.982268 456.838046 250.379712 330.169653 545.000000 437.567138 58.694122 204.782812 279.308074 87.641314 428.401681 342.838154 198.698264 458.607675 212.219226 331.605187 107.563934 72.732386 487.483333 244.920395 305.163890 180.177690 37.735925 278.713114 102.576800 483.600041 408.926644 416.367626 366.174822 225.142177 297.808663 231.501620 445.148290 158.256122 343.052474 254.259710 483.372527 235.051058 394.528833 518.564364 470.239301 243.528232 227.200352 468.479455 283.769272 301.877459 284.176002 258.874487 300.081656 203.297811 513.802491 119.251834 336.514487 285.049119 323.600062 530.709902 461.209280 270.968633 227.481867 530.102820 394.118003 526.653586 183.991848 160.078106 292.480769 138.195514 297.607124 204.244951 213.784939 460.671249 411.117988 461.235298 403.276580 439.191302 462.497568 137.320792 421.293247 379.697248 108.046286 155.647037 295.133868 83.150466 512.656805 284.929816 456.838046 187.130970 388.902301 145.602198 380.938315 440.263557 281.007117 448.040177 321.161953 102.902867 460.331402 317.252266 366.314073 366.154339 369.001355 454.816446 445.462681 374.432905 250.071990 312.285126 247.420694 341.146596 
226.000000 5.000000 4.000000 a 437.795614 174.393234 214.336185 218.798995 225.175487 66.753277 414.773432 133.461605 306.894119 260.892698 128.222463 50.447993 103.812331 309.646573 161.607549 362.505172 144.917218 340.001471 477.797028 419.411492 164.468842 246.975707 155.157984 189.282857 399.500939 215.956014 124.907966 432.622237 250.567356 282.639346 165.024241 55.108983 446.767277 207.280004 280.371183 62.649820 122.331517 275.524953 142.523682 452.912795 312.617978 410.342540 289.401106 258.785626 293.981292 155.080624 338.245473 136.014705 223.606798 126.873953 380.157862 264.775376 294.336542 465.130089 421.236276 118.004237 216.390850 367.241065 156.204994 178.339564 195.971937 131.973482 302.238317 203.246156 482.464506 9.055385 355.681037 157.492857 301.479684 466.203818 416.889674 313.198020 226.002212 451.508582 313.984076 445.714034 59.413803 98.234414 185.607112 29.000000 295.677189 92.179173 225.390772 404.654173 403.124050 379.021108 382.142644 434.513521 424.646912 25.019992 313.695712 310.942117 24.839485 198.929636 284.416947 166.171598 463.732682 307.001629 362.505172 69.462220 351.923287 154.029218 271.486648 329.218772 281.215220 420.353423 335.180548 99.538937 364.321287 343.700451 334.318710 255.033331 248.203546 448.197501 440.756168 354.830946 130.049990 262.070601 198.881874 222.396043 
258.000000 4.000000 4.000000 a 151.647618 324.075608 400.044997 148.959726 314.006369 364.943831 113.600176 203.302730 116.000000 351.757018 191.846293 362.498276 362.763008 314.396247 311.411304 50.219518 167.538055 311.481942 197.691679 280.417546 406.745621 346.953887 194.982050 413.284406 242.002066 204.707108 210.052374 267.884303 341.256502 159.326708 355.534808 353.747085 238.472221 206.050965 219.180291 250.521456 379.527338 266.552059 337.290676 268.376601 1.414214 306.008170 77.388630 334.941786 267.904834 178.263849 61.400326 266.180390 136.616251 257.381040 80.099938 329.256739 24.041631 219.111844 200.339711 223.555362 253.213349 63.007936 233.529441 179.824915 124.326184 227.501648 282.708330 273.994525 286.810042 320.440322 338.940998 245.087739 227.178344 193.829822 210.297408 369.390038 268.895891 152.957510 61.400326 143.892321 260.342083 248.583990 128.972865 329.006079 272.376578 220.537979 292.035957 171.268795 297.309603 83.934498 253.938969 323.001548 232.122812 325.800552 55.072679 99.764723 316.362134 340.248439 251.334439 383.678251 229.259678 326.242241 50.219518 244.239636 200.384630 297.672639 69.720872 79.025312 274.448538 256.353272 318.989028 309.974192 52.325902 349.665554 208.626460 84.202138 137.931142 326.442951 326.658843 246.781280 195.931110 159.815519 189.594304 133.461605 
104.000000 6.000000 1.000000 a 220.127236 268.302069 317.623992 375.089323 214.767316 404.555311 247.309523 267.366789 157.000000 219.617850 286.111866 434.534233 366.565137 134.528807 268.603797 278.548021 308.561177 101.133575 221.000000 28.017851 370.919129 226.909674 380.090779 357.459089 42.426407 428.441361 274.869060 55.072679 217.690147 133.154046 307.001629 399.061399 107.517440 186.316934 112.805142 357.815595 371.849432 131.244047 307.092820 83.648072 272.523393 35.468296 199.288735 203.708125 112.614386 255.031371 330.945615 263.706276 364.819133 426.792690 329.631613 192.439601 285.427749 162.151164 120.353646 383.815060 184.271539 313.600064 422.143341 380.612664 252.990118 399.809955 113.846388 206.518764 111.251966 396.349593 118.127050 433.761455 91.678787 203.088651 101.833197 193.328736 182.131820 250.792743 209.745083 257.503398 376.538179 294.945758 305.602683 421.390555 113.569362 338.212951 197.200406 138.513537 27.459060 231.607426 17.204651 52.773099 84.095184 417.268499 325.600983 171.819673 379.011873 262.377591 114.612390 338.741790 145.880088 149.375366 278.548021 356.182537 70.802542 264.967923 322.865297 350.142828 130.096118 50.000000 114.127122 318.215336 287.013937 142.045767 69.641941 327.360657 381.064299 60.415230 57.384667 38.470768 355.629020 148.788440 198.012626 360.373417 
216.000000 3.000000 1.000000 a 350.184237 183.991848 247.887071 138.177422 216.009259 150.372870 324.624398 71.386273 226.318360 258.311827 50.249378 142.284925 164.684547 281.369863 168.240899 270.440382 52.697249 304.428974 391.808627 360.169405 221.616786 246.221445 84.534017 239.098306 334.551939 153.561063 65.802736 368.089663 246.454864 212.049523 194.589311 138.495487 373.466197 154.573607 226.318360 30.479501 184.089652 237.507895 170.390727 384.959738 220.494898 359.272877 203.088651 249.947995 253.268632 81.498466 246.840029 121.753850 140.128512 98.086696 288.173559 252.178508 202.054448 385.063631 344.308002 60.440053 182.726572 275.045451 109.123783 104.062481 108.226614 80.280757 264.877330 180.966848 413.298923 100.647901 325.399754 117.200683 247.163913 381.379077 342.527371 303.488056 197.385410 362.082863 225.729927 355.709151 44.294469 73.661387 93.520051 109.658561 256.126922 2.236068 206.661559 324.679842 351.142421 289.207538 322.820383 383.157931 353.566118 106.216760 222.389298 227.607118 99.724621 209.124365 239.885389 210.344955 385.834161 283.383133 270.440382 24.839485 284.369478 155.051604 180.579622 239.175668 244.920395 355.275949 302.988449 126.649122 272.121296 319.615394 270.896659 164.711870 166.508258 395.000000 389.104099 298.082203 50.328918 192.398025 139.176147 138.014492 
136.000000 1.000000 5.000000 a 187.109594 242.297338 318.190195 151.584960 232.398365 296.211073 164.839316 128.362767 75.026662 271.016605 123.555655 301.346976 287.562167 240.740524 229.960866 125.319591 114.612390 243.446093 228.659135 240.709368 327.940543 265.635088 169.849934 332.915905 205.975727 206.813926 136.077184 237.227739 260.247959 94.868330 274.641585 285.748141 225.800797 124.338248 148.165448 193.209731 303.265560 191.230228 257.309153 246.343256 83.216585 256.702162 40.718546 254.607541 195.601636 102.883429 137.568165 186.131674 140.801278 227.336755 162.249807 249.561616 80.056230 226.761990 191.689854 186.601179 171.959298 145.055162 212.849712 164.012195 55.226805 197.185192 210.601519 192.052076 271.029519 258.257623 270.562377 225.008889 160.639348 218.680132 194.504499 292.058213 188.047866 200.661406 62.936476 195.412384 207.038644 174.427635 91.241438 272.058817 200.000000 164.201096 210.774761 167.868997 247.757946 128.809938 207.793166 277.194877 211.021326 268.404545 121.202310 69.426220 250.503493 258.124001 178.600112 303.591831 230.419183 251.246891 125.319591 188.042548 156.604598 216.448608 103.247276 147.139390 199.491854 224.414795 249.160591 233.265943 130.249760 278.001799 155.640612 104.292857 156.588633 284.176002 281.923749 192.898937 156.262599 87.726849 107.466274 136.400147 
153.000000 3.000000 3.000000 a 263.795375 135.624482 202.970441 267.686384 100.623059 256.267438 265.062257 122.918672 127.565669 132.378246 146.013698 284.604989 222.607278 100.409163 130.598622 255.000000 178.600112 113.595775 289.435658 176.785180 238.648277 130.061524 253.331798 232.381152 161.554944 312.822633 129.387016 193.238195 123.016259 76.485293 175.071414 250.107977 219.426525 39.623226 38.013156 212.084889 230.867928 50.249378 168.386460 216.667949 222.946182 167.672299 148.296999 114.738834 61.269895 117.324337 280.401498 114.947814 260.317114 290.082747 299.774916 108.060168 223.376364 253.805043 204.443146 248.213618 43.908997 282.072686 292.022259 260.111515 138.852440 266.300582 74.946648 70.327804 246.886614 246.416314 137.905765 302.649963 58.523500 273.248971 193.932978 148.499158 53.366656 289.110705 175.034282 289.468478 231.138487 145.344419 190.800943 271.827151 64.884513 196.305884 77.278716 199.323857 160.131196 233.362379 140.014285 191.846293 194.370780 267.710665 264.764046 143.087386 229.019650 140.235516 46.173586 207.850908 246.107700 109.018347 255.000000 211.400095 120.933866 123.044707 243.248844 290.688837 58.728187 181.835090 115.121675 170.988304 261.895017 139.445330 98.234414 239.885389 282.931087 205.060967 198.012626 111.946416 223.329353 65.069194 57.384667 255.978515 
223.000000 7.000000 4.000000 a 242.705583 153.114336 224.448212 241.101638 126.099167 258.768236 240.441261 109.658561 103.077641 160.654910 129.189783 282.379178 230.521149 129.073622 145.499141 226.497241 156.894869 138.397977 271.516114 182.649938 253.339693 157.257750 231.199048 250.049995 161.400124 288.118031 117.239072 194.486503 150.748134 55.569776 191.426226 251.435877 212.758079 32.802439 48.052055 200.104972 240.919074 78.873316 181.394597 215.260308 193.289938 180.399557 119.707978 143.377125 86.833173 98.615415 250.505489 119.670381 233.214494 272.106597 270.512477 137.277092 193.424404 241.298570 193.072525 229.512527 65.620119 252.833938 271.287670 236.211769 111.830228 246.758992 101.414989 90.708324 245.106099 242.167298 164.012195 282.334908 68.359345 256.095685 184.910789 178.465683 79.006329 266.602701 147.122398 266.101484 218.826415 140.388746 164.830216 265.706605 90.906545 181.024860 103.004854 184.010869 172.185946 207.634294 145.168867 204.198433 189.002645 261.589373 234.797785 117.388245 226.433213 161.554944 70.213959 223.785612 235.645921 138.452158 226.497241 198.494332 115.104301 135.624482 213.663287 260.725910 87.321246 182.236111 141.495583 176.479461 233.205918 167.621598 96.208108 210.753410 255.123500 216.009259 210.116634 119.339851 203.002463 39.293765 40.311289 228.825261 
224.000000 2.000000 4.000000 a 58.821765 405.080239 471.373525 350.656527 366.050543 504.227131 105.080921 336.893158 162.274459 386.434988 340.846006 517.872571 482.578491 311.438597 398.848342 173.933895 337.831319 285.797131 30.083218 179.067027 506.996055 389.281389 387.459675 502.000996 150.053324 407.237032 345.463457 148.677503 380.621860 198.600101 444.245428 495.219143 90.443352 285.408479 238.933045 414.366987 494.145727 285.014035 435.258544 127.769323 204.188638 221.472346 182.603395 368.435883 272.693968 313.753088 240.410066 371.570989 338.303119 447.897310 213.740497 358.286198 226.991189 34.481879 73.437048 408.678358 313.560202 204.941455 429.130516 376.523572 277.142563 417.444607 281.831510 339.979411 125.207827 474.936838 307.470324 441.163235 228.116198 14.866069 91.049437 374.598452 321.110573 81.024688 164.344151 92.649879 429.302923 379.906567 311.077161 491.961381 275.960142 386.264158 343.517103 70.327804 216.448608 121.004132 182.043951 223.394270 108.903627 488.123960 250.031998 157.867033 463.907318 409.255421 263.825700 476.900409 53.712196 326.938832 173.933895 409.714535 157.190967 389.466301 273.001831 265.277213 288.716124 145.986301 298.303537 427.468127 180.601772 329.461682 182.148291 286.714143 341.235989 216.300717 223.080703 199.969998 378.549865 217.554591 282.688875 334.773057 
255.000000 7.000000 5.000000 a 270.292434 241.627813 314.606103 75.006666 254.096438 243.213898 239.265543 105.304321 167.430583 297.042085 82.036577 235.053185 250.966133 292.697796 226.419964 179.513231 42.755117 305.407924 314.472574 327.006116 303.105592 287.795066 76.791927 315.944615 294.635368 121.852370 108.171161 326.957184 285.119273 174.642492 263.590592 231.482181 318.713037 158.492902 212.896689 123.004065 269.536639 243.032920 241.337937 338.001479 129.634100 337.170580 132.672529 284.015845 253.503452 88.684835 153.378617 176.161857 69.028979 135.417872 194.589311 282.519026 109.622078 318.680090 284.740232 96.747093 202.726417 181.727818 119.820699 72.993150 55.946403 105.004762 267.725606 213.016431 363.446007 194.115945 330.647849 131.973482 230.488611 306.471858 287.367361 331.605187 219.859046 278.001799 148.246416 270.336827 131.244047 141.509717 2.236068 200.249844 257.410179 93.520051 237.406824 260.537905 328.347377 205.299781 291.880112 359.339672 303.199604 197.202941 129.034879 162.431524 192.924856 263.696796 237.153958 286.027971 323.123815 299.474540 179.513231 116.361506 243.977458 211.872603 87.863531 147.139390 251.453773 313.996815 307.949671 204.198433 180.413414 332.031625 238.201595 73.246160 94.339811 368.184736 364.594295 272.693968 67.424031 160.012500 138.032605 65.000000 
216.000000 6.000000 1.000000 a 52.497619 422.120836 495.262557 283.534830 395.885084 491.187337 31.016125 322.931881 168.074388 425.361023 318.056599 494.489636 480.801414 364.002747 412.368767 92.135769 301.346976 346.883266 84.504438 264.357712 516.605265 424.721085 333.120098 517.664950 228.254244 336.692738 330.836818 238.606370 417.119887 218.929212 458.530261 480.676606 186.171964 296.840024 275.181758 383.838508 495.552217 326.075145 444.416471 224.269927 138.452158 303.080847 161.913557 407.181778 319.189599 297.558398 152.397507 374.621142 271.464546 395.540137 116.004310 398.664019 161.148999 138.538803 154.547727 361.543912 336.535288 112.449989 370.951479 317.279057 248.805145 365.715737 331.603679 361.731945 228.422853 451.655842 372.228424 382.294389 272.222336 92.439169 172.539850 426.469225 348.528335 26.400758 133.764719 14.422205 395.323918 368.907848 265.505179 463.001080 323.261504 353.960450 372.542615 131.095385 296.233016 66.648331 254.943131 310.942117 195.887723 459.579155 168.866811 154.019479 445.028089 432.483526 306.000000 489.638642 156.464053 378.699089 92.135769 377.976190 212.398211 400.384815 202.588252 176.918060 332.001506 231.948270 357.945527 425.747578 95.273291 390.483034 233.345238 219.237314 267.226496 307.327187 312.078516 263.400835 333.424654 231.814581 286.895451 268.828942 
182.000000 2.000000 4.000000 a 163.783394 259.624729 335.171598 165.339046 245.601303 319.010972 142.003521 150.585524 60.728906 282.603963 146.754898 324.655202 309.129423 245.652193 247.929425 107.228727 137.379038 244.804003 205.548048 230.082594 347.979884 278.188785 189.488786 351.869294 193.847879 221.731820 158.473973 223.861564 272.264577 92.849340 293.204707 308.643808 208.021633 138.177422 150.943698 216.510970 324.464174 197.306868 276.739950 230.828941 70.837843 249.537572 20.024984 265.635088 199.461776 125.195847 129.251692 205.766858 153.883072 248.243832 148.296999 259.788375 74.202426 205.645326 172.742583 208.165799 184.567061 130.698125 232.206804 181.892826 78.568442 217.919710 214.373506 206.293480 254.283307 281.556389 272.200294 244.368574 160.704698 195.862196 177.011299 299.901651 199.912481 177.459855 39.623226 172.409396 230.204257 196.596033 111.400180 295.392959 203.924005 187.427319 223.304725 147.678705 240.626266 105.948101 199.060292 268.882874 194.928192 291.743038 116.400172 51.039201 273.629311 274.147770 182.704680 322.832774 210.237960 257.157539 107.228727 211.303100 146.321564 234.787138 106.850363 142.411376 205.294910 211.284169 251.590938 254.472002 113.004425 281.641616 148.946299 111.615411 166.676333 274.694376 273.265439 187.042776 177.924141 90.824006 123.199026 149.626201 
260.000000 9.000000 2.000000 a 427.126445 86.700634 123.036580 272.442655 143.031465 68.658576 413.353360 123.328829 287.001742 173.611636 137.320792 109.658561 36.674242 234.061958 77.025970 374.432905 175.011428 268.091402 461.683875 364.943831 87.132084 159.477271 217.568380 105.309069 352.132077 285.413735 116.481758 383.520534 164.347193 249.609695 72.670489 66.068147 408.447059 163.600122 228.442553 119.436175 53.150729 209.351379 50.566788 407.259131 327.200244 348.242731 282.363241 174.413302 228.650388 148.660687 366.305883 76.694198 273.514168 208.664803 402.951610 182.043951 313.904444 437.012586 389.278820 186.131674 153.026142 387.571929 232.331659 238.321212 202.200396 204.384442 233.653590 132.502830 437.476857 88.588938 279.508497 236.698120 248.072570 447.629311 381.167942 227.264163 157.165518 446.239846 310.386855 442.814860 130.384048 78.102497 216.148097 117.630778 229.270583 136.062486 149.281613 378.450789 342.112555 377.493046 329.236997 371.892458 384.011719 114.490174 342.965013 295.940872 67.742158 109.384642 223.089668 78.032045 431.928235 228.560714 374.432905 125.399362 310.000000 74.732858 303.949009 363.324923 213.213508 372.323784 261.082362 19.849433 378.227445 264.121184 288.466636 290.248170 300.241569 386.855270 378.216869 300.554488 184.621234 229.897803 164.438438 271.016605 
189.000000 3.000000 5.000000 a 148.808602 388.919015 445.637745 408.004902 340.330722 510.330285 192.421413 352.988668 189.644404 350.656527 364.005494 532.484742 479.610258 267.121695 386.290046 252.810205 372.292895 234.546371 123.405835 110.440029 492.878281 356.707163 433.175484 482.589888 100.000000 465.001075 361.448475 78.771822 347.541364 203.494472 428.544047 502.977137 39.395431 284.285068 220.238507 439.390487 487.877034 255.196003 424.662219 50.289164 271.280298 152.190670 224.722051 333.929633 238.600084 333.701963 317.844302 370.255317 396.031564 489.505873 298.377278 322.845164 291.755034 61.717096 72.062473 447.636013 298.670387 286.923335 476.185888 426.607548 310.464169 459.739056 243.238566 323.904307 32.572995 491.065169 250.459578 488.345165 202.940878 109.658561 70.213959 326.741488 301.257365 174.897113 217.230293 185.913959 456.483297 390.360090 354.543368 512.298741 240.636656 414.270443 320.224921 99.408249 150.153255 197.448728 131.026715 146.167712 62.801274 508.248955 322.601922 194.139125 476.707457 387.114970 235.372046 461.139892 44.418465 282.242803 252.810205 435.983945 136.824705 379.863133 337.037090 341.760150 256.204996 84.118963 247.541916 427.018735 260.547500 274.934538 158.902486 347.828981 404.190549 135.092561 144.003472 157.632484 417.382319 224.058028 288.383425 392.011479 
222.000000 7.000000 3.000000 a 406.605460 52.478567 65.855903 355.015493 42.720019 199.331382 407.894594 180.247053 270.283185 40.792156 206.929940 245.153013 147.085009 122.319254 67.201190 392.103303 251.113520 159.762323 430.131375 279.308074 126.463433 27.856777 316.128139 107.615055 280.000000 384.679087 179.724790 305.452124 36.235342 219.658826 71.063352 200.084982 346.132922 147.275253 169.543505 233.323809 142.688472 125.399362 86.683332 333.024023 354.153921 250.667110 286.027971 50.249378 141.400141 195.563289 406.970515 112.929181 351.717216 326.753730 433.041568 61.294372 349.366570 388.711976 339.023598 294.159821 102.313244 415.650093 342.953350 331.810187 243.515913 313.968151 137.974635 79.158070 362.178133 223.787846 161.548754 350.224214 181.176709 413.358198 325.591769 94.191295 89.822046 432.255711 314.192616 432.633794 249.609695 160.514797 282.214457 253.160028 139.463257 236.211769 65.969690 338.540987 246.985830 375.470372 249.927990 271.670757 320.062494 249.777901 387.659645 285.156098 202.607996 27.313001 146.123236 95.509162 378.191750 111.018017 392.103303 237.002110 252.715255 79.246451 357.393341 412.310563 123.810339 297.058917 149.040263 126.716218 398.282563 140.730238 227.705951 348.919762 377.955024 287.836759 277.721083 222.423020 281.168988 206.770404 163.624570 348.058903 
141.000000 4.000000 1.000000 a 238.430283 246.886614 294.159821 372.780096 192.255039 386.121742 262.771764 255.049015 161.523992 195.532606 275.356133 417.742744 346.590537 110.113578 247.969756 288.804432 300.707499 76.557168 242.206523 50.990195 348.803670 203.147729 373.566594 334.619187 64.195015 424.792891 262.190770 79.649231 193.932978 130.188325 285.175385 381.083980 131.244047 172.490579 99.045444 345.283941 351.142421 110.145359 286.274344 108.240473 278.689792 34.365681 202.871881 179.877736 91.065910 244.663034 338.000000 246.077224 362.990358 417.766681 339.802884 168.582324 289.882735 184.878338 141.173652 374.957331 165.496224 323.289344 414.981927 375.564908 247.695377 391.623544 90.785461 186.507373 135.624482 380.504928 94.366308 426.382457 78.000000 224.223103 123.016259 168.751296 161.891939 268.972118 216.379297 275.000000 364.197748 279.807076 301.051491 406.252385 91.525953 327.152869 175.570499 156.732256 26.019224 244.476993 32.140317 58.034473 107.056060 402.139279 330.945615 177.519013 362.592057 239.885389 95.273291 316.602274 169.168555 124.867930 288.804432 344.071214 78.816242 245.106099 325.055380 356.046345 108.166538 74.330344 89.554453 299.536308 297.200269 117.881296 69.404611 328.249905 380.616605 70.576200 64.000000 31.384710 347.541364 143.251527 186.010752 358.521966 
203.000000 9.000000 3.000000 a 34.014703 426.971896 498.423515 311.077161 396.547601 505.404788 49.648766 336.217192 171.773106 423.335564 333.863745 511.649294 491.687909 357.050417 418.230798 120.880106 320.887831 336.928776 51.884487 245.120379 524.263293 423.812459 357.754105 523.482569 211.009478 365.328619 344.400929 217.375252 415.819672 219.920440 464.462054 495.274671 162.077142 302.153934 272.415124 402.394085 505.569975 322.490310 451.824081 200.339711 163.682620 285.553848 173.807365 405.087645 313.772210 311.204113 183.847763 383.356231 298.854480 420.005952 149.083869 395.979797 186.943842 110.453610 134.260940 384.469765 338.787544 144.499135 396.769454 343.069964 265.324330 389.867926 325.259896 364.627207 201.419959 468.585104 361.221539 408.335646 266.908224 62.289646 152.856142 420.201142 349.521101 10.295630 147.512711 21.095023 414.907219 381.764325 287.200279 481.565157 317.630288 372.796191 373.262642 115.121675 279.308074 83.096330 239.927072 291.238734 175.045708 478.012552 198.879360 160.103092 460.678847 435.487084 301.809543 496.214671 129.189783 372.134384 120.880106 396.828678 202.247373 406.950857 230.262893 208.626460 327.768211 212.077816 348.574239 436.295771 125.171882 380.888435 225.000000 246.333108 296.319085 286.225436 291.815010 251.676380 355.624802 235.034040 294.271983 295.976350 
182.000000 1.000000 2.000000 a 129.807550 266.030073 336.786282 243.528232 235.161647 358.587507 132.015151 192.002604 19.416488 263.837071 198.338095 373.419335 337.668476 205.922315 258.042632 139.789127 202.484567 194.427364 160.078106 154.353490 365.301246 263.336287 263.387547 362.906324 116.867446 299.713196 200.601595 145.880088 255.650152 58.240879 304.138127 349.656975 132.098448 142.393820 114.039467 273.265439 349.905702 165.109055 292.970988 152.738338 128.689549 178.751224 58.940648 245.660335 159.812390 169.743925 187.448660 227.035240 232.131428 319.277309 190.286626 237.210877 142.172431 140.459959 99.624294 277.481531 177.115781 173.358011 306.471858 258.031006 140.520461 289.527201 173.173324 203.027092 177.011299 330.727985 221.386540 318.611048 113.564959 145.715476 100.717426 267.046812 187.984042 154.495955 65.946948 155.029030 289.435658 234.360833 184.783657 349.181901 164.073154 246.629276 211.834841 79.924965 170.082333 103.576059 126.657017 195.880065 117.106789 345.249185 181.818591 28.635642 318.910646 273.853976 145.581592 336.309381 140.630722 219.965906 139.789127 269.235956 73.109507 247.487373 182.000000 206.305599 171.420536 133.454112 203.973037 282.363241 148.003378 236.239285 83.761566 188.809428 244.524027 199.969998 199.692263 121.037184 247.196278 74.242845 137.611773 227.861800 
263.000000 8.000000 4.000000 a 314.311947 174.613860 209.009569 378.401903 116.056021 324.692162 330.311974 227.431308 205.234013 107.814656 252.926867 363.081258 278.729259 22.847319 180.055547 340.230804 288.530761 15.620499 325.479646 141.509717 270.179570 117.643529 363.159744 252.414342 153.075145 423.681484 232.432786 171.303824 108.724422 157.155973 209.308385 321.885073 221.359436 148.060798 98.005102 311.512440 279.571100 61.717096 215.800834 199.912481 317.800252 107.489534 239.140126 94.578010 50.931326 226.294056 377.482450 194.208651 370.757333 395.949492 389.236432 83.528438 322.869943 272.464677 225.577038 355.249208 116.498927 371.721670 400.655713 370.785652 249.262913 374.005348 36.235342 127.003937 226.894248 331.006042 27.313001 410.858857 89.961103 307.566253 208.676784 77.252832 104.479663 343.838625 260.800690 347.867791 330.498109 237.741456 301.663720 359.168484 46.754679 300.433021 106.920531 235.104232 105.118980 305.394826 120.166551 127.283149 196.163197 355.202759 365.053421 222.697104 311.040190 161.548754 67.882251 238.365266 258.118190 34.655447 340.230804 312.144197 146.085591 181.592951 348.726254 391.111237 53.712196 165.710591 5.000000 239.526616 348.093378 33.837849 123.911259 347.247750 392.756922 143.533968 133.225373 98.994949 332.036143 158.600126 167.573864 366.383679 
232.000000 7.000000 5.000000 a 312.473999 89.274856 154.314614 287.367361 53.037722 223.573254 312.860991 122.298814 175.251248 89.844310 149.251466 257.782854 183.961953 90.520716 86.833173 298.886266 189.129585 118.067777 337.912711 210.487529 193.196791 84.852814 262.154535 185.000000 201.534116 326.622106 126.115027 231.224999 79.075913 124.907966 128.972865 219.093587 263.286916 57.775427 80.430094 202.780670 189.736660 54.341513 125.419297 256.602806 263.387547 192.898937 192.260240 73.925638 73.498299 126.810883 318.680090 86.284413 281.689545 289.399378 341.621135 70.491134 261.007663 300.647634 251.023903 249.996000 10.000000 324.038578 296.939388 272.855273 163.670401 269.295377 80.305666 24.207437 286.735069 223.439030 135.712932 306.471858 96.938125 321.591356 239.436839 118.928550 7.211103 337.616647 220.020454 337.763231 221.677694 128.565159 210.639502 251.049796 74.525164 193.545860 30.066593 247.358040 186.681547 280.503119 175.840837 216.667949 237.655212 247.032387 301.091348 190.163088 204.083316 91.706052 68.000000 161.721984 292.001712 92.135769 298.886266 203.730214 165.858373 82.365041 275.045451 326.545556 59.304300 220.843836 114.127122 136.926988 305.380091 128.316016 141.767415 269.156089 306.271122 231.486501 222.991031 146.996599 229.172424 111.758669 77.414469 277.584221 
210.000000 3.000000 5.000000 a 233.173755 364.878062 439.528156 94.625578 368.419598 367.326830 189.060837 230.375780 203.334699 409.695009 209.403916 352.298169 378.639670 386.874657 350.271323 116.348614 170.188131 389.740940 278.648524 371.361010 431.074240 402.405268 158.420327 443.383581 333.361665 137.637204 234.446156 360.118036 398.252433 239.006276 389.758900 355.370229 330.928995 262.967679 294.613306 243.758077 397.363813 337.035606 368.179304 361.072015 91.416629 394.547842 161.400124 394.554179 342.052628 209.668786 52.810984 300.707499 85.586214 216.226733 95.880134 390.866985 74.946648 308.475283 292.720003 195.017948 310.885831 93.300589 185.270073 136.528385 159.380049 190.709203 357.050417 326.827171 379.300672 314.428052 416.941243 194.671518 306.315197 278.001799 302.978547 435.993119 327.832274 226.214500 152.502459 214.946505 246.983805 269.267525 129.015503 314.610871 346.439028 216.540989 348.772132 263.469163 385.709735 168.297356 343.083080 412.723879 324.804557 312.270716 39.319207 188.679623 316.537518 385.206438 325.038459 413.400532 319.939057 396.894192 116.348614 236.719243 289.560011 335.752885 45.694639 30.232433 345.388187 348.393456 395.637460 332.121966 111.018017 424.420782 294.869463 55.326305 69.310894 417.085123 416.692933 333.121599 175.823775 234.068366 243.402958 85.422479 
177.000000 5.000000 1.000000 a 439.508817 138.974818 174.289988 246.000000 192.937814 41.146081 420.354612 129.495174 303.534183 226.061938 132.740348 60.827625 64.140471 281.144091 127.577427 373.450131 160.056240 313.438989 477.339502 401.463572 125.031996 211.981131 185.194492 149.201206 384.707681 249.595673 121.082616 417.206184 216.316897 273.221522 125.896783 30.232433 436.311815 191.859323 262.573799 86.023253 83.186537 251.246891 104.278473 439.163978 324.260698 388.785288 291.430952 225.577038 270.248034 154.029218 355.844067 111.323852 249.288989 164.584325 395.834561 232.458598 307.923692 459.322327 413.493652 149.833241 192.634369 381.791828 191.981770 207.696895 202.039600 165.939748 277.050537 176.028407 469.140704 35.227830 327.074915 194.465935 283.240181 464.612742 407.443248 279.270478 199.969998 455.636917 317.800252 450.834781 90.470990 86.052310 202.200396 63.953108 271.459021 111.157546 196.040812 399.361991 382.049735 384.314975 364.724554 412.801405 413.037529 60.901560 331.602171 309.764427 15.811388 162.560758 262.434754 125.865007 456.277328 277.064974 373.450131 93.005376 339.271278 122.147452 290.327401 349.284984 256.142538 405.368968 307.527235 64.629715 376.123650 313.312943 319.765539 274.854507 275.045451 427.141663 419.104999 336.618478 156.000000 252.733061 187.224464 247.517676 
227.000000 6.000000 2.000000 a 298.670387 176.232801 248.485412 134.461891 193.847879 187.843020 275.670093 40.311289 172.177234 237.124440 16.000000 189.694491 188.281704 244.969386 160.822884 226.744349 31.144823 263.696796 339.365585 309.103543 238.052515 226.812698 104.100913 249.969998 282.056732 168.505193 42.059482 315.545559 225.088871 158.977986 197.306868 176.776695 319.405698 111.615411 179.067027 82.680106 206.194083 197.729613 175.094260 331.633834 177.687929 310.975883 150.572242 225.656819 211.513593 33.241540 213.234613 110.494344 131.518060 141.152400 250.960156 225.621364 162.225152 331.006042 290.077576 98.478424 148.808602 236.222353 141.509717 114.690889 56.639209 115.948264 224.403654 154.175225 359.706825 146.659470 286.722863 152.108514 199.271172 328.421985 288.405964 276.210065 165.239221 312.187444 174.656806 306.528955 98.412398 76.006579 64.938432 160.704698 214.853438 55.713553 179.610690 270.573465 302.592135 239.820766 272.007353 334.534004 299.793262 156.974520 189.789357 173.948268 140.064271 199.022612 196.702822 220.004545 331.621773 249.353163 226.744349 78.294317 231.510259 146.328398 151.082759 210.342578 205.730406 302.654919 263.941281 139.057542 229.505991 284.184799 219.276082 138.177422 158.094908 345.638540 340.324845 248.394847 72.801099 139.807010 93.300589 128.035151 
274.000000 1.000000 1.000000 a 19.697716 382.531044 452.248825 303.710388 348.862437 470.953289 60.415230 302.034766 130.096118 373.807437 303.288641 481.364727 453.133534 305.368630 374.774599 126.289350 296.516441 284.450347 46.400431 193.744677 482.050827 374.961331 342.620782 479.504953 158.757677 360.069438 310.485104 167.215430 366.749233 174.132134 420.830132 461.400043 114.769334 259.140888 223.143452 375.217270 465.948495 272.442655 409.695009 152.751432 156.553505 233.499465 142.435951 355.574184 262.834549 277.893865 192.761511 343.093282 291.343440 403.707815 167.967259 346.157479 179.524372 71.589105 83.240615 365.395676 292.656796 158.142341 383.782490 330.783917 237.200337 373.250586 273.885012 318.851062 158.382449 438.247647 308.561177 395.738550 216.233670 38.327536 101.518471 368.657022 302.324329 50.328918 120.933866 58.309519 389.313498 346.469335 267.434104 453.689321 266.582070 346.433255 325.729949 62.369865 227.055059 73.006849 187.243157 240.168691 124.531121 449.952220 202.039600 121.827747 428.516044 389.422650 251.531310 453.054081 87.664132 320.563566 126.289350 370.202647 150.003333 364.247169 225.428481 217.559187 277.353565 160.996894 296.204321 397.684548 133.180329 328.440253 173.233946 239.459809 293.601771 236.038133 241.074677 199.007538 335.529432 191.002618 253.505424 287.904498 
159.000000 6.000000 4.000000 a 530.874750 206.770404 211.747491 313.904444 265.188612 56.859476 510.272476 221.334588 395.667790 290.110324 222.081066 50.990195 103.121288 357.717766 200.039996 460.157582 243.018518 392.458915 569.221398 488.889558 141.396605 276.181100 248.871453 170.531522 474.236228 303.278750 212.840316 506.261790 282.511947 365.034245 179.025138 63.513778 527.549050 282.294173 351.062672 161.058995 108.903627 334.252898 165.873446 529.060488 410.396150 473.110981 382.507516 294.151322 353.544905 245.448569 436.606230 198.123699 319.695167 208.009615 478.565565 302.914179 392.500955 551.449907 505.407756 211.021326 277.431073 465.580283 241.074677 272.209478 291.204396 221.531036 358.520571 257.421833 559.171709 89.894382 402.613959 239.075302 371.247896 556.655190 499.009018 344.052322 282.078003 546.209667 408.309931 540.991682 155.900609 178.227383 283.980633 89.944427 354.189215 190.515091 273.590936 491.538401 466.906843 474.318458 452.729500 496.794726 503.924598 91.591484 412.043687 401.639142 95.131488 225.268728 347.637742 161.623018 548.205254 351.176594 460.157582 167.839209 429.959300 199.449242 369.770199 427.200187 338.125716 494.716080 384.984415 143.377125 462.200173 385.752511 409.695009 353.192582 343.292878 511.712810 503.119270 424.231069 227.059464 344.607023 278.878110 318.818130 
230.000000 7.000000 1.000000 a 205.119477 361.756824 437.224199 114.586212 360.855927 375.825757 161.009317 230.054341 182.332115 401.120929 211.532503 364.244423 383.275358 372.907495 347.669383 88.277970 175.727061 373.451469 250.577333 348.432203 433.461648 394.656813 175.205594 444.055177 310.074185 162.246726 235.008510 335.900283 389.955126 221.503950 388.870158 364.005494 304.844223 253.747906 279.114672 253.665134 401.529575 323.630963 368.195600 335.769266 66.730802 373.277377 141.428427 385.332324 327.273586 207.617437 26.627054 299.046819 104.004808 235.274308 71.700767 380.926502 54.561891 281.007117 266.580194 210.304541 301.850957 66.640828 205.779008 154.673850 154.719100 208.216234 342.252831 319.530906 353.226556 324.913835 400.824151 215.863383 289.394195 250.002000 277.431073 424.407823 318.487048 198.295234 129.247824 187.109594 258.814605 271.471914 133.555232 327.438544 331.710717 225.197691 340.308683 237.191905 364.516118 140.513345 321.400062 390.708331 299.643121 324.839961 13.038405 166.817265 325.281417 380.867431 310.357858 414.043476 292.801981 383.662612 88.277970 246.738728 267.800299 333.289664 45.122057 15.297059 331.850870 324.422564 380.032893 334.539983 83.024093 409.659615 274.721677 61.098281 92.649879 394.405882 394.462926 313.001597 188.281704 218.577217 234.957443 102.825094 
120.000000 8.000000 4.000000 a 207.894204 202.252318 265.708487 286.356421 160.153052 322.262316 217.664880 174.771279 89.470666 182.439031 192.374635 347.701021 290.327401 118.869677 198.171643 224.403654 214.704448 109.178753 228.002193 117.613775 305.883965 184.097800 286.923335 298.202951 95.854056 337.902353 182.584227 128.751699 175.684376 45.453273 241.913208 315.483756 151.485973 97.169954 33.120990 265.035847 298.804284 81.049368 236.190601 150.296374 204.247399 121.037184 125.602548 164.222410 73.171033 161.198635 264.236636 181.397354 276.826661 332.728117 273.695086 154.741720 211.766381 187.523332 137.844115 289.761971 110.634533 256.267438 328.635056 288.600069 160.723365 305.895407 86.145226 136.652845 180.369066 307.826250 136.565003 340.154377 26.476405 211.028434 126.372465 180.543624 115.965512 235.688354 145.413204 238.075618 283.557754 205.992718 214.086431 331.508673 77.317527 244.524027 137.767921 136.124943 112.294256 190.625287 80.224684 143.753261 126.506917 327.391203 253.810953 106.929884 291.770458 204.083316 60.299254 274.710757 178.832324 133.090195 224.403654 263.077935 53.037722 190.965966 242.886805 279.635477 86.284413 116.619038 117.783700 237.993697 232.312290 149.696359 30.886890 244.468812 295.340481 153.941547 149.281613 56.885851 261.725047 56.302753 105.759160 272.354548 
158.000000 1.000000 1.000000 a 349.091679 95.189285 165.075740 215.473896 126.245792 133.544000 334.647576 47.095647 209.880919 168.002976 68.154237 156.169779 115.381974 199.842438 79.404030 296.735573 111.664677 227.712538 384.629692 305.555232 157.543645 155.708060 172.429696 167.074834 287.445647 241.223962 42.190046 320.156212 156.236999 176.207264 113.564959 125.431256 338.775737 94.429868 166.379085 94.936821 130.740200 162.012345 91.547802 341.713330 250.343764 295.758347 203.678668 160.524141 180.069431 71.386273 292.684130 31.144823 213.845739 186.142419 327.319416 163.682620 238.436574 363.141846 316.622804 150.986754 103.174609 311.448230 199.724811 188.904738 125.765655 170.836179 189.129585 94.556861 371.636920 117.388245 245.448569 207.562039 187.360615 371.052557 310.098371 214.767316 114.756263 367.720002 231.672182 364.166171 113.296072 18.973666 148.660687 143.265488 182.002747 92.763139 119.402680 303.646176 288.542891 298.779183 268.479049 319.931243 315.425110 139.168962 270.149958 218.002294 100.304536 119.620232 169.955877 137.058382 359.424540 199.449242 296.735573 97.061836 241.660919 65.459911 233.308808 292.042805 168.190368 308.176897 224.017856 60.745370 300.832179 236.279496 222.380305 221.305219 240.684441 333.624040 326.171734 240.800748 137.437258 155.862119 90.000000 210.622886 
249.000000 7.000000 1.000000 a 331.436268 140.185591 174.140748 365.329988 81.492331 291.487564 343.144285 205.730406 211.747491 73.552702 232.331659 331.182729 244.499489 12.806248 146.512798 345.775939 270.702789 50.219518 346.590537 173.219514 234.829726 82.619610 344.605572 217.165835 180.272017 407.612561 209.811820 201.645729 73.600272 160.723365 174.183811 289.171230 248.455227 131.893897 99.724621 285.926564 244.773365 51.000000 181.416648 230.019564 318.717743 141.675686 241.234326 59.405387 52.345009 208.021633 377.461256 165.060595 358.587507 373.172882 393.178077 48.259714 321.236673 296.966328 248.646335 333.640525 92.574294 375.490346 380.295937 354.090384 237.625756 352.854077 40.112342 97.672924 257.978681 300.601065 56.320511 389.991026 99.181652 328.896640 232.774569 55.081757 77.833155 360.068049 265.346943 363.034434 304.685083 210.772389 288.175294 329.192953 48.166378 277.319311 75.059976 254.848975 138.592929 315.670715 148.060798 162.200493 222.697104 325.295251 363.067487 228.954144 280.257025 126.317061 67.186308 203.036942 283.825651 9.219544 345.775939 287.137598 165.060595 149.164339 342.934396 389.104099 42.953463 194.858923 39.812058 207.241405 353.277511 44.598206 140.911320 339.689564 381.879562 178.404036 168.217122 123.490890 312.195452 157.581725 152.305614 354.317654 
109.000000 8.000000 2.000000 a 337.712896 60.530984 136.180028 261.553054 67.208630 173.254149 331.445320 87.458562 196.573142 110.317723 114.865138 206.344372 137.200583 139.168962 49.979996 306.282549 158.404545 169.026625 367.865465 258.992278 156.923548 99.488693 227.035240 155.322246 246.564393 294.373912 88.391176 277.656262 98.290386 152.013157 96.208108 168.237927 304.699852 66.211781 122.886126 156.543924 145.691455 105.721332 84.876381 301.763152 265.007547 243.680118 203.179723 100.603181 124.739729 101.079177 315.298271 35.000000 257.769277 246.710356 344.036335 102.727796 258.118190 337.005935 288.175294 209.723628 47.434165 327.000000 258.001938 240.831892 149.646250 229.473310 131.745968 32.984845 331.995482 172.142383 185.083765 266.580194 142.172431 352.574815 278.603661 154.019479 55.009090 360.251301 232.019396 358.745035 174.977141 80.653580 187.843020 200.010000 125.936492 151.716842 57.775427 280.413980 237.191905 296.978114 223.235302 267.591106 279.760612 196.022958 295.096594 208.806130 152.643375 76.941536 117.652029 127.953116 330.346787 138.003623 306.282549 158.404545 206.118898 39.115214 263.469163 319.277309 110.765518 266.597074 164.246766 86.815897 311.777164 174.874241 183.662734 254.568262 283.809795 282.177249 273.906918 194.550765 192.587642 134.238594 76.295478 254.025589 
Type de surveillance de chaque endroit(target):tab[nombre de target]
a a a a a a a a a a a a a a a a a a a a a a a a a a a a a a a a a a a a a a a a a a a a a a a a a a a a a a a a a a a a a a a a a a a a a a a a a a a a a a a a a a a a a a a a a a a a a a a a a a a a a a a a a a a a a a a a a a a a a a a a 