Nombre des capteurs:
50
Nombre des targets:
30
Nombre de type de surveillance:
1

Caracteristiques:
173.000000 2.000000 4.000000 a 617.353221 485.556382 504.575069 359.435669 460.017391 325.184563 339.554119 449.325049 539.217952 249.112424 198.761163 550.072722 481.133038 356.910353 422.852220 473.439542 448.486343 432.172419 461.069409 455.000000 388.068293 444.119353 224.610774 444.830305 432.047451 295.489425 231.482181 258.211154 329.236997 338.001479 
143.000000 1.000000 1.000000 a 410.728621 231.624696 376.299083 322.187833 354.938023 97.416631 337.120157 299.001672 307.865230 77.781746 262.573799 378.345081 231.603109 287.043551 246.732649 275.771645 437.896106 259.695976 353.307232 185.800969 129.034879 266.692707 193.507106 423.977594 254.232177 381.702764 61.684682 198.977386 57.008771 398.818254 
122.000000 2.000000 1.000000 a 360.471913 223.230822 286.400070 212.426458 257.000000 68.117545 227.200352 214.009346 275.181758 38.209946 170.765922 306.960910 217.848571 178.986033 171.735261 216.009259 328.269706 183.412104 256.031248 201.950489 134.536240 193.662077 93.407708 314.758638 180.709712 279.415461 75.000000 90.609050 105.546198 292.099298 
291.000000 8.000000 4.000000 a 262.611881 284.191837 93.295230 74.202426 42.190046 253.331798 113.176853 98.371744 257.573291 275.914842 230.482103 169.799882 272.860770 68.007353 140.427917 174.977141 123.547562 133.255394 45.177428 313.918779 280.408630 139.978570 207.369236 105.309069 141.509717 219.020547 312.083322 176.739922 311.430570 190.160459 
138.000000 4.000000 5.000000 a 31.240999 224.899978 199.572042 357.061619 247.315588 350.274178 398.446985 210.380607 137.873130 419.952378 485.123696 117.630778 219.658826 328.402192 225.656819 175.931805 386.218850 216.933169 243.614449 283.132478 315.087289 204.707108 428.155346 369.541608 216.490185 505.015841 453.048563 395.588170 385.538584 477.554185 
115.000000 9.000000 3.000000 a 343.423936 157.632484 332.453004 312.257906 319.995312 65.053824 335.672459 254.243977 237.118114 110.072703 291.953763 321.305151 158.473973 271.742525 198.295234 216.453228 424.420782 211.092397 317.653900 110.887330 57.584720 215.455332 214.888343 408.633087 204.215572 399.125294 118.680243 208.254652 20.880613 408.061270 
261.000000 5.000000 3.000000 a 574.325692 454.851624 453.789599 304.770405 408.011029 296.624342 283.651194 402.057210 502.020916 223.378602 143.279447 503.170945 449.395149 304.581680 379.759134 431.863404 392.118605 388.239617 409.265195 429.802280 361.964087 400.465979 177.485211 388.634790 388.857300 240.201998 213.600094 210.760528 309.996774 282.113452 
258.000000 4.000000 4.000000 a 566.805963 411.986650 481.368881 361.610287 443.441090 253.931093 353.566118 415.216811 476.692773 179.134028 220.513038 511.894520 409.469169 346.238357 377.640040 422.564788 466.840444 388.850871 443.541430 373.439419 309.820916 399.592292 207.041059 459.131789 386.731173 341.177373 150.572242 237.118114 243.370089 376.920416 
178.000000 2.000000 1.000000 a 311.000000 355.287208 133.003759 94.191295 93.005376 321.012461 112.307613 166.412139 322.691803 335.161155 251.745904 217.057596 343.914233 118.680243 212.249853 243.287895 56.089215 204.482273 97.123633 386.079007 351.728589 210.304541 250.008000 38.209946 212.849712 200.997512 369.867544 224.082574 379.094975 161.471360 
144.000000 5.000000 4.000000 a 362.019337 215.132517 297.417215 230.887418 270.416346 55.659680 246.629276 223.181540 272.391263 27.313001 188.809428 313.102220 210.618138 196.290601 177.552809 218.490274 346.619388 189.763010 269.224813 189.488786 121.597697 199.251098 112.307613 332.813762 186.252517 299.040131 63.788714 110.453610 86.406018 311.948714 
183.000000 2.000000 1.000000 a 419.411492 226.931708 409.849973 374.145694 394.528833 132.853303 392.186180 331.593124 310.864922 137.003650 323.278518 400.281151 229.895628 336.514487 276.226356 295.381110 488.983640 289.126270 392.441078 172.539850 134.647688 293.981292 253.031619 474.216195 282.492478 441.430629 122.004098 255.976561 75.432089 457.055795 
151.000000 1.000000 3.000000 a 373.246567 176.819117 382.172736 369.499662 373.250586 122.331517 392.842208 304.527503 262.937255 156.604598 343.351132 362.932501 181.176709 328.799331 247.935475 258.311827 481.339797 260.340162 370.703385 120.154068 97.082439 263.153947 267.899235 465.405200 252.881395 454.138745 154.207652 263.774525 69.462220 464.436217 
193.000000 7.000000 3.000000 a 466.181295 360.922429 344.223764 201.791972 299.362656 211.236834 188.130274 292.138666 399.361991 150.442680 54.626001 393.275985 354.120036 196.328806 272.253558 325.332138 301.001661 280.044639 300.421371 344.681012 277.584221 292.417510 68.818602 294.435052 281.220554 180.421728 158.776573 101.316336 240.692750 211.879683 
242.000000 5.000000 2.000000 a 277.722883 296.070937 107.354553 61.522354 56.364883 258.073633 99.126182 112.294256 271.707563 276.524863 220.719279 184.816125 284.787640 63.198101 151.792622 188.472810 111.772090 145.361618 59.615434 324.077151 288.211728 152.712148 202.230067 93.813645 153.473125 204.501834 312.193850 172.742583 316.205629 175.111393 
244.000000 6.000000 2.000000 a 227.140925 294.884723 49.819675 136.029409 35.355339 297.107725 171.058470 106.606754 249.242853 330.122704 295.133868 133.633828 283.557754 132.230859 161.895028 177.800450 139.032370 150.880748 37.107951 334.246915 312.603583 152.433592 270.717565 122.065556 159.201131 273.056771 367.034058 239.175668 354.120036 238.447059 
222.000000 5.000000 3.000000 a 355.332239 256.134730 247.717581 144.837840 209.570990 125.924581 156.156972 186.131674 288.173559 104.809351 117.345643 286.447203 248.243832 117.273185 160.860188 213.581366 260.345924 169.248338 209.554289 249.256896 186.560982 181.466250 43.382024 247.923375 169.920570 211.532503 136.704060 20.615528 174.255559 221.298441 
291.000000 4.000000 2.000000 a 75.927597 143.836713 141.031911 270.407100 175.755512 245.578908 312.116965 116.726175 67.007462 313.459726 383.885400 69.526973 135.148067 235.747747 119.808180 68.767725 324.422564 112.361025 171.642069 199.832430 217.524711 99.859902 323.208911 306.339681 110.801625 417.353567 347.174308 291.247318 285.161358 395.551514 
186.000000 3.000000 2.000000 a 537.998141 437.833302 405.241903 248.943769 357.414325 286.681007 224.147273 360.435847 475.143136 221.273586 88.005682 461.151819 431.040601 254.420911 345.579224 399.281855 330.171168 352.525176 359.068239 420.611460 353.160020 365.016438 143.600139 327.604945 354.358575 176.139150 222.245360 173.908022 311.708197 218.036694 
131.000000 7.000000 2.000000 a 375.033332 390.806858 198.668065 78.492038 151.476071 325.640907 64.761099 212.607620 372.033601 322.667011 201.486972 281.064050 379.747284 121.037184 246.789384 287.892341 50.487622 242.243679 155.389832 412.662089 368.122262 250.856533 220.492630 49.244289 249.899980 129.634100 353.837533 202.267150 381.934549 88.408144 
175.000000 3.000000 1.000000 a 101.138519 140.117808 125.642350 245.177487 155.080624 225.079986 286.790865 91.350972 76.850504 290.738714 357.065820 68.308125 130.172962 209.668786 93.605555 45.177428 303.990131 85.702975 150.960260 192.865238 202.556165 73.239334 296.809703 285.748141 84.504438 391.601839 325.149197 264.697941 267.710665 370.714176 
220.000000 9.000000 1.000000 a 349.051572 151.330764 388.185523 402.176578 387.737024 163.294213 430.015116 313.695712 238.008403 213.712424 396.285251 355.077456 159.138305 359.456534 258.007752 254.686081 509.116882 269.081772 384.688185 94.366308 112.485555 268.882874 318.763235 492.197115 260.862032 500.577666 216.231358 309.782182 123.178732 506.463227 
231.000000 8.000000 5.000000 a 48.600412 170.557908 141.792101 285.497811 183.010929 276.090565 327.246085 134.260940 87.664132 343.351132 406.970515 60.008333 162.603813 253.665134 146.386475 97.908120 329.437399 137.644470 179.002793 227.635674 247.891105 125.399362 348.914030 311.751504 137.207871 433.415505 377.344670 316.442728 315.800570 409.037896 
154.000000 5.000000 3.000000 a 225.257630 190.276115 120.598507 129.838361 99.297533 163.024538 169.070991 50.249378 182.274518 202.940878 230.152124 150.572242 179.234483 88.277970 47.074409 96.628153 220.000000 46.097722 97.123633 215.520301 182.222392 57.706152 175.504986 202.252318 52.086467 269.417891 240.141625 142.144293 219.920440 254.544692 
243.000000 6.000000 2.000000 a 11.401754 208.273858 185.270073 339.977940 231.812424 330.820193 381.504915 191.859323 120.933866 400.232432 466.086902 101.965681 202.543822 310.409407 205.915031 156.083311 373.005362 197.306868 228.021929 266.582070 296.624342 185.043238 408.579246 356.035111 196.758736 488.037908 433.433963 376.085097 366.750596 461.415214 
155.000000 8.000000 2.000000 a 86.469648 114.756263 205.411782 326.098145 238.415604 253.387056 367.348608 173.184872 30.232433 327.452287 424.890574 131.034347 110.367568 288.362619 159.480406 105.759160 387.342226 156.310588 234.292552 172.803356 209.773688 144.360659 357.798826 369.139540 151.832144 470.663362 357.617114 327.983231 281.575922 452.054200 
150.000000 4.000000 4.000000 a 168.620877 184.718705 76.550637 166.330995 83.761566 207.009662 208.031248 13.000000 148.929514 257.598525 288.294988 89.375612 173.358011 132.502830 58.549125 68.796802 229.895628 45.705580 79.881162 224.474943 209.038274 43.382024 236.596703 211.513593 52.886671 313.397511 294.441845 203.147729 260.109592 291.686476 
106.000000 7.000000 4.000000 a 556.752189 457.035010 422.291369 264.151472 374.040105 305.373542 237.606818 378.746617 494.418851 239.033470 104.804580 479.309921 450.281023 271.398231 364.606637 418.369454 341.353190 371.441785 375.793826 439.396177 371.856155 383.942704 162.874185 339.629210 373.359076 182.010989 238.549785 193.000000 329.297738 225.435135 
186.000000 1.000000 1.000000 a 217.006912 306.528955 51.623638 165.858373 63.505905 321.645768 199.449242 124.482931 253.071136 358.022346 325.737624 126.810883 295.381110 163.082801 181.077332 188.986772 154.042202 169.162644 64.124878 349.468167 332.776201 168.715737 301.365227 138.740765 177.132719 299.347624 395.081004 269.640501 377.915334 262.834549 
237.000000 8.000000 1.000000 a 223.342786 190.184121 118.511603 130.418557 97.739450 164.760432 169.852878 48.020829 181.176709 205.060967 232.045254 148.394744 179.108905 89.140339 46.572524 95.425364 219.611020 45.011110 95.509162 216.004630 183.330303 56.435804 177.654158 201.814271 51.244512 270.534656 242.258127 144.277510 221.562632 255.327241 
126.000000 6.000000 3.000000 a 399.772435 409.831673 223.778909 92.784697 176.139150 336.657096 67.424031 235.053185 394.229629 328.124976 193.258894 305.897042 398.898483 136.565003 266.580194 309.480209 65.764732 262.773667 180.005555 429.308747 382.238146 271.884167 221.253249 70.035705 270.203627 108.466585 357.727550 206.494552 391.900498 65.053824 
272.000000 6.000000 1.000000 a 246.434575 220.077259 119.268604 99.824847 86.052310 179.203795 139.434572 65.192024 211.009478 209.002392 210.601519 165.193826 209.093281 59.008474 77.129761 125.035995 192.314846 75.166482 85.005882 243.429661 206.014563 86.005814 163.917662 174.897113 81.743501 241.099564 246.018292 130.384048 237.153958 224.891085 
184.000000 3.000000 1.000000 a 32.000000 230.555850 181.033146 341.123145 229.706334 347.936776 382.256458 197.474049 143.223601 415.740304 473.025369 101.019800 224.396970 314.006369 217.497126 170.293864 366.601964 207.932681 226.106170 288.839056 316.480647 196.022958 418.335989 350.121408 208.278659 488.779091 449.627624 385.416658 385.849712 460.297730 
117.000000 5.000000 1.000000 a 320.880040 311.332620 157.546818 9.848858 106.606754 244.573097 51.419841 144.499135 300.734102 248.845333 169.531708 230.262893 300.482945 38.418745 169.047331 214.932548 116.468880 166.373075 109.288609 330.684139 285.524080 176.377436 160.003125 102.552426 173.366663 157.851196 282.412818 134.350288 301.602387 135.033329 
140.000000 3.000000 2.000000 a 356.388833 333.030029 195.304890 28.319605 144.402216 248.485412 22.825424 177.485211 330.006061 241.000000 136.124943 266.833281 322.572472 60.008333 194.833262 244.018442 127.121989 194.064422 147.054412 346.850112 296.278585 205.002439 140.035710 117.515956 200.302272 123.166554 271.977940 120.420098 303.415557 106.887792 
133.000000 1.000000 1.000000 a 234.797785 91.662424 219.783985 239.426398 215.288179 85.146932 272.855273 142.863571 139.301831 158.398232 281.710845 204.413796 83.952367 195.616973 86.330759 99.849887 339.824955 98.234414 212.325222 97.128780 65.802736 100.424101 206.118898 322.386414 90.476516 359.489916 189.010582 182.537667 124.779806 355.460265 
189.000000 7.000000 1.000000 a 376.643067 421.900462 199.331382 130.142230 161.607549 374.817289 125.299641 234.401365 391.296563 378.549865 262.230814 283.289604 410.572771 167.630546 277.908258 311.364738 14.866069 270.968633 165.722660 450.111097 411.558015 277.497748 280.130327 32.449961 279.213180 178.474088 410.946469 259.988461 432.226792 133.093952 
230.000000 7.000000 4.000000 a 270.691707 266.176633 115.312619 60.671245 67.742158 220.531177 102.420701 93.263069 250.353750 240.187427 202.299283 181.573677 255.068618 35.805028 122.004098 164.906034 145.248064 117.720007 69.065187 290.630349 252.051582 126.905477 173.000000 128.003906 125.227792 208.338667 276.226356 141.661569 278.657496 186.171964 
242.000000 1.000000 3.000000 a 257.235301 319.001567 79.906195 120.933866 51.662365 308.690784 151.558570 128.724512 277.281445 335.276006 282.667649 163.783394 307.616645 126.751726 181.474516 203.002463 109.000000 171.493440 55.154329 355.688066 329.620994 174.656806 266.129668 92.265920 179.961107 249.825939 371.651719 236.177899 366.456000 213.100915 
137.000000 3.000000 1.000000 a 501.327238 325.854262 449.464125 365.759484 421.010689 182.386951 370.681804 374.994667 400.821656 126.194295 263.643699 461.963202 325.651654 338.178947 327.184963 362.498276 480.168720 339.795527 420.058329 279.415461 223.035872 348.367622 215.081380 468.700331 335.477272 390.000000 89.050547 233.925202 151.211772 416.592127 
223.000000 8.000000 4.000000 a 328.876877 382.920357 152.069063 118.511603 117.630778 350.274178 129.522199 193.132079 347.311100 363.064733 270.512477 235.790161 371.529272 146.778745 240.584704 269.651627 40.162171 232.422030 121.671689 414.772227 381.072172 237.741456 274.657969 29.000000 240.840196 206.787330 397.397786 250.059993 408.333197 164.054869 
170.000000 6.000000 2.000000 a 232.551070 88.566359 219.829479 241.588493 216.067119 87.658428 275.230812 143.178211 136.473441 161.220346 284.803441 203.246156 80.808415 197.767540 86.769810 98.508883 341.474743 98.488578 213.063371 95.015788 65.969690 100.284595 209.258214 323.989197 90.620086 362.227829 191.637679 185.607112 126.301227 357.974859 
117.000000 7.000000 4.000000 a 417.900706 227.659834 403.050865 363.389598 386.432400 124.454811 380.753201 324.858431 310.306300 124.470880 310.412629 395.921709 229.993478 326.259099 269.981481 291.254185 478.483020 282.936389 384.438552 174.748391 132.185476 288.249892 240.507796 463.896540 276.523055 428.882268 109.004587 244.034834 68.359345 444.896617 
217.000000 8.000000 3.000000 a 73.164199 129.294238 203.769478 330.732520 239.269722 266.745197 372.210962 177.101666 44.294469 340.383607 433.847900 126.245792 124.919974 294.015306 167.720005 113.547347 387.981958 163.600122 235.153142 187.299226 224.055797 151.380316 367.923905 369.891876 159.702849 476.319221 370.936652 337.646265 295.771872 456.483297 
136.000000 1.000000 1.000000 a 244.266248 75.643903 246.237690 268.419448 244.075808 85.802098 301.094669 170.417135 140.900674 162.289864 302.200265 224.180731 71.021124 224.664194 114.389685 119.339851 369.541608 125.706006 241.018671 68.541958 43.104524 126.463433 224.982222 352.115038 117.618026 385.389413 188.862384 204.088216 111.615411 382.962139 
174.000000 9.000000 2.000000 a 315.268140 351.604892 137.524543 81.024688 94.047860 311.785182 98.843310 164.395864 322.262316 323.867257 238.144914 221.144749 340.270481 107.563934 207.761883 241.350368 56.364883 200.663898 98.152942 380.654699 344.398026 207.183494 237.075937 38.013156 208.925824 189.380569 358.280616 211.603403 369.770199 150.943698 
223.000000 7.000000 5.000000 a 369.135476 172.965314 413.240850 427.263385 413.265048 186.593140 454.657014 339.053093 258.627145 232.793900 417.432629 378.565714 181.408379 384.667389 283.478394 279.100340 534.580209 294.477503 410.201170 117.443603 137.887635 294.105423 340.473200 517.696822 286.232423 523.688839 232.215417 332.741642 142.874070 530.457350 
129.000000 2.000000 1.000000 a 279.651569 251.406046 138.679487 67.067131 95.519631 191.230228 105.076163 98.086696 246.073160 208.136974 181.157390 195.304890 240.659511 24.186773 110.887330 160.153052 170.082333 110.004545 96.005208 270.453323 227.114509 121.103262 143.923591 153.837577 116.211015 205.878605 244.106534 111.628849 249.200722 190.517716 
115.000000 1.000000 4.000000 a 237.320458 231.294185 97.508974 97.128780 62.032250 202.081667 138.610966 57.070132 213.138453 233.008584 225.144398 151.433154 220.065899 63.158531 86.833173 127.738013 176.963273 81.344945 61.032778 259.023165 225.639092 89.988888 183.961953 159.028299 89.157165 243.577503 270.007407 150.721598 259.832638 223.035872 
141.000000 3.000000 1.000000 a 422.895968 434.728651 246.109732 117.183617 199.424171 359.011142 88.391176 259.794149 419.058468 347.466545 202.869416 328.867755 423.812459 161.012422 291.564744 334.408433 75.006666 287.772480 203.354370 453.714668 405.848494 296.863605 238.000000 84.380092 295.203320 103.247276 375.981383 225.639092 413.658071 57.384667 
123.000000 2.000000 2.000000 a 546.400037 386.260275 469.086346 358.139638 433.416659 230.202085 353.696197 400.406044 453.521775 157.546818 226.592145 495.154521 384.246015 339.241802 360.013889 402.905696 466.744041 371.651719 433.240118 345.891602 283.480158 381.937168 202.009901 457.930126 368.978319 350.656527 125.992063 229.706334 215.501740 383.897122 
Type de surveillance de chaque endroit(target):tab[nombre de target]
a a a a a a a a a a a a a a a a a a a a a a a a a a a a a a 