Nombre des capteurs:
30
Nombre des targets:
30
Nombre de type de surveillance:
1

Caracteristiques:
203.000000 4.000000 3.000000 a 473.032768 513.089661 302.337560 293.462093 181.107703 329.660431 394.077404 250.744890 58.137767 423.548108 467.124180 454.318170 308.585482 523.772852 301.400066 479.009394 502.189207 307.416655 497.096570 321.309819 382.487908 227.782791 71.400280 251.644591 434.897689 470.422151 531.416974 268.128700 362.415507 423.869084 
240.000000 7.000000 1.000000 a 247.163913 409.180889 57.567352 432.539016 163.884105 233.310951 303.712035 368.126337 335.276006 256.322063 229.270583 276.016304 134.331679 370.345784 272.058817 411.130150 417.468562 183.698122 281.902465 342.242604 230.184708 134.629120 234.478144 206.206207 286.555405 330.504160 395.132889 296.730517 428.598880 212.143819 
190.000000 5.000000 2.000000 a 165.653252 256.035154 103.773792 316.362134 128.222463 73.817342 144.222051 255.538647 318.190195 121.078487 163.682620 149.833241 26.907248 233.805475 124.036285 252.033728 260.654944 25.612497 188.095720 197.091349 83.198558 84.723078 238.597988 83.294658 142.579802 185.558616 251.914668 165.420676 286.150310 116.017240 
216.000000 1.000000 4.000000 a 248.744849 219.938628 217.039167 201.062179 151.082759 67.364679 103.600193 146.154028 279.331344 166.784292 256.859884 196.063765 147.353317 240.482848 8.246211 188.403822 209.618701 97.308787 256.470271 75.802375 132.003788 142.705991 235.372046 65.795137 162.289864 187.395304 242.260191 51.195703 164.514437 204.550727 
238.000000 8.000000 2.000000 a 302.324329 204.355083 297.469326 153.101274 221.720545 133.701159 121.807225 119.553335 306.757233 213.009389 315.063486 237.118114 226.108381 251.829307 76.694198 155.595630 183.831445 174.484956 301.802916 12.649111 188.247178 221.054292 287.085353 144.031247 196.305884 204.834079 242.495361 68.359345 87.664132 264.357712 
108.000000 2.000000 2.000000 a 370.885427 302.034766 311.724237 82.969874 196.824795 189.525724 208.540164 24.351591 220.054539 287.236836 378.910280 315.291928 255.219513 344.746284 125.514939 253.001976 281.584801 211.945748 377.413566 86.278618 254.017716 217.313138 224.521714 154.120083 278.172608 294.837243 338.289817 71.253070 106.531685 326.571585 
202.000000 6.000000 4.000000 a 157.457931 171.002924 188.448932 290.167193 190.706581 31.890437 58.137767 238.662942 357.598937 73.539105 168.297356 103.353761 111.427106 162.889533 89.022469 165.496224 173.968388 68.029405 163.217646 149.656273 41.109610 158.398232 295.237193 109.553640 74.411021 110.072703 174.255559 144.249783 234.047004 117.098249 
259.000000 8.000000 4.000000 a 266.007519 435.643203 85.088190 458.449561 187.552659 261.725047 331.621773 394.062178 350.365523 281.305883 246.675901 299.668150 162.348391 394.383063 300.562805 438.846215 444.623436 212.143819 301.378500 370.534749 256.727482 161.471360 249.242853 234.232790 312.217873 355.984550 420.023809 324.445681 456.610337 234.053413 
132.000000 3.000000 2.000000 a 285.224473 149.806542 319.864034 199.491854 266.174755 143.586211 98.081599 176.181724 365.892061 195.058965 301.734983 213.265093 243.836010 207.781135 108.466585 97.308787 126.589889 191.801981 277.848880 72.090221 181.135309 256.846258 341.474743 180.892233 170.695636 167.200478 193.196791 123.320720 109.444050 254.778335 
204.000000 3.000000 4.000000 a 21.931712 244.761108 201.556444 466.901489 301.809543 199.832430 208.830074 413.233590 495.395801 111.830228 15.811388 97.529483 173.833253 171.467198 264.282046 279.873186 268.151077 188.854441 49.658836 326.185530 136.132289 254.566298 411.000000 255.890602 138.538803 163.003067 204.804785 318.198052 407.592934 63.890531 
105.000000 3.000000 2.000000 a 525.818410 544.136012 363.962910 282.391572 235.229675 371.064684 429.075751 252.669745 46.529560 469.538071 521.775814 500.639591 363.056469 563.401278 333.588069 504.631549 530.023584 355.373043 547.644045 339.977940 428.509043 283.019434 131.320219 294.373912 477.356261 509.801922 567.736735 292.154069 365.584464 476.245735 
225.000000 3.000000 5.000000 a 395.637460 222.445499 425.000000 172.409396 349.274963 252.857667 209.847564 188.382589 398.453259 306.202547 413.168247 321.885073 351.135302 298.202951 204.892655 163.624570 192.002604 298.804284 385.268737 137.713471 293.846899 350.887446 401.463572 273.879536 279.529963 267.917898 275.109069 192.353841 75.325958 367.151195 
119.000000 8.000000 1.000000 a 263.592489 96.041658 333.839782 253.071136 301.663720 157.699081 89.498603 231.365512 417.258912 177.341479 283.128946 188.308258 256.425428 162.496154 144.031247 42.201896 71.421285 207.234167 249.899980 125.717938 175.362482 284.829774 385.939114 213.138453 147.135992 130.698125 143.251527 172.029067 157.581725 241.598841 
204.000000 9.000000 1.000000 a 286.274344 91.411159 367.631609 268.262931 336.168113 192.200416 121.794910 253.775491 446.256653 203.494472 307.092820 210.618138 290.244724 169.425500 178.070211 33.000000 61.131007 241.615397 269.180237 152.463110 205.883462 319.756157 418.646629 247.822517 171.467198 147.627911 144.419528 202.529010 167.630546 268.495810 
242.000000 8.000000 5.000000 a 204.707108 149.264865 236.171548 248.171312 209.611545 59.033889 31.144823 203.592731 351.978693 115.004348 218.508581 139.441744 158.927656 169.177422 65.000000 126.479247 142.790056 108.673824 203.887224 103.097042 93.637599 187.808413 303.942429 120.813906 99.724621 117.004273 169.614268 115.420969 182.164761 169.097605 
251.000000 9.000000 1.000000 a 428.444862 373.569271 340.277828 82.855296 208.165799 247.606543 276.795954 51.884487 164.878743 349.107433 433.866339 378.430971 296.006757 414.223370 187.459329 324.427188 353.135951 260.230667 438.456383 157.813181 313.065488 241.350368 198.002525 195.310010 343.495269 363.329052 409.029339 132.378246 161.623018 381.811472 
153.000000 3.000000 4.000000 a 216.390850 157.098695 239.384628 235.586502 205.039021 62.008064 42.638011 191.023559 342.171010 127.035428 229.682389 151.907867 162.609963 180.812057 55.072679 130.003846 148.475587 111.220502 216.226733 90.669730 103.846040 185.924716 296.710296 116.017240 112.361025 129.034879 180.069431 103.585713 171.020467 179.738699 
111.000000 1.000000 3.000000 a 170.519794 198.161550 168.585290 280.001786 162.249807 12.369317 80.808415 224.877745 331.694136 94.625578 177.814510 125.602548 91.268834 190.968584 77.103826 188.480768 199.331382 42.449971 181.245690 145.880088 55.461698 130.552671 267.202171 82.462113 101.257099 138.397977 202.714084 129.869165 233.623629 125.483067 
283.000000 6.000000 3.000000 a 354.746388 238.562361 343.402097 110.385687 253.339693 185.625968 171.842952 97.498718 303.916107 265.092437 367.763511 288.340077 274.754436 295.447119 125.239770 183.632786 213.824695 224.075880 353.239296 52.392748 241.014522 260.461130 301.822796 185.396872 246.894714 251.543237 282.242803 97.005155 37.202150 317.127735 
272.000000 9.000000 3.000000 a 31.000000 247.111311 172.652831 446.054929 272.618781 178.070211 196.290601 390.755678 466.717259 100.647901 14.212670 94.762862 144.616735 180.235956 243.032920 276.588141 267.994403 162.560758 67.007462 307.774268 117.098249 225.228773 381.561266 229.582229 131.487642 162.732910 212.228650 295.895252 391.448592 41.109610 
217.000000 3.000000 1.000000 a 102.883429 195.437970 302.907577 493.401459 382.341470 246.294539 219.093587 449.197061 567.366724 143.450340 122.188379 112.605506 259.326050 111.682586 302.319368 246.951412 225.142177 255.988281 69.354164 347.800230 183.662734 338.023668 492.659111 318.308027 146.700375 139.434572 143.000000 357.404533 415.523766 144.533733 
119.000000 6.000000 3.000000 a 454.133240 341.344401 412.074022 28.160256 295.832723 277.129933 275.757140 86.452299 273.227012 365.997268 465.130089 390.957798 352.978753 400.985037 212.360542 284.318483 314.841230 306.858273 455.431663 148.569849 338.023668 318.025156 306.471858 253.298243 350.344117 357.001401 386.943148 164.711870 89.643739 413.349731 
216.000000 5.000000 4.000000 a 207.152118 131.320219 252.539106 253.061257 228.560714 76.550637 21.377558 212.228650 368.048910 116.726175 222.685877 138.003623 175.137089 157.003185 81.006173 107.563934 123.911259 125.924581 203.000000 107.517440 101.710373 206.642203 322.121095 139.703257 96.332757 106.550458 154.673850 127.988281 180.224860 175.114248 
180.000000 9.000000 2.000000 a 518.700299 531.613581 361.167551 266.176633 229.612717 361.023545 417.484131 237.168716 35.355339 460.418288 515.349396 491.553659 356.910353 552.557689 321.726592 491.275890 516.979690 347.109493 539.741605 325.960120 419.486591 277.497748 129.522199 284.971928 467.309319 498.979960 556.181625 279.064509 349.961426 469.068225 
200.000000 4.000000 1.000000 a 353.782419 426.160768 177.611937 301.439878 70.213959 231.728289 304.573472 241.629882 156.160174 314.211712 345.937856 343.861891 189.274932 422.307945 224.008928 402.839919 421.222032 198.587512 380.295937 268.972118 274.155066 109.859001 55.785303 157.686398 330.904820 370.552291 435.129866 211.992924 335.953866 305.550323 
198.000000 7.000000 3.000000 a 21.095023 203.725305 204.619158 430.795775 286.379119 166.760307 167.529102 379.317809 475.820344 71.175839 43.931765 54.589376 161.027948 134.614264 229.654088 237.134983 226.152603 164.468842 30.232433 288.140591 101.390335 240.831892 396.717784 230.208601 95.859272 120.739389 166.868211 284.524164 367.575843 45.276926 
125.000000 5.000000 1.000000 a 394.461658 402.498447 260.491842 193.597521 120.266371 230.521149 286.790865 140.801278 96.020831 331.144983 393.554316 362.277518 238.296034 421.523428 191.400104 365.067117 389.463734 220.510771 413.058107 204.841402 290.518502 164.939383 85.755466 155.862119 336.689768 367.947007 425.455051 152.777616 248.919666 344.942024 
216.000000 5.000000 3.000000 a 426.029342 309.095455 394.254994 47.423623 285.035086 251.366267 245.507637 81.841310 284.585664 337.179477 437.833302 361.419424 331.846350 369.167983 187.320581 252.121003 282.639346 284.017605 426.129088 120.037494 310.644491 302.952141 307.319052 234.367233 320.382584 325.751439 354.802762 143.673240 58.000000 386.411698 
267.000000 6.000000 4.000000 a 414.837318 462.649976 246.077224 278.212149 123.036580 275.118156 342.252831 226.373585 89.005618 366.809215 408.867949 397.412884 250.337772 469.131112 252.253840 431.912028 453.616578 250.409664 439.159424 281.001779 325.848124 169.531708 13.416408 197.223224 379.381075 416.058890 478.223797 225.319773 333.024023 365.728041 
202.000000 1.000000 1.000000 a 453.477673 273.592763 478.357607 179.627392 394.220750 308.768522 267.777893 213.178329 420.459273 364.127725 471.097654 379.527338 405.764710 352.142017 257.526698 216.009259 242.668498 353.577431 442.634160 186.938493 351.512446 400.136227 435.765992 323.890414 337.250649 324.359369 327.258308 237.741456 106.887792 425.042351 
Type de surveillance de chaque endroit(target):tab[nombre de target]
a a a a a a a a a a a a a a a a a a a a a a a a a a a a a a 