Nombre des capteurs:
50
Nombre des targets:
100
Nombre de type de surveillance:
1

Caracteristiques:
213.000000 9.000000 1.000000 a 366.174822 225.142177 297.808663 231.501620 445.148290 158.256122 343.052474 254.259710 483.372527 235.051058 394.528833 518.564364 470.239301 243.528232 227.200352 468.479455 283.769272 301.877459 284.176002 258.874487 300.081656 203.297811 513.802491 119.251834 336.514487 285.049119 469.068225 323.600062 307.079794 461.209280 270.968633 227.481867 530.102820 394.118003 370.563085 526.653586 183.991848 160.078106 292.480769 138.195514 297.607124 204.244951 213.784939 460.671249 411.117988 461.235298 403.276580 439.191302 228.816520 462.497568 137.320792 421.293247 379.697248 417.080328 108.046286 155.647037 295.133868 83.150466 512.656805 229.176788 284.929816 456.838046 187.130970 388.902301 145.602198 380.938315 440.263557 281.007117 448.040177 321.161953 420.201142 364.544922 102.902867 345.904611 460.331402 317.252266 366.314073 366.154339 369.001355 454.816446 445.462681 211.766381 374.432905 250.071990 312.285126 247.420694 341.146596 412.059462 476.424181 446.767277 189.401690 356.405668 196.824795 113.441615 276.978339 106.400188 127.192767 308.025973 342.940228 376.160870 
139.000000 7.000000 2.000000 a 289.401106 258.785626 293.981292 155.080624 338.245473 136.014705 223.606798 126.873953 380.157862 264.775376 294.336542 465.130089 421.236276 118.004237 216.390850 367.241065 156.204994 178.339564 195.971937 131.973482 302.238317 203.246156 482.464506 9.055385 355.681037 157.492857 352.732193 301.479684 360.190228 416.889674 313.198020 226.002212 451.508582 313.984076 246.000000 445.714034 59.413803 98.234414 185.607112 29.000000 295.677189 92.179173 225.390772 404.654173 403.124050 379.021108 382.142644 434.513521 102.420701 424.646912 25.019992 313.695712 310.942117 293.027302 24.839485 198.929636 284.416947 166.171598 463.732682 286.644379 307.001629 362.505172 69.462220 351.923287 154.029218 271.486648 329.218772 281.215220 420.353423 335.180548 297.741499 239.169396 99.538937 391.465196 364.321287 343.700451 334.318710 255.033331 248.203546 448.197501 440.756168 266.552059 354.830946 130.049990 262.070601 198.881874 222.396043 290.258505 447.219186 361.964087 149.833241 337.890515 74.330344 142.695480 176.963273 48.414874 41.194660 362.111861 233.856794 254.043303 
295.000000 2.000000 3.000000 a 77.388630 334.941786 267.904834 178.263849 61.400326 266.180390 136.616251 257.381040 80.099938 329.256739 24.041631 219.111844 200.339711 223.555362 253.213349 63.007936 233.529441 179.824915 124.326184 227.501648 282.708330 273.994525 286.810042 320.440322 338.940998 245.087739 123.239604 227.178344 414.879501 210.297408 369.390038 268.895891 152.957510 61.400326 170.751281 143.892321 260.342083 248.583990 128.972865 329.006079 272.376578 220.537979 292.035957 171.268795 297.309603 83.934498 253.938969 323.001548 276.278845 232.122812 325.800552 55.072679 99.764723 168.869772 316.362134 340.248439 251.334439 383.678251 229.259678 387.330608 326.242241 50.219518 244.239636 200.384630 297.672639 69.720872 79.025312 274.448538 256.353272 318.989028 153.055545 180.471604 309.974192 416.270345 52.325902 349.665554 208.626460 84.202138 137.931142 326.442951 326.658843 374.585104 246.781280 195.931110 159.815519 189.594304 133.461605 145.526630 268.538638 64.761099 234.132441 243.938517 302.074494 325.591769 135.484316 360.555128 288.452769 418.025119 91.065910 147.275253 
155.000000 4.000000 5.000000 a 199.288735 203.708125 112.614386 255.031371 330.945615 263.706276 364.819133 426.792690 329.631613 192.439601 285.427749 162.151164 120.353646 383.815060 184.271539 313.600064 422.143341 380.612664 252.990118 399.809955 113.846388 206.518764 111.251966 396.349593 118.127050 433.761455 394.229629 91.678787 212.983567 101.833197 193.328736 182.131820 250.792743 209.745083 411.500911 257.503398 376.538179 294.945758 305.602683 421.390555 113.569362 338.212951 197.200406 138.513537 27.459060 231.607426 17.204651 52.773099 429.004662 84.095184 417.268499 325.600983 171.819673 427.649389 379.011873 262.377591 114.612390 338.741790 145.880088 238.767670 149.375366 278.548021 356.182537 70.802542 264.967923 322.865297 350.142828 130.096118 50.000000 114.127122 414.652867 417.369141 318.215336 191.023559 287.013937 142.045767 69.641941 327.360657 381.064299 60.415230 57.384667 240.775829 38.470768 355.629020 148.788440 198.012626 360.373417 405.513255 75.179785 236.763595 243.559028 55.362442 433.668076 296.184064 286.937275 432.325109 352.423041 215.740585 314.617228 393.040710 
252.000000 9.000000 4.000000 a 203.088651 249.947995 253.268632 81.498466 246.840029 121.753850 140.128512 98.086696 288.173559 252.178508 202.054448 385.063631 344.308002 60.440053 182.726572 275.045451 109.123783 104.062481 108.226614 80.280757 264.877330 180.966848 413.298923 100.647901 325.399754 117.200683 265.932322 247.163913 354.176510 342.527371 303.488056 197.385410 362.082863 225.729927 172.255624 355.709151 44.294469 73.661387 93.520051 109.658561 256.126922 2.236068 206.661559 324.679842 351.142421 289.207538 322.820383 383.157931 93.648278 353.566118 106.216760 222.389298 227.607118 217.101359 99.724621 209.124365 239.885389 210.344955 385.834161 291.075592 283.383133 270.440382 24.839485 284.369478 155.051604 180.579622 239.175668 244.920395 355.275949 302.988449 218.435345 168.243871 126.649122 377.588400 272.121296 319.615394 270.896659 164.711870 166.508258 395.000000 389.104099 271.709404 298.082203 50.328918 192.398025 139.176147 138.014492 209.861859 380.295937 271.621060 113.145923 283.015901 99.201814 163.615403 85.276022 140.356688 76.164296 356.674922 142.621878 174.522205 
184.000000 1.000000 1.000000 a 40.718546 254.607541 195.601636 102.883429 137.568165 186.131674 140.801278 227.336755 162.249807 249.561616 80.056230 226.761990 191.689854 186.601179 171.959298 145.055162 212.849712 164.012195 55.226805 197.185192 210.601519 192.052076 271.029519 258.257623 270.562377 225.008889 190.538710 160.639348 339.370005 194.504499 292.058213 188.047866 200.661406 62.936476 187.032083 195.412384 207.038644 174.427635 91.241438 272.058817 200.000000 164.201096 210.774761 167.868997 247.757946 128.809938 207.793166 277.194877 239.175668 211.021326 268.404545 121.202310 69.426220 204.963411 250.503493 258.124001 178.600112 303.591831 230.419183 306.887602 251.246891 125.319591 188.042548 156.604598 216.448608 103.247276 147.139390 199.491854 224.414795 249.160591 193.403723 193.227845 233.265943 344.818793 130.249760 278.001799 155.640612 104.292857 156.588633 284.176002 281.923749 293.470612 192.898937 156.262599 87.726849 107.466274 136.400147 183.806964 243.905719 113.017698 153.574086 185.270073 257.390754 245.350769 82.346828 299.247389 221.205787 342.476277 90.077744 168.620877 
283.000000 1.000000 2.000000 a 148.296999 114.738834 61.269895 117.324337 280.401498 114.947814 260.317114 290.082747 299.774916 108.060168 223.376364 253.805043 204.443146 248.213618 43.908997 282.072686 292.022259 260.111515 138.852440 266.300582 74.946648 70.327804 246.886614 246.416314 137.905765 302.649963 333.839782 58.523500 196.209072 193.932978 148.499158 53.366656 289.110705 175.034282 307.683279 289.468478 231.138487 145.344419 190.800943 271.827151 64.884513 196.305884 77.278716 199.323857 160.131196 233.362379 140.014285 191.846293 287.793329 194.370780 267.710665 264.764046 143.087386 336.630361 229.019650 140.235516 46.173586 207.850908 246.107700 166.883193 109.018347 255.000000 211.400095 120.933866 123.044707 243.248844 290.688837 58.728187 181.835090 115.121675 328.032011 310.407796 170.988304 205.138977 261.895017 139.445330 98.234414 239.885389 282.931087 205.060967 198.012626 156.156972 111.946416 223.329353 65.069194 57.384667 255.978515 318.064459 209.914268 226.055303 93.621579 94.641429 288.027776 156.284996 167.538055 282.391572 202.529010 199.288735 219.572312 295.006780 
105.000000 4.000000 5.000000 a 119.707978 143.377125 86.833173 98.615415 250.505489 119.670381 233.214494 272.106597 270.512477 137.277092 193.424404 241.298570 193.072525 229.512527 65.620119 252.833938 271.287670 236.211769 111.830228 246.758992 101.414989 90.708324 245.106099 242.167298 164.012195 282.334908 303.916107 68.359345 226.035395 184.910789 178.465683 79.006329 266.602701 147.122398 280.800641 266.101484 218.826415 140.388746 164.830216 265.706605 90.906545 181.024860 103.004854 184.010869 172.185946 207.634294 145.168867 204.198433 272.310485 189.002645 261.589373 234.797785 117.388245 308.327748 226.433213 161.554944 70.213959 223.785612 235.645921 195.724296 138.452158 226.497241 198.494332 115.104301 135.624482 213.663287 260.725910 87.321246 182.236111 141.495583 299.294170 284.036969 176.479461 233.863208 233.205918 167.621598 96.208108 210.753410 255.123500 216.009259 210.116634 184.089652 119.339851 203.002463 39.293765 40.311289 228.825261 289.352726 209.308385 199.160739 92.114060 104.004808 275.960142 168.928979 142.298981 280.144606 198.322969 229.124420 190.939781 267.262044 
271.000000 3.000000 3.000000 a 182.603395 368.435883 272.693968 313.753088 240.410066 371.570989 338.303119 447.897310 213.740497 358.286198 226.991189 34.481879 73.437048 408.678358 313.560202 204.941455 429.130516 376.523572 277.142563 417.444607 281.831510 339.979411 125.207827 474.936838 307.470324 441.163235 299.861635 228.116198 402.196469 91.049437 374.598452 321.110573 81.024688 164.344151 374.038768 92.649879 429.302923 379.906567 311.077161 491.961381 275.960142 386.264158 343.517103 70.327804 216.448608 121.004132 182.043951 223.394270 461.732607 108.903627 488.123960 250.031998 157.867033 368.086946 463.907318 409.255421 263.825700 476.900409 53.712196 413.620599 326.938832 173.933895 409.714535 157.190967 389.466301 273.001831 265.277213 288.716124 145.986301 298.303537 351.205068 383.766856 427.468127 383.063963 180.601772 329.461682 182.148291 286.714143 341.235989 216.300717 223.080703 410.157287 199.969998 378.549865 217.554591 282.688875 334.773057 345.023188 134.134261 139.230025 340.824002 212.398211 480.607948 422.806102 305.458672 515.686921 434.191202 405.112330 288.617394 350.463978 
233.000000 9.000000 2.000000 a 132.672529 284.015845 253.503452 88.684835 153.378617 176.161857 69.028979 135.417872 194.589311 282.519026 109.622078 318.680090 284.740232 96.747093 202.726417 181.727818 119.820699 72.993150 55.946403 105.004762 267.725606 213.016431 363.446007 194.115945 330.647849 131.973482 178.070211 230.488611 382.214599 287.367361 331.605187 219.859046 278.001799 148.246416 115.277925 270.336827 131.244047 141.509717 2.236068 200.249844 257.410179 93.520051 237.406824 260.537905 328.347377 205.299781 291.880112 359.339672 150.083310 303.199604 197.202941 129.034879 162.431524 149.566039 192.924856 263.696796 237.153958 286.027971 323.123815 332.866340 299.474540 179.513231 116.361506 243.977458 211.872603 87.863531 147.139390 251.453773 313.996815 307.949671 144.931018 117.443603 204.198433 396.625768 180.413414 332.031625 238.201595 73.246160 94.339811 368.184736 364.594295 315.729314 272.693968 67.424031 160.012500 138.032605 65.000000 135.148067 335.073126 186.603858 151.211772 261.604664 173.233946 231.613903 26.248809 233.205918 167.355908 385.105180 49.819675 105.683490 
151.000000 7.000000 3.000000 a 161.913557 407.181778 319.189599 297.558398 152.397507 374.621142 271.464546 395.540137 116.004310 398.664019 161.148999 138.538803 154.547727 361.543912 336.535288 112.449989 370.951479 317.279057 248.805145 365.715737 331.603679 361.731945 228.422853 451.655842 372.228424 382.294389 204.002451 272.222336 462.776404 172.539850 426.469225 348.528335 26.400758 133.764719 298.216364 14.422205 395.323918 368.907848 265.505179 463.001080 323.261504 353.960450 372.542615 131.095385 296.233016 66.648331 254.943131 310.942117 414.421283 195.887723 459.579155 168.866811 154.019479 282.460617 445.028089 432.483526 306.000000 489.638642 156.464053 457.394797 378.699089 92.135769 377.976190 212.398211 400.384815 202.588252 176.918060 332.001506 231.948270 357.945527 265.022641 309.025889 425.747578 451.541803 95.273291 390.483034 233.345238 219.237314 267.226496 307.327187 312.078516 449.525305 263.400835 333.424654 231.814581 286.895451 268.828942 260.654944 228.805594 82.200973 341.790872 270.120344 439.508817 432.001157 268.203281 492.447967 415.935091 465.879813 229.093867 274.191539 
190.000000 2.000000 5.000000 a 20.024984 265.635088 199.461776 125.195847 129.251692 205.766858 153.883072 248.243832 148.296999 259.788375 74.202426 205.645326 172.742583 208.165799 184.567061 130.698125 232.206804 181.892826 78.568442 217.919710 214.373506 206.293480 254.283307 281.556389 272.200294 244.368574 186.815417 160.704698 345.752802 177.011299 299.901651 199.912481 177.459855 39.623226 198.403629 172.409396 230.204257 196.596033 111.400180 295.392959 203.924005 187.427319 223.304725 147.678705 240.626266 105.948101 199.060292 268.882874 261.047888 194.928192 291.743038 116.400172 51.039201 211.549049 273.629311 274.147770 182.704680 322.832774 210.237960 318.026728 257.157539 107.228727 211.303100 146.321564 234.787138 106.850363 142.411376 205.294910 211.284169 251.590938 198.600101 205.548048 254.472002 348.432203 113.004425 281.641616 148.946299 111.615411 166.676333 274.694376 273.265439 305.630496 187.042776 177.924141 90.824006 123.199026 149.626201 189.404329 229.008733 90.785461 172.956642 181.466250 280.080346 264.609146 104.709121 322.552321 244.264201 348.891100 101.788997 178.353581 
219.000000 2.000000 1.000000 a 282.363241 174.413302 228.650388 148.660687 366.305883 76.694198 273.514168 208.664803 402.951610 182.043951 313.904444 437.012586 389.278820 186.131674 153.026142 387.571929 232.331659 238.321212 202.200396 204.384442 233.653590 132.502830 437.476857 88.588938 279.508497 236.698120 395.001266 248.072570 271.884167 381.167942 227.264163 157.165518 446.239846 310.386855 306.819165 442.814860 130.384048 78.102497 216.148097 117.630778 229.270583 136.062486 149.281613 378.450789 342.112555 377.493046 329.236997 371.892458 188.520556 384.011719 114.490174 342.965013 295.940872 351.660347 67.742158 109.384642 223.089668 78.032045 431.928235 196.379734 228.560714 374.432905 125.399362 310.000000 74.732858 303.949009 363.324923 213.213508 372.323784 261.082362 352.476950 302.483057 19.849433 305.635404 378.227445 264.121184 288.466636 290.248170 300.241569 386.855270 378.216869 176.465294 300.554488 184.621234 229.897803 164.438438 271.016605 343.656806 400.475967 363.207929 106.301458 282.644653 165.423698 52.952809 198.338095 107.786827 65.734314 273.585453 266.422597 308.758806 
100.000000 5.000000 3.000000 a 224.722051 333.929633 238.600084 333.701963 317.844302 370.255317 396.031564 489.505873 298.377278 322.845164 291.755034 61.717096 72.062473 447.636013 298.670387 286.923335 476.185888 426.607548 310.464169 459.739056 243.238566 323.904307 32.572995 491.065169 250.459578 488.345165 380.532522 202.940878 344.363180 70.213959 326.741488 301.257365 174.897113 217.230293 437.100675 185.913959 456.483297 390.360090 354.543368 512.298741 240.636656 414.270443 320.224921 99.408249 150.153255 197.448728 131.026715 146.167712 498.663213 62.801274 508.248955 322.601922 194.139125 438.985193 476.707457 387.114970 235.372046 461.139892 44.418465 371.712254 282.242803 252.810205 435.983945 136.824705 379.863133 337.037090 341.760150 256.204996 84.118963 247.541916 423.023640 445.646721 427.018735 318.147764 260.547500 274.934538 158.902486 347.828981 404.190549 135.092561 144.003472 372.667412 157.632484 417.382319 224.058028 288.383425 392.011479 415.640470 58.821765 212.256920 343.681539 174.622450 511.660043 412.825629 343.011662 530.249941 447.823626 346.975503 344.000000 414.744500 
212.000000 2.000000 3.000000 a 286.027971 50.249378 141.400141 195.563289 406.970515 112.929181 351.717216 326.753730 433.041568 61.294372 349.366570 388.711976 339.023598 294.159821 102.313244 415.650093 342.953350 331.810187 243.515913 313.968151 137.974635 79.158070 362.178133 223.787846 161.548754 350.224214 452.094017 181.176709 135.712932 325.591769 94.191295 89.822046 432.255711 314.192616 394.320935 432.633794 249.609695 160.514797 282.214457 253.160028 139.463257 236.211769 65.969690 338.540987 246.985830 375.470372 249.927990 271.670757 312.129781 320.062494 249.777901 387.659645 285.156098 433.058887 202.607996 27.313001 146.123236 95.509162 378.191750 60.415230 111.018017 392.103303 237.002110 252.715255 79.246451 357.393341 412.310563 123.810339 297.058917 149.040263 428.911413 393.284884 126.716218 171.236678 398.282563 140.730238 227.705951 348.919762 377.955024 287.836759 277.721083 40.311289 222.423020 281.168988 206.770404 163.624570 348.058903 419.100227 324.967691 366.852832 132.834483 205.419084 295.465734 83.815273 258.629078 243.402958 191.149156 137.317151 325.379778 388.830297 
240.000000 2.000000 4.000000 a 202.871881 179.877736 91.065910 244.663034 338.000000 246.077224 362.990358 417.766681 339.802884 168.582324 289.882735 184.878338 141.173652 374.957331 165.496224 323.289344 414.981927 375.564908 247.695377 391.623544 90.785461 186.507373 135.624482 380.504928 94.366308 426.382457 400.472221 78.000000 189.391130 123.016259 168.751296 161.891939 268.972118 216.379297 410.202389 275.000000 364.197748 279.807076 301.051491 406.252385 91.525953 327.152869 175.570499 156.732256 26.019224 244.476993 32.140317 58.034473 418.478195 107.056060 402.139279 330.945615 177.519013 428.920739 362.592057 239.885389 95.273291 316.602274 169.168555 214.217180 124.867930 288.804432 344.071214 78.816242 245.106099 325.055380 356.046345 108.166538 74.330344 89.554453 416.624531 415.480445 299.536308 169.189243 297.200269 117.881296 69.404611 328.249905 380.616605 70.576200 64.000000 216.453228 31.384710 347.541364 143.251527 186.010752 358.521966 407.259131 99.764723 247.951608 227.903488 42.426407 421.303928 275.659210 281.186771 415.550238 336.732832 192.200416 313.969744 392.718729 
272.000000 9.000000 1.000000 a 173.807365 405.087645 313.772210 311.204113 183.847763 383.356231 298.854480 420.005952 149.083869 395.979797 186.943842 110.453610 134.260940 384.469765 338.787544 144.499135 396.769454 343.069964 265.324330 389.867926 325.259896 364.627207 201.419959 468.585104 361.221539 408.335646 237.103353 266.908224 453.745523 152.856142 420.201142 349.521101 10.295630 147.512711 327.881076 21.095023 414.907219 381.764325 287.200279 481.565157 317.630288 372.796191 373.262642 115.121675 279.308074 83.096330 239.927072 291.238734 437.675679 175.045708 478.012552 198.879360 160.103092 314.097119 460.678847 435.487084 301.809543 496.214671 129.189783 453.987885 372.134384 120.880106 396.828678 202.247373 406.950857 230.262893 208.626460 327.768211 212.077816 348.574239 296.708611 338.496676 436.295771 439.682840 125.171882 380.888435 225.000000 246.333108 296.319085 286.225436 291.815010 447.508659 251.676380 355.624802 235.034040 294.271983 295.976350 291.972601 205.652620 101.607086 350.838994 260.376650 461.247222 439.317653 287.586509 509.558633 431.236594 456.798643 254.190873 303.842064 
103.000000 6.000000 2.000000 a 58.940648 245.660335 159.812390 169.743925 187.448660 227.035240 232.131428 319.277309 190.286626 237.210877 142.172431 140.459959 99.624294 277.481531 177.115781 173.358011 306.471858 258.031006 140.520461 289.527201 173.173324 203.027092 177.011299 330.727985 221.386540 318.611048 250.449596 113.564959 306.574624 100.717426 267.046812 187.984042 154.495955 65.946948 276.508589 155.029030 289.435658 234.360833 184.783657 349.181901 164.073154 246.629276 211.834841 79.924965 170.082333 103.576059 126.657017 195.880065 328.841907 117.106789 345.249185 181.818591 28.635642 287.308197 318.910646 273.853976 145.581592 336.309381 140.630722 296.060805 219.965906 139.789127 269.235956 73.109507 247.487373 182.000000 206.305599 171.420536 133.454112 203.973037 273.366055 283.783368 282.363241 300.832179 148.003378 236.239285 83.761566 188.809428 244.524027 199.969998 199.692263 288.001736 121.037184 247.196278 74.242845 137.611773 227.861800 264.599698 150.764717 101.592323 195.685973 120.933866 343.351132 280.444290 172.791782 371.215571 289.254213 309.725685 180.049993 256.041012 
248.000000 4.000000 2.000000 a 239.140126 94.578010 50.931326 226.294056 377.482450 194.208651 370.757333 395.949492 389.236432 83.528438 322.869943 272.464677 225.577038 355.249208 116.498927 371.721670 400.655713 370.785652 249.262913 374.005348 36.235342 127.003937 226.894248 331.006042 27.313001 410.858857 435.349285 89.961103 105.574618 208.676784 77.252832 104.479663 343.838625 260.800690 418.269052 347.867791 330.498109 237.741456 301.663720 359.168484 46.754679 300.433021 106.920531 235.104232 105.118980 305.394826 120.166551 127.283149 390.554734 196.163197 355.202759 365.053421 222.697104 445.748808 311.040190 161.548754 67.882251 238.365266 258.118190 122.873919 34.655447 340.230804 312.144197 146.085591 181.592951 348.726254 391.111237 53.712196 165.710591 5.000000 436.285457 421.213722 239.526616 99.849887 348.093378 33.837849 123.911259 347.247750 392.756922 143.533968 133.225373 126.732001 98.994949 332.036143 158.600126 167.573864 366.383679 426.390666 191.426226 303.896364 187.320581 88.005682 385.688994 207.125566 278.476211 361.011080 289.389012 108.664622 328.207252 404.901223 
256.000000 4.000000 1.000000 a 192.260240 73.925638 73.498299 126.810883 318.680090 86.284413 281.689545 289.399378 341.621135 70.491134 261.007663 300.647634 251.023903 249.996000 10.000000 324.038578 296.939388 272.855273 163.670401 269.295377 80.305666 24.207437 286.735069 223.439030 135.712932 306.471858 368.316440 96.938125 169.711520 239.436839 118.928550 7.211103 337.616647 220.020454 327.665988 337.763231 221.677694 128.565159 210.639502 251.049796 74.525164 193.545860 30.066593 247.358040 186.681547 280.503119 175.840837 216.667949 282.412818 237.655212 247.032387 301.091348 190.163088 361.203544 204.083316 91.706052 68.000000 161.721984 292.001712 125.865007 92.135769 298.886266 203.730214 165.858373 82.365041 275.045451 326.545556 59.304300 220.843836 114.127122 354.492595 328.811496 136.926988 187.771137 305.380091 128.316016 141.767415 269.156089 306.271122 231.486501 222.991031 112.378824 146.996599 229.172424 111.758669 77.414469 277.584221 344.501089 249.262913 272.222336 78.746428 128.968989 276.557408 114.039467 186.453748 255.642328 181.002762 172.557237 246.981781 317.970124 
236.000000 6.000000 1.000000 a 161.400124 394.554179 342.052628 209.668786 52.810984 300.707499 85.586214 216.226733 95.880134 390.866985 74.946648 308.475283 292.720003 195.017948 310.885831 93.300589 185.270073 136.528385 159.380049 190.709203 357.050417 326.827171 379.300672 314.428052 416.941243 194.671518 50.249378 306.315197 484.421304 302.978547 435.993119 327.832274 226.214500 152.502459 95.880134 214.946505 246.983805 269.267525 129.015503 314.610871 346.439028 216.540989 348.772132 263.469163 385.709735 168.297356 343.083080 412.723879 241.058084 324.804557 312.270716 39.319207 188.679623 79.006329 316.537518 385.206438 325.038459 413.400532 319.939057 445.941700 396.894192 116.348614 236.719243 289.560011 335.752885 45.694639 30.232433 345.388187 348.393456 395.637460 62.072538 107.186753 332.121966 491.202606 111.018017 424.420782 294.869463 55.326305 69.310894 417.085123 416.692933 430.633255 333.121599 175.823775 234.068366 243.402958 85.422479 56.222771 361.178626 150.960260 272.618781 328.032011 273.514168 357.967876 148.973152 350.703579 293.025596 487.493590 79.511006 72.670489 
247.000000 6.000000 4.000000 a 291.430952 225.577038 270.248034 154.029218 355.844067 111.323852 249.288989 164.584325 395.834561 232.458598 307.923692 459.322327 413.493652 149.833241 192.634369 381.791828 191.981770 207.696895 202.039600 165.939748 277.050537 176.028407 469.140704 35.227830 327.074915 194.465935 376.336286 283.240181 324.866126 407.443248 279.270478 199.969998 455.636917 317.800252 276.421779 450.834781 90.470990 86.052310 202.200396 63.953108 271.459021 111.157546 196.040812 399.361991 382.049735 384.314975 364.724554 412.801405 141.509717 413.037529 60.901560 331.602171 309.764427 322.893171 15.811388 162.560758 262.434754 125.865007 456.277328 249.899980 277.064974 373.450131 93.005376 339.271278 122.147452 290.327401 349.284984 256.142538 405.368968 307.527235 326.075145 270.542048 64.629715 357.717766 376.123650 313.312943 319.765539 274.854507 275.045451 427.141663 419.104999 229.923900 336.618478 156.000000 252.733061 187.224464 247.517676 318.001572 432.948034 368.321870 132.382023 319.119100 114.629839 105.948101 189.232661 58.694122 35.468296 326.643537 252.253840 282.044323 
245.000000 2.000000 4.000000 a 150.572242 225.656819 211.513593 33.241540 213.234613 110.494344 131.518060 141.152400 250.960156 225.621364 162.225152 331.006042 290.077576 98.478424 148.808602 236.222353 141.509717 114.690889 56.639209 115.948264 224.403654 154.175225 359.706825 146.659470 286.722863 152.108514 243.665755 199.271172 327.282752 288.405964 276.210065 165.239221 312.187444 174.656806 173.899396 306.528955 98.412398 76.006579 64.938432 160.704698 214.853438 55.713553 179.610690 270.573465 302.592135 239.820766 272.007353 334.534004 143.349224 299.793262 156.974520 189.789357 173.948268 212.903734 140.064271 199.022612 196.702822 220.004545 331.621773 272.238866 249.353163 226.744349 78.294317 231.510259 146.328398 151.082759 210.342578 205.730406 302.654919 263.941281 209.859477 173.404152 139.057542 345.962426 229.505991 284.184799 219.276082 138.177422 158.094908 345.638540 340.324845 254.238077 248.394847 72.801099 139.807010 93.300589 128.035151 200.262328 327.181907 223.035872 88.232647 234.232790 153.075145 165.326949 45.177428 187.608635 111.507847 330.024242 114.070154 168.620877 
126.000000 6.000000 5.000000 a 142.435951 355.574184 262.834549 277.893865 192.761511 343.093282 291.343440 403.707815 167.967259 346.157479 179.524372 71.589105 83.240615 365.395676 292.656796 158.142341 383.782490 330.783917 237.200337 373.250586 273.885012 318.851062 158.382449 438.247647 308.561177 395.738550 252.976283 216.233670 401.360187 101.518471 368.657022 302.324329 50.328918 120.933866 326.338781 58.309519 389.313498 346.469335 267.434104 453.689321 266.582070 346.433255 325.729949 62.369865 227.055059 73.006849 187.243157 240.168691 418.660961 124.531121 449.952220 202.039600 121.827747 320.099984 428.516044 389.422650 251.531310 453.054081 87.664132 403.635975 320.563566 126.289350 370.202647 150.003333 364.247169 225.428481 217.559187 277.353565 160.996894 296.204321 303.237531 336.162163 397.684548 386.928934 133.180329 328.440253 173.233946 239.459809 293.601771 236.038133 241.074677 397.920846 199.007538 335.529432 191.002618 253.505424 287.904498 297.026935 157.200509 91.350972 311.231425 208.060087 439.062638 397.166212 263.622837 479.212896 398.810732 404.400791 242.330353 302.696217 
119.000000 5.000000 3.000000 a 382.507516 294.151322 353.544905 245.448569 436.606230 198.123699 319.695167 208.009615 478.565565 302.914179 392.500955 551.449907 505.407756 211.021326 277.431073 465.580283 241.074677 272.209478 291.204396 221.531036 358.520571 257.421833 559.171709 89.894382 402.613959 239.075302 449.320598 371.247896 383.950518 499.009018 344.052322 282.078003 546.209667 408.309931 337.622570 540.991682 155.900609 178.227383 283.980633 89.944427 354.189215 190.515091 273.590936 491.538401 466.906843 474.318458 452.729500 496.794726 180.069431 503.924598 91.591484 412.043687 401.639142 384.759665 95.131488 225.268728 347.637742 161.623018 548.205254 306.022875 351.176594 460.157582 167.839209 429.959300 199.449242 369.770199 427.200187 338.125716 494.716080 384.984415 391.107402 329.655881 143.377125 421.096189 462.200173 385.752511 409.695009 353.192582 343.292878 511.712810 503.119270 287.445647 424.231069 227.059464 344.607023 278.878110 318.818130 384.246015 522.593532 457.800175 222.811580 406.444338 144.222051 173.277235 274.570574 52.392748 124.651514 385.170092 332.222817 348.122105 
299.000000 3.000000 3.000000 a 141.428427 385.332324 327.273586 207.617437 26.627054 299.046819 104.004808 235.274308 71.700767 380.926502 54.561891 281.007117 266.580194 210.304541 301.850957 66.640828 205.779008 154.673850 154.719100 208.216234 342.252831 319.530906 353.226556 324.913835 400.824151 215.863383 58.249464 289.394195 471.851672 277.431073 424.407823 318.487048 198.295234 129.247824 121.741529 187.109594 258.814605 271.471914 133.555232 327.438544 331.710717 225.197691 340.308683 237.191905 364.516118 140.513345 321.400062 390.708331 258.822333 299.643121 324.839961 13.038405 166.817265 107.042048 325.281417 380.867431 310.357858 414.043476 292.801981 437.268796 383.662612 88.277970 246.738728 267.800299 333.289664 45.122057 15.297059 331.850870 324.422564 380.032893 90.005555 132.849539 334.539983 476.508132 83.024093 409.659615 274.721677 61.098281 92.649879 394.405882 394.462926 422.796641 313.001597 188.281704 218.577217 234.957443 102.825094 84.291162 336.181499 123.470644 269.416035 309.006472 289.830985 357.453493 150.402793 362.542411 300.273209 474.958946 83.198558 97.943861 
207.000000 3.000000 3.000000 a 125.602548 164.222410 73.171033 161.198635 264.236636 181.397354 276.826661 332.728117 273.695086 154.741720 211.766381 187.523332 137.844115 289.761971 110.634533 256.267438 328.635056 288.600069 160.723365 305.895407 86.145226 136.652845 180.369066 307.826250 136.565003 340.154377 324.205182 26.476405 219.494875 126.372465 180.543624 115.965512 235.688354 145.413204 324.260698 238.075618 283.557754 205.992718 214.086431 331.508673 77.317527 244.524027 137.767921 136.124943 112.294256 190.625287 80.224684 143.753261 335.053727 126.506917 327.391203 253.810953 106.929884 345.068109 291.770458 204.083316 60.299254 274.710757 178.832324 212.475881 133.090195 224.403654 263.077935 53.037722 190.965966 242.886805 279.635477 86.284413 116.619038 117.783700 333.600060 329.200547 237.993697 215.188290 232.312290 149.696359 30.886890 244.468812 295.340481 153.941547 149.281613 206.526027 56.885851 261.725047 56.302753 105.759160 272.354548 324.013889 144.027775 188.215302 156.540730 45.617979 340.599472 224.153965 194.280725 345.469246 263.928020 222.647704 228.779370 307.507723 
246.000000 1.000000 4.000000 a 203.678668 160.524141 180.069431 71.386273 292.684130 31.144823 213.845739 186.142419 327.319416 163.682620 238.436574 363.141846 316.622804 150.986754 103.174609 311.448230 199.724811 188.904738 125.765655 170.836179 189.129585 94.556861 371.636920 117.388245 245.448569 207.562039 326.879183 187.360615 264.969810 310.098371 214.767316 114.756263 367.720002 231.672182 253.570503 364.166171 113.296072 18.973666 148.660687 143.265488 182.002747 92.763139 119.402680 303.646176 288.542891 298.779183 268.479049 319.931243 175.453698 315.425110 139.168962 270.149958 218.002294 294.884723 100.304536 119.620232 169.955877 137.058382 359.424540 200.471943 199.449242 296.735573 97.061836 241.660919 65.459911 233.308808 292.042805 168.190368 308.176897 224.017856 292.827594 251.563113 60.745370 290.594219 300.832179 236.279496 222.380305 221.305219 240.684441 333.624040 326.171734 181.107703 240.800748 137.437258 155.862119 90.000000 210.622886 283.365488 335.596484 284.541737 35.440090 223.651515 166.928128 81.584312 127.663621 153.941547 73.545904 267.366789 197.121790 250.710989 
257.000000 2.000000 5.000000 a 241.234326 59.405387 52.345009 208.021633 377.461256 165.060595 358.587507 373.172882 393.178077 48.259714 321.236673 296.966328 248.646335 333.640525 92.574294 375.490346 380.295937 354.090384 237.625756 352.854077 40.112342 97.672924 257.978681 300.601065 56.320511 389.991026 432.695043 99.181652 97.508974 232.774569 55.081757 77.833155 360.068049 265.346943 405.557641 363.034434 304.685083 210.772389 288.175294 329.192953 48.166378 277.319311 75.059976 254.848975 138.592929 315.670715 148.060798 162.200493 365.892061 222.697104 325.295251 363.067487 228.954144 435.965595 280.257025 126.317061 67.186308 203.036942 283.825651 93.230896 9.219544 345.775939 287.137598 165.060595 149.164339 342.934396 389.104099 42.953463 194.858923 39.812058 427.678618 407.618694 207.241405 106.301458 353.277511 44.598206 140.911320 339.689564 381.879562 178.404036 168.217122 94.047860 123.490890 312.195452 157.581725 152.305614 354.317654 417.699653 221.652882 312.059289 162.336071 109.201648 358.733885 173.173324 264.342581 329.151941 259.976922 100.647901 319.214661 393.874345 
266.000000 3.000000 5.000000 a 203.179723 100.603181 124.739729 101.079177 315.298271 35.000000 257.769277 246.710356 344.036335 102.727796 258.118190 337.005935 288.175294 209.723628 47.434165 327.000000 258.001938 240.831892 149.646250 229.473310 131.745968 32.984845 331.995482 172.142383 185.083765 266.580194 358.280616 142.172431 204.685124 278.603661 154.019479 55.009090 360.251301 232.019396 301.239108 358.745035 174.977141 80.653580 187.843020 200.010000 125.936492 151.716842 57.775427 280.413980 237.191905 296.978114 223.235302 267.591106 237.008439 279.760612 196.022958 295.096594 208.806130 338.989675 152.643375 76.941536 117.652029 127.953116 330.346787 144.941367 138.003623 306.282549 158.404545 206.118898 39.115214 263.469163 319.277309 110.765518 266.597074 164.246766 334.516068 300.800598 86.815897 229.085137 311.777164 174.874241 183.662734 254.568262 283.809795 282.177249 273.906918 126.826653 194.550765 192.587642 134.238594 76.295478 254.025589 324.679842 294.838939 285.805878 39.204592 176.649370 228.232338 72.422372 164.149322 204.198433 130.138388 207.195560 230.932891 294.837243 
112.000000 3.000000 3.000000 a 228.982532 39.217343 57.801384 178.868667 361.566038 130.230565 332.704073 340.424735 380.825419 29.427878 304.384625 307.548370 258.154992 301.597414 61.846584 363.111553 348.832338 325.000000 213.215853 321.012461 53.740115 63.063460 277.892065 265.544723 91.087870 358.217811 414.120755 101.242284 118.444080 243.772435 68.505474 45.486262 360.455268 255.001961 379.051448 362.244393 270.691707 176.527618 261.767072 294.151322 55.470713 244.640553 40.012498 260.440012 164.027437 310.272461 165.701539 190.394328 332.280002 236.839608 290.258505 345.527134 221.000000 411.534932 245.203997 96.254870 65.520989 173.415686 296.060805 88.005682 41.976184 335.359509 253.513313 172.168522 114.354711 322.262316 371.355625 40.718546 212.868504 72.567210 404.200445 380.465504 172.418096 135.679770 342.441236 78.854296 147.122398 317.568890 356.854312 206.312869 196.596033 81.252692 138.452158 281.256111 144.931018 126.657017 328.536147 394.200457 240.709368 304.581680 129.282636 121.794910 324.279201 139.463257 237.655212 294.244796 225.008889 121.379570 296.082759 368.676010 
237.000000 7.000000 1.000000 a 256.797586 421.521055 398.302649 226.556836 187.552659 300.629340 83.677954 122.036880 230.325856 421.445133 188.520556 430.227847 406.036944 129.340636 343.559311 228.035085 89.140339 81.688432 200.571683 112.805142 412.419689 350.052853 490.324382 253.179778 475.378796 91.268834 157.384879 374.774599 522.850839 412.685110 471.831538 360.351218 358.733885 260.491842 41.303753 347.938213 188.223272 255.248898 147.146186 241.298570 402.165389 181.176709 375.474367 378.382082 470.196767 295.149115 431.653796 500.483766 150.119952 431.769614 240.532742 169.920570 287.862815 68.767725 263.910970 389.790970 382.027486 392.230799 439.010250 467.376722 442.596882 247.879003 189.612763 381.040680 335.644157 142.425419 164.623814 395.706962 448.295661 452.636720 83.546394 32.062439 309.079278 539.741605 243.680118 476.004202 378.651555 130.015384 74.168727 508.178118 505.446337 448.900880 414.657690 133.255394 302.986798 281.602557 88.056800 83.234608 466.267091 276.354844 283.351372 404.717185 186.217615 346.560240 170.017646 279.216762 250.784768 525.632001 135.517527 65.115282 
172.000000 2.000000 1.000000 a 183.774318 290.082747 277.194877 99.297533 199.529446 167.863039 85.005882 84.528102 242.853866 290.688837 161.443489 370.000000 333.997006 43.462628 214.972091 231.352545 76.902536 51.312766 95.336247 55.145263 290.341179 218.908657 409.939020 149.452334 352.852660 88.283634 212.607620 261.938924 392.689445 335.232755 341.603571 231.224999 331.810187 201.246118 117.652029 324.075608 82.462113 123.434193 54.918121 151.158857 280.643902 54.230987 244.591496 311.006431 363.852992 259.123523 330.552568 395.545193 96.602277 349.532545 148.499158 174.942848 212.360542 161.830158 152.318745 257.108926 262.017175 264.750826 373.483601 334.928351 315.683386 232.000000 72.006944 286.000000 203.029554 132.412235 189.042323 271.919106 357.050417 330.048481 162.996932 114.542569 180.936453 412.175933 232.361787 350.553848 276.956675 115.394974 111.162044 405.744994 401.138380 316.284682 308.753947 13.601471 196.918765 158.619040 83.150466 154.466825 379.759134 240.416306 151.327460 295.743132 119.670381 215.675682 61.983869 186.252517 131.015266 395.379564 95.963535 119.079805 
299.000000 4.000000 4.000000 a 223.575491 41.436699 58.412327 170.941510 355.337867 122.641755 325.043074 332.388327 375.202612 33.060551 298.041943 306.843608 257.303323 293.537050 53.907328 357.498252 340.771184 317.042584 205.800875 312.950475 56.400355 55.317267 279.565735 258.327312 98.000000 350.155680 407.427294 99.724621 126.063476 243.310501 75.802375 37.443290 357.375153 249.905982 371.312537 358.912246 262.794597 168.680171 254.072824 286.844906 56.639209 236.596703 33.136083 258.681271 167.523133 306.058818 167.170572 194.589311 324.322370 237.153958 282.936389 339.036871 216.453228 404.022277 238.075618 92.800862 64.078077 169.752761 295.771872 92.195445 49.729267 330.134821 245.552438 171.093542 107.786827 315.296686 364.815022 40.804412 214.219514 78.771822 396.808518 372.662045 165.773942 143.735869 337.130539 86.585218 146.013698 310.394910 349.284984 210.380607 200.830775 83.862983 139.463257 273.206881 139.742621 119.201510 320.887831 386.808738 242.243679 299.961664 121.247680 122.413235 316.509084 133.809566 229.941297 287.445647 217.559187 128.972865 288.780193 361.083093 
218.000000 9.000000 5.000000 a 132.196823 236.577683 140.406553 221.686716 256.400078 257.070029 304.586605 383.885400 252.604434 226.241022 214.674172 110.476242 60.835845 341.235989 188.732615 236.881827 374.033421 327.673618 204.479828 354.953518 149.402142 214.741705 111.323852 377.461256 179.805450 386.063466 320.263954 97.061836 273.016483 48.270074 242.684981 193.669822 177.901658 137.058382 349.521101 183.357574 345.202839 276.537520 253.126451 399.171642 143.589693 303.664288 214.755675 67.007462 105.118980 153.941547 61.773781 126.589889 390.616180 52.000000 395.101253 253.140277 101.950969 360.627231 362.891168 281.513765 132.423563 352.797392 100.801786 281.186771 194.815297 201.586210 324.607455 25.553865 268.715463 255.331158 276.795954 156.732256 60.166436 168.026784 346.538598 356.557148 313.912408 258.275047 210.069036 200.022499 50.537115 262.154535 317.720003 128.600156 129.634100 278.016187 70.256672 311.448230 110.860272 174.542258 300.261553 337.853519 80.024996 159.452187 229.923900 80.504658 401.183250 302.001656 238.254066 416.472088 334.092801 276.028984 252.744931 329.303811 
126.000000 5.000000 1.000000 a 83.450584 222.281353 179.136819 55.072679 175.262660 140.160622 141.014184 198.816498 205.350919 218.835555 118.207445 262.961974 222.991031 156.160174 138.636215 188.767052 190.591186 148.761554 20.880613 170.105849 193.724031 154.951605 295.758347 212.934262 256.284998 202.417885 220.510771 153.873325 314.607692 222.427516 265.149015 155.653461 247.242796 109.402925 188.671672 242.495361 166.412139 126.589889 74.464757 228.600087 183.221178 123.434193 176.476627 202.627737 252.067451 176.119278 216.684102 283.282544 206.196508 235.423024 224.804359 155.331903 105.688221 216.416266 204.044113 216.946998 162.431524 257.670332 264.077640 273.645756 228.877697 171.991279 146.485494 171.011696 172.046505 126.625432 179.977776 178.899413 242.033056 233.805475 208.060087 192.283645 185.658288 325.345970 176.366097 259.555389 162.929433 120.950403 162.855764 292.605537 288.646843 258.544000 196.468827 126.396202 83.677954 71.112587 136.605271 198.073219 264.915081 160.751361 108.226614 185.000000 219.863594 199.572042 54.744863 253.931093 174.522205 317.616120 99.639350 174.977141 
196.000000 6.000000 1.000000 a 63.890531 319.188032 253.314034 163.049072 75.292762 250.457581 133.555232 249.707829 96.130120 313.600064 25.632011 218.185701 195.971937 214.401493 237.305710 79.000000 227.343353 173.850510 109.444050 219.531319 268.173451 257.992248 281.902465 307.585760 325.084604 239.117126 135.103664 213.328385 399.929994 204.714435 354.121448 253.049402 160.065612 52.392748 171.000000 151.822265 248.726758 233.702803 118.139748 317.042584 257.782854 208.216234 276.134025 167.451486 286.447203 88.566359 243.429661 312.878571 267.486448 225.800797 313.753088 65.192024 88.814413 173.487752 302.899323 324.222146 236.647417 367.983695 227.140925 371.569644 311.314953 63.505905 232.077573 189.834138 281.783605 70.256672 90.520716 259.470615 248.294180 304.868824 158.432951 180.136060 294.782971 401.995025 66.730802 335.292410 196.702822 82.298238 138.000000 316.947945 316.734905 358.715765 234.968083 186.037631 144.899965 173.565550 130.049990 150.283066 261.874016 69.318107 218.323155 231.354706 292.099298 309.859646 122.641755 347.932465 274.707117 403.070713 84.864598 148.165448 
166.000000 3.000000 2.000000 a 166.760307 291.496141 271.950363 96.674712 180.227634 173.666347 71.021124 100.881118 223.293529 291.331426 141.598023 352.978753 318.100613 61.911227 213.693706 211.627030 88.022724 49.648766 82.298238 70.604532 285.559101 220.002273 395.464284 167.600716 348.414982 100.000000 195.734514 253.617823 392.781110 320.039060 341.744056 230.384461 312.473999 183.068293 109.178753 304.612869 101.518471 132.189258 36.249138 170.472872 275.588461 69.462220 245.375223 294.450335 354.153921 239.910400 319.476134 385.603423 115.247560 335.089540 167.720005 155.630974 196.002551 150.840976 169.248338 262.954369 256.259634 275.769832 357.015406 337.960057 313.423037 212.174457 89.560036 273.411777 209.353768 113.159180 170.461139 267.884303 344.117712 325.591769 150.233152 107.898100 192.208220 410.405897 212.513529 347.519784 265.731067 96.384646 97.862148 395.248023 391.062655 319.803064 298.718931 33.241540 186.131674 153.681489 68.468971 141.230308 366.110639 221.110832 153.837577 286.457676 139.387948 224.610774 48.166378 205.104851 146.413797 395.551514 76.321688 107.004673 
220.000000 3.000000 2.000000 a 109.931797 191.760267 159.012578 31.304952 209.160226 106.705201 164.054869 199.642180 239.253004 189.156020 152.210381 279.034048 235.715931 156.719495 108.724422 222.575830 197.185192 162.360710 45.177428 173.277235 172.887246 122.772147 302.062907 192.041662 235.849528 208.369863 253.001976 141.661569 287.327339 232.544619 237.075937 125.924581 274.302752 137.767921 210.888596 270.453323 154.402073 98.407317 93.509358 210.867257 162.754416 113.159180 145.413204 218.552053 244.239636 204.882893 213.000000 276.101431 202.356122 242.563394 206.891276 188.904738 126.589889 242.695282 180.712479 183.152942 143.125819 224.243172 277.982014 242.390181 203.823453 204.782812 133.809566 172.985549 138.090550 158.483438 213.243992 156.012820 243.977458 213.063371 235.779558 213.053984 154.434452 300.960130 209.475536 236.457184 160.252925 151.168780 187.970742 286.923335 281.822639 226.636272 189.676040 129.247824 81.049368 42.426407 159.831161 225.787511 268.895891 190.682983 74.431176 175.931805 210.544532 166.048186 69.814039 232.606965 150.986754 290.263673 128.502918 199.809910 
297.000000 8.000000 4.000000 a 87.321246 317.238081 229.427548 223.606798 157.098695 292.359368 241.267486 349.692722 143.840189 308.648668 132.015151 110.018180 94.371606 310.845621 248.131014 129.799846 330.796010 278.296604 182.002747 319.231891 242.095023 273.760845 180.693110 383.463166 285.308605 342.838154 220.639978 182.537667 374.172420 107.615055 336.786282 259.470615 83.486526 66.211781 279.087800 83.360662 334.095795 292.984641 213.025820 398.588761 233.548710 291.219848 283.388426 64.845971 217.745264 41.773197 174.416169 237.394187 364.032966 131.244047 394.867066 161.074517 69.115845 277.893865 374.113619 344.640392 216.020832 404.827124 119.941652 367.348608 289.171230 94.339811 315.000000 126.649122 315.570911 178.002809 180.568547 242.008264 161.966046 269.874045 261.725047 288.340077 345.904611 364.967122 102.625533 302.423544 145.523194 190.515091 246.099573 237.008439 239.708156 359.610901 178.272264 280.850494 143.892321 203.066492 237.592087 254.558441 167.800477 51.884487 260.000000 182.964477 383.985677 347.988506 208.542562 424.454945 344.448835 377.296965 190.821906 256.000000 
276.000000 9.000000 1.000000 a 104.004808 214.373506 180.313616 34.928498 190.168346 123.101584 141.428427 185.010810 222.409532 211.896201 134.134261 281.886502 240.852652 142.031687 131.487642 206.194083 179.694185 141.947173 23.086793 157.318149 194.427364 144.931018 311.438597 192.520129 257.381040 191.211924 231.728289 160.012500 310.111270 239.401337 259.878818 148.690955 267.854438 130.000000 188.430358 263.068432 147.648231 106.451867 71.217975 208.664803 184.165686 104.923782 167.943443 221.415898 261.030650 196.644349 227.712538 292.656796 190.378570 251.318523 204.831638 169.070991 125.431256 219.893156 183.447540 203.383874 164.124952 240.201998 282.379178 264.781042 226.344870 191.018324 127.455875 184.531840 156.259400 136.970800 192.844497 178.044938 255.783111 234.648674 213.016431 190.850727 166.379085 323.426962 195.058965 258.642611 174.232603 128.949603 165.193826 302.788705 298.221394 248.781028 205.827598 113.159180 94.132885 65.115282 137.178716 203.027092 279.594349 181.107703 92.195445 193.080294 202.081667 182.395175 48.020829 233.499465 153.912313 313.051114 106.004717 177.053664 
129.000000 8.000000 2.000000 a 175.328264 262.230814 166.138496 267.441582 291.384626 297.874134 348.690407 430.255738 282.072686 251.294648 254.230211 92.135769 52.924474 387.620949 225.219893 267.606054 420.144023 373.301487 250.798724 401.277959 171.828403 250.379712 65.459911 421.674045 187.259179 432.195558 355.523558 129.402473 282.294173 34.438351 259.306768 227.727908 186.131674 176.264007 392.867662 194.123672 391.081833 320.257709 299.006689 444.002252 168.433963 349.748481 246.868386 77.006493 93.904207 179.805450 62.096699 104.216122 436.972539 14.142136 439.914764 290.723236 144.367586 401.621713 406.529212 313.818419 162.111073 387.620949 76.295478 302.274709 213.178329 232.002155 370.472671 65.306967 306.528955 296.664794 313.177266 183.611002 25.059928 180.767807 386.943148 400.281151 354.492595 261.047888 240.410066 210.440015 85.802098 304.632566 360.679913 100.687636 105.190304 301.902302 85.883642 357.815595 156.236999 218.405586 344.419802 378.582884 34.234486 189.200951 272.259068 102.083299 447.235956 339.412728 284.508348 460.214081 378.060842 285.110505 296.593999 372.049728 
173.000000 5.000000 1.000000 a 212.551170 61.846584 34.985711 175.866427 347.351407 139.057542 326.038341 342.616404 364.671085 51.546096 290.697437 284.810463 235.467620 302.575610 61.983869 346.953887 348.833771 321.794966 205.138977 321.636441 32.449961 72.111026 255.618857 276.016304 81.584312 358.699038 401.632917 79.075913 128.280942 220.988687 81.596569 49.254441 339.418621 237.690976 373.000000 341.528915 275.769832 182.649938 255.618857 304.059205 32.802439 246.840029 54.424259 238.209991 143.735869 290.991409 143.282937 171.292148 336.293027 214.032708 300.081656 332.316115 202.543822 403.536863 256.195238 116.824655 43.566042 193.669822 273.248971 108.664622 41.725292 318.209051 257.689736 149.602807 128.319913 311.191260 358.298758 18.027756 190.394328 60.207973 395.379564 375.074659 185.776748 138.852440 325.498080 75.663730 124.595345 307.605267 349.382312 186.954540 177.564073 103.445638 115.801554 280.531638 128.390031 119.753914 321.771658 385.394603 218.343766 286.099633 132.698907 99.020200 330.675067 156.016025 231.795168 306.674094 234.213578 131.369707 286.932048 361.365466 
112.000000 9.000000 5.000000 a 321.645768 160.078106 234.388566 194.486503 415.650093 108.632408 327.818547 262.457616 450.471975 169.920570 361.614436 462.615391 413.580706 241.350368 166.901168 434.521576 287.139339 293.574522 248.917657 259.422435 235.925836 141.767415 452.624568 135.074054 271.370595 291.109945 447.362269 262.840256 245.344656 403.407982 206.968597 165.239221 483.037266 350.304154 361.962705 480.674526 184.837767 128.003906 268.225651 161.969133 233.944438 191.206694 149.893295 406.214229 347.174308 416.886076 341.203751 374.797279 241.008299 403.112887 159.552499 392.861299 331.387990 406.546430 116.180893 90.520716 232.800344 25.806976 455.505214 167.361883 219.783985 418.861552 180.693110 330.280184 86.833173 355.035210 414.173877 217.303935 386.698849 256.095685 406.970515 357.755503 65.122961 283.044166 423.264693 252.239965 306.897377 342.071630 354.640663 390.530409 381.047241 149.013422 312.416389 239.841614 259.387741 197.223224 325.184563 398.026381 415.124078 403.941827 141.509717 294.429958 215.127869 53.413481 249.032126 141.777995 120.307938 246.519776 318.025156 363.407485 
256.000000 1.000000 4.000000 a 241.006224 396.692576 375.587540 202.299283 185.431928 275.203561 68.007353 101.271911 229.706334 396.793397 178.664490 418.551072 392.062495 104.546640 319.330550 225.470619 67.475922 56.586217 178.941331 88.814413 389.549740 325.272194 475.290438 229.593118 452.515193 71.840100 163.893258 353.475600 498.383387 397.786375 447.329856 336.029761 352.597504 247.072864 38.897301 342.257213 163.783394 229.706334 125.239770 219.002283 379.381075 155.653461 350.770580 365.034245 450.362077 286.471639 412.640279 480.987526 129.402473 416.124981 218.020641 165.529454 272.150694 80.622577 239.653917 364.321287 359.477398 366.870549 426.423498 442.232970 418.813801 242.043385 164.468842 362.856721 310.161248 133.154046 164.195006 372.484899 431.114834 429.731311 92.114060 27.586228 283.635329 515.885646 238.623134 452.553864 359.302101 118.697093 66.708320 489.164594 486.079212 423.680304 394.725221 107.703296 282.449996 258.234390 72.006944 89.022469 450.017777 267.366789 258.311827 384.204373 165.469030 321.012461 147.353317 257.007782 225.800797 501.142694 120.066648 61.294372 
139.000000 3.000000 5.000000 a 69.462220 213.251026 161.941347 69.310894 179.477018 144.920668 160.181147 221.731820 205.294910 208.777393 121.753850 242.627286 201.479527 179.011173 129.988461 188.095720 213.527516 170.988304 43.416587 193.093242 176.776695 149.281613 273.075081 230.217289 238.673417 225.375243 229.455878 133.461605 301.504560 200.282301 253.031619 146.441114 233.807613 97.508974 207.870152 229.984782 187.040103 138.809222 96.166522 247.396443 166.171598 144.308697 168.680171 182.123584 229.976086 164.575211 194.002577 261.013410 228.674441 212.793327 243.515913 161.644672 87.206651 232.948492 219.938628 215.083705 145.000000 261.963738 242.985596 265.324330 214.401493 167.451486 166.820263 148.013513 174.106289 137.844115 187.181730 163.376865 219.036527 216.490185 223.463644 212.132034 194.550765 309.885463 172.742583 243.507700 140.246212 134.714513 180.601772 270.083320 266.308092 251.372234 174.324410 149.335193 61.684682 64.498062 155.724115 213.550931 242.002066 150.784615 112.089250 163.413586 241.356583 203.735122 77.524190 271.060879 190.223553 304.566906 115.364639 192.800415 
230.000000 2.000000 5.000000 a 185.873613 77.884530 64.132675 128.600156 314.340580 95.036835 281.716169 294.151322 336.148777 73.006849 256.783956 290.396281 240.740524 254.159399 14.035669 318.512166 300.592748 274.803566 162.409975 273.270928 72.000000 34.828150 276.115918 231.952581 129.541499 310.367524 365.141069 86.313383 169.425500 229.008733 119.201510 13.601471 328.901201 213.283848 328.109738 329.279517 227.899100 135.624482 210.793738 259.277843 65.490457 198.385987 37.483330 237.472104 176.785180 272.809457 165.302753 207.002415 288.045135 227.070474 255.237145 297.309603 182.463695 360.606434 212.849712 101.533246 57.697487 172.246916 281.602557 130.249760 88.509886 292.646544 209.554289 155.415572 92.784697 272.472017 322.931881 51.009803 210.230826 107.489534 353.420430 329.620994 146.778745 185.205292 299.295840 123.878973 131.244047 267.226496 305.883965 221.686716 213.321354 117.957620 136.458785 232.441390 104.120123 75.802375 277.546393 343.421024 238.648277 265.016981 84.723078 118.431415 283.282544 124.619421 186.697616 264.764046 189.169236 172.351385 245.464865 317.694822 
118.000000 6.000000 3.000000 a 330.492057 284.288586 327.989329 196.010204 375.686039 168.860889 257.001946 146.577624 418.294155 291.348588 333.478635 505.889316 461.677377 148.070929 250.217905 405.842334 179.069819 209.258214 236.907155 158.710428 335.276006 234.616709 521.584126 34.985711 386.032382 177.814510 386.680747 338.496676 382.498366 456.991247 337.675880 258.311827 492.392120 354.970421 274.754436 486.486382 94.021274 136.308474 224.321198 27.073973 329.370612 131.487642 255.007843 445.449211 438.854190 419.815436 419.643897 469.910630 119.079805 464.225161 28.635642 351.091156 352.018465 321.908372 51.195703 219.993182 319.476134 173.738309 504.247955 306.602348 336.095225 402.243707 107.912001 391.126578 181.176709 308.650288 365.465457 314.305584 458.860545 366.349560 328.146309 266.908224 123.490890 416.102151 403.821743 372.343927 372.876655 291.815010 280.401498 483.976239 476.193238 286.810042 391.945149 164.915130 302.001656 238.025209 256.222560 321.278695 486.001029 402.631345 186.601179 374.721230 84.172442 163.572614 217.002304 11.045361 78.390050 384.178344 271.464546 285.159604 
127.000000 6.000000 3.000000 a 239.710242 80.709355 48.877398 218.929212 377.446685 182.701943 365.961747 387.056843 390.773592 69.641941 322.133513 282.081548 234.554898 346.780911 106.606754 373.172882 392.703450 364.232069 244.493354 365.728041 34.000000 115.277925 239.140126 319.126934 37.215588 402.715781 434.331671 92.444578 100.662803 218.048160 66.940272 93.557469 350.205654 262.392835 413.303762 353.814923 320.390387 227.107904 296.273522 347.466545 44.418465 291.336575 94.260278 242.744722 118.258192 309.342852 130.923642 141.031911 380.927815 206.516343 343.525836 364.232069 224.875521 441.946829 299.006689 147.732867 65.734314 224.501670 268.208874 110.639053 21.400935 342.347776 302.332598 153.160047 168.857928 346.394284 390.308852 47.010637 177.101666 18.384776 432.936485 415.906239 226.883230 100.603181 350.077134 33.970576 130.034611 344.223764 388.485521 157.267288 147.003401 113.569362 108.171161 324.229857 157.622968 161.152102 361.624114 423.001182 203.295352 307.001629 177.341479 95.634722 375.170628 193.829822 272.800293 348.574239 277.872273 103.812331 324.599754 400.582076 
176.000000 2.000000 5.000000 a 269.386340 74.525164 78.390050 239.954162 406.647267 193.545860 390.486876 404.120032 420.789734 65.375837 350.910245 309.893530 263.058929 364.939721 124.036285 403.160018 411.825206 386.063466 269.408612 384.240810 63.906181 126.826653 262.122109 327.331636 40.459857 421.411913 462.795851 122.971541 70.092796 246.148329 41.340053 108.687626 380.426077 292.496154 437.506571 384.173138 334.571368 240.353906 320.140594 356.248509 73.925638 308.287204 102.610916 272.310485 138.755180 339.930875 157.280005 157.206870 396.184301 233.385946 352.423041 392.903296 255.196003 467.633403 306.674094 144.156165 94.810337 218.515446 295.418347 89.872131 23.021729 372.593612 317.416131 183.002732 174.484956 373.803424 418.971359 73.006849 202.249845 38.600518 459.166636 439.611192 232.215417 74.330344 380.276215 17.720045 160.252925 370.936652 413.662906 173.415686 162.732910 97.416631 136.473441 343.861891 186.593140 184.287818 386.207198 449.197061 227.343353 337.499630 193.023315 125.099960 387.923962 195.432853 296.330896 354.141215 287.737728 73.246160 350.703579 425.678282 
Type de surveillance de chaque endroit(target):tab[nombre de target]
a a a a a a a a a a a a a a a a a a a a a a a a a a a a a a a a a a a a a a a a a a a a a a a a a a a a a a a a a a a a a a a a a a a a a a a a a a a a a a a a a a a a a a a a a a a a a a a a a a a a 