Nombre des capteurs:
30
Nombre des targets:
120
Nombre de type de surveillance:
1

Caracteristiques:
163.000000 9.000000 5.000000 a 306.726262 434.446775 373.037532 192.720004 294.090122 254.125953 286.923335 223.271136 314.128954 179.877736 302.352443 459.152480 43.000000 404.604745 304.105245 383.689979 154.434452 386.745394 153.561063 447.071583 300.467968 243.199507 387.769261 408.221753 488.466990 77.524190 248.356598 138.177422 243.526179 222.389298 316.425347 390.243514 320.362295 229.651911 263.761256 121.037184 440.783394 62.032250 116.691902 169.811660 264.614814 417.346379 402.776613 497.147865 168.359734 116.430237 258.048445 427.781486 124.169239 280.862956 424.759932 241.497412 109.238272 61.983869 31.240999 322.442243 459.461641 367.315940 473.059193 199.160739 196.977156 201.221271 201.318156 367.926623 53.712196 290.492685 324.484206 254.442528 478.173609 130.418557 242.156974 246.586699 122.711043 171.604196 386.694970 147.078210 468.334282 462.533242 198.798893 147.363496 397.961053 272.618781 247.129521 66.000000 96.020831 126.775392 61.098281 363.572551 106.103723 432.539016 460.570299 113.145923 219.544984 225.410736 251.445819 238.650372 279.546061 378.893125 374.862642 269.920359 31.780497 117.456375 255.519080 339.767568 240.401747 278.064741 127.988281 90.210864 314.820584 207.118324 365.833295 439.527019 129.027129 124.482931 336.407491 291.238734 319.695167 165.000000 325.161498 405.099988 
107.000000 4.000000 2.000000 a 227.299362 286.555405 227.431308 80.529498 146.112970 107.377838 153.561063 169.434353 167.191507 120.074977 222.991031 317.529526 105.380264 277.893865 157.257750 239.365829 59.228372 239.102488 59.439044 301.039864 183.207533 96.166522 252.239965 260.654944 342.242604 70.455660 103.368274 10.049876 160.464949 85.586214 192.439601 256.756694 195.780489 92.097774 145.670862 106.150836 308.603305 89.140339 94.047860 73.061618 193.507106 272.132321 258.435679 369.499662 75.239617 185.607112 111.646764 284.564580 167.737891 133.093952 279.293752 147.732867 55.865911 171.230838 128.444541 190.433716 329.631613 248.163253 332.320628 97.493590 52.478567 55.461698 53.338541 229.651911 105.475116 249.575640 176.555940 111.682586 347.752786 46.097722 133.454112 131.487642 148.660687 85.475143 255.415348 73.824115 327.470609 333.594065 128.471787 29.832868 287.083612 192.387630 103.077641 82.764727 165.124196 37.443290 90.138782 217.947241 119.632771 303.117139 316.810669 90.553851 83.006024 162.308349 187.000000 127.200629 186.300832 247.358040 229.895628 252.200317 116.430237 87.692645 114.280357 236.135554 96.648849 195.657865 120.768373 101.862653 240.187427 173.366663 228.569464 293.001706 35.355339 137.178716 190.378570 155.080624 189.855208 24.758837 178.044938 258.124001 
138.000000 6.000000 1.000000 a 168.671278 372.081980 299.055179 219.385505 246.617112 225.257630 286.457676 82.807005 277.308492 56.222771 164.541788 367.396244 130.698125 292.328582 268.776859 353.362420 89.202018 338.687171 88.408144 406.765289 321.403174 194.115945 379.138497 342.940228 410.147534 120.702113 189.973682 132.853303 297.058917 154.382642 209.121974 385.368655 213.234613 160.327789 284.395851 35.735137 333.246155 107.168092 48.104054 89.000000 126.372465 382.001309 371.429670 381.451176 85.428333 75.133215 230.243350 399.083951 47.381431 241.049787 346.467892 120.332872 157.003185 108.577162 154.275727 224.570702 347.908034 384.707681 449.911102 101.271911 153.652205 159.477271 172.429696 275.356133 151.743204 146.700375 276.920566 238.403020 366.531036 166.769302 272.838780 143.087386 29.546573 78.771822 385.800467 198.517002 374.363460 349.748481 73.756356 112.538882 271.591605 329.296219 228.600087 129.015503 70.235319 155.862119 107.228727 290.496127 206.196508 321.840022 428.851956 52.810984 218.497140 88.481637 111.865991 266.602701 325.116902 377.800212 298.316946 130.552671 126.384334 53.712196 185.852092 212.058954 180.499307 333.054050 220.658107 182.222392 174.668257 63.285069 271.597128 365.153392 104.560987 20.518285 267.710665 204.550727 323.335739 163.835283 263.402733 361.498271 
268.000000 3.000000 4.000000 a 295.330324 240.784136 205.104851 34.000000 115.108644 71.196910 62.128898 256.820949 113.991228 212.473528 291.547595 301.240767 184.097800 294.811804 105.209315 166.904164 153.938299 184.317661 154.486245 232.594067 82.134037 101.000000 162.431524 221.616786 307.585760 155.347996 116.103402 109.123783 80.411442 130.384048 224.859956 164.684547 226.770809 132.034087 44.598206 207.212451 313.765836 178.036513 195.161472 162.360710 270.296134 201.427406 185.283566 377.890196 165.529454 285.203436 70.724819 207.542767 268.575874 97.452553 252.400475 218.508581 116.481758 263.463470 197.941911 210.622886 337.191340 147.871566 249.451398 175.823775 101.651365 97.514102 79.309520 230.670761 172.985549 334.306745 134.316790 52.402290 353.073647 95.509162 38.327536 188.382589 249.729854 175.775425 161.307160 83.024093 312.592386 342.312723 215.615398 127.440182 323.109888 107.004673 53.851648 162.249807 263.797271 101.237345 178.941331 196.758736 147.800541 313.440584 240.532742 191.658551 28.017851 247.008097 267.858171 31.256999 93.171884 153.443801 210.211798 344.119165 197.648678 188.798835 135.148067 284.803441 117.720007 108.226614 132.966161 146.003425 309.762812 266.557686 232.071110 259.609322 136.473441 238.296034 171.327172 175.000000 94.254973 76.367532 153.912313 196.379734 
157.000000 5.000000 2.000000 a 361.912973 70.213959 137.931142 281.042701 172.791782 207.195560 188.809428 384.046872 147.339743 366.750596 360.767238 164.939383 418.001196 243.895469 157.257750 81.043198 334.741691 79.056942 335.715653 15.652476 210.772389 226.715681 115.260574 93.085982 119.707978 384.130186 228.300241 324.556621 288.916943 263.501423 253.055330 123.239604 250.714978 257.421833 228.779370 397.758721 224.543982 403.655794 389.390549 329.802971 366.771046 46.818800 63.694584 270.129599 333.240154 485.314331 203.088651 51.662365 460.990239 182.455474 123.065023 324.353203 354.622334 483.735465 437.412848 226.373585 242.860042 183.534738 68.359345 318.127333 272.737969 267.320033 262.101126 188.732615 412.534847 433.266662 141.661569 207.472890 246.714410 333.863745 253.870045 287.647354 440.113622 339.025073 133.958949 329.620994 173.807365 248.646335 356.287805 324.422564 303.389189 289.276684 214.114455 395.001266 469.137506 335.252144 404.654173 142.635900 395.373241 236.947252 37.054015 388.329757 244.282623 370.642685 374.994667 252.388589 264.612925 135.771867 142.842571 464.569693 430.074412 383.648276 232.215417 311.448230 237.775104 284.861370 380.553544 391.469028 375.033332 407.862722 194.370780 106.254412 341.716257 426.785660 156.064089 224.664194 172.235304 296.001689 155.756220 56.885851 
121.000000 5.000000 4.000000 a 425.067054 243.583661 256.643722 181.818591 200.039996 186.131674 114.934764 403.193502 170.950285 363.275378 421.969193 336.582828 330.820193 374.192464 171.303824 147.122398 307.416655 192.720004 308.058436 191.400104 73.539105 226.019911 91.923882 242.330353 313.057503 306.471858 239.002092 264.699830 131.026715 267.016853 331.843337 82.661962 332.103899 265.663321 111.198022 362.746468 376.043880 329.492033 350.750624 313.600064 408.511934 167.215430 152.957510 435.973623 317.001577 440.105669 181.747077 154.012986 424.123803 190.244579 282.962895 356.073026 264.473061 414.247511 338.740314 309.147214 399.164127 23.409400 164.195006 321.403174 248.243832 242.958844 226.450878 304.080581 315.293514 476.282479 192.210822 165.529454 410.079261 245.177487 128.160056 320.390387 405.350466 326.810343 71.847060 222.353322 347.908034 405.087645 363.389598 282.334908 420.002381 112.000000 175.025712 310.929252 418.269052 253.071136 330.324083 252.792405 272.281105 382.205442 176.799321 347.276547 176.694652 391.950252 409.206549 132.879645 94.366308 71.589105 263.600076 491.869901 344.710023 344.379152 255.970701 398.322733 245.307970 106.004717 251.240920 280.615395 439.932949 416.606529 308.014610 278.095307 292.077045 393.889578 240.052078 282.349075 82.280010 231.969826 224.376915 185.010810 
108.000000 2.000000 4.000000 a 92.956979 331.698658 255.884740 242.860042 224.964442 218.036694 287.341261 7.071068 258.605878 46.000000 88.865066 310.581712 195.777935 226.417755 251.872984 332.231847 106.066017 308.369908 105.929222 377.190933 330.334679 179.961107 368.408740 302.332598 359.388369 176.323566 170.414201 162.889533 324.075608 136.883162 150.748134 376.311042 154.635054 140.071410 296.529931 96.176920 268.793601 169.729196 103.619496 93.145048 50.803543 356.395847 348.638782 312.083322 90.470990 144.899965 222.865430 376.293768 117.720007 224.864404 298.095622 62.936476 202.417885 184.287818 221.846794 171.607109 281.042701 387.506129 427.907700 80.156098 153.883072 158.902486 176.207264 222.103579 214.114455 85.005882 251.813423 236.603043 299.282475 205.156038 291.204396 98.412398 104.201727 80.049984 378.857493 236.541751 316.128139 282.235717 38.483763 135.484316 198.929636 355.360380 226.876618 187.925517 144.844744 194.092761 170.097031 248.485412 261.262320 255.988281 403.044663 108.268186 228.122774 17.029386 36.124784 284.313208 346.101141 371.214224 253.617823 90.426766 194.550765 105.621967 159.154013 139.864220 161.966046 358.050276 271.552941 237.693079 99.156442 23.194827 217.517815 318.220050 138.014492 96.208108 230.325856 162.049375 323.055723 185.539753 230.846269 332.364258 
288.000000 1.000000 3.000000 a 352.625864 58.309519 128.549601 282.809123 169.567096 206.038831 192.200416 377.033155 146.030819 361.225691 351.592093 151.990131 417.172626 232.071110 156.051274 84.581322 331.049845 74.966659 332.031625 23.853721 216.889373 223.450218 124.084649 82.734515 106.920531 383.011749 224.198573 323.055723 294.212508 259.030886 243.944666 132.612217 241.478778 252.768669 233.070805 393.845147 211.966979 402.124359 385.778434 325.484255 358.615393 51.865210 68.796802 257.130317 328.878397 481.368881 202.121251 61.294372 456.694646 180.277564 110.909873 317.176607 354.633614 481.300322 437.172735 217.423550 230.080421 192.875608 81.394103 312.757094 269.903687 264.594029 260.232588 178.331153 412.403928 424.605699 138.311243 207.761883 233.773395 334.055385 257.899205 280.878977 435.837126 334.341143 143.405021 331.058907 160.801119 235.849528 350.235635 321.801181 291.830430 295.853004 213.936907 394.182699 465.639345 335.010448 403.124050 133.809566 397.102002 224.539529 50.009999 384.876604 244.965304 363.617931 367.196133 256.082018 271.090391 144.692778 133.124002 456.579675 429.029137 380.131556 227.107904 301.280600 233.634330 291.602469 382.838086 392.420693 365.568051 401.260514 183.983695 93.637599 339.328749 422.497337 148.922799 217.412051 177.867929 295.243967 149.939988 55.081757 
152.000000 9.000000 1.000000 a 286.006993 182.167505 184.910789 412.950360 274.652508 320.357613 355.009859 355.967695 281.087175 371.840019 288.006944 90.210864 494.974747 135.329228 287.800278 277.411247 378.857493 232.544619 379.760451 247.822517 399.021303 306.419647 334.669987 183.068293 120.037494 460.913224 295.601083 404.969135 460.619149 313.158107 219.494875 345.202839 215.390343 306.138857 397.000000 426.676693 93.962759 471.398982 424.890574 364.407739 317.238081 261.963738 273.484917 63.505905 366.349560 502.048802 319.765539 281.655818 474.157147 292.343975 143.589693 306.819165 452.216762 527.311104 521.318521 210.641876 81.154174 401.120929 307.131893 337.037090 344.762237 342.358000 350.647972 167.538055 500.783386 359.016713 258.001938 337.250649 64.070274 437.001144 415.823280 289.337174 456.334307 365.262919 355.550278 450.241047 78.549348 81.006173 353.454382 387.856932 175.145654 474.605099 336.772921 474.936838 495.771117 432.093740 472.288048 192.961136 512.289957 105.721332 276.586334 426.728251 369.833746 345.081150 331.746891 410.907532 450.924606 353.860142 179.513231 401.549499 502.271839 421.716730 282.908112 226.179133 301.081384 472.229817 506.537264 497.892559 291.439531 383.959633 168.656456 146.441114 405.513255 444.640304 218.588655 243.016460 361.419424 392.413048 235.773196 240.052078 
229.000000 5.000000 1.000000 a 325.313695 85.428333 113.600176 211.624668 112.698713 140.890028 119.970830 334.400957 82.565126 311.014469 323.445513 179.847157 350.321281 233.205918 91.923882 12.806248 273.247141 39.623226 274.191539 54.451814 146.986394 165.275528 68.447060 86.469648 155.724115 316.910082 169.496313 258.118190 222.811580 205.272989 218.011468 79.246451 216.614866 199.944992 160.996894 336.487741 226.079632 337.037090 327.330109 270.233233 323.185705 24.083189 13.453624 282.294173 273.775455 423.757006 136.473441 40.804412 400.524656 118.903322 127.141653 276.305990 286.085652 418.592881 369.033874 191.376592 248.018144 134.851770 92.417531 262.345192 209.480309 203.843077 196.705363 166.973052 344.071214 391.760131 83.761566 139.000000 256.780062 265.188612 185.714835 238.321212 379.684079 280.560154 89.269256 260.249880 190.905736 254.017716 302.735858 260.249880 287.452605 226.373585 146.167712 327.343856 406.450489 267.001873 338.031064 113.652981 325.950917 234.853146 69.892775 325.852727 175.345373 321.203985 329.358467 183.847763 201.534116 87.281155 120.332872 419.004773 362.667892 321.362723 177.019773 282.311884 178.899413 222.481460 311.173585 322.248351 339.425986 356.117958 172.069753 120.208153 276.929594 366.456000 114.856432 179.627392 107.447662 228.492888 107.517440 26.832816 
189.000000 8.000000 2.000000 a 171.746907 255.096060 187.672587 123.405835 121.840059 99.809819 165.423698 126.317061 151.396830 85.146932 167.585799 271.088546 148.946299 222.029277 142.695480 227.437904 40.447497 215.745220 41.436699 282.688875 206.661559 68.352030 253.805043 227.008810 302.988449 114.908659 66.610810 63.600314 204.071066 34.713110 135.059246 260.499520 138.600144 41.976184 172.661519 103.324731 255.162693 126.087271 95.189285 37.443290 141.693331 256.826790 245.692898 314.378752 41.048752 190.876924 104.809351 273.248971 166.973052 115.039124 238.723690 92.135769 113.600176 194.257561 175.276924 136.180028 275.203561 265.497646 323.871888 45.354162 30.232433 35.608988 52.354560 179.922205 155.425223 203.843077 152.800524 115.312619 293.646045 105.095195 168.291414 72.449983 146.109548 49.578221 261.619953 130.942736 280.223125 278.820731 85.422479 41.880783 228.265197 234.360833 105.418215 129.003876 175.094260 96.384646 127.015747 178.361991 178.101095 248.402899 303.488056 94.530418 104.278473 116.378692 137.873130 161.307160 223.365172 253.712436 188.732615 214.245187 156.780101 89.677199 68.731361 177.132719 57.314920 236.562888 179.824915 159.022011 185.326738 138.130373 178.000000 254.892134 59.481089 132.853303 152.328592 103.315052 201.883630 69.720872 144.124946 237.697286 
261.000000 2.000000 1.000000 a 463.906241 219.002283 260.578203 266.692707 237.033753 241.979338 179.724790 458.911756 203.088651 425.913137 461.533314 318.001572 418.560629 380.090779 208.216234 142.337627 376.085097 186.510053 376.872658 149.856598 158.445574 278.689792 91.263355 229.836899 278.341517 390.988491 288.425034 342.141783 228.265197 321.827594 360.006944 82.462113 359.135072 318.512166 194.997436 436.165106 370.621100 413.726963 424.948232 378.652875 455.619359 140.698259 135.148067 423.143002 382.231605 518.661739 237.008439 118.105885 499.795958 234.183689 268.821502 405.123438 351.000000 499.155286 429.439169 334.145178 391.567363 92.763139 95.462034 379.722267 312.285126 306.528955 292.849791 313.789739 405.153057 524.812347 216.813284 226.920691 398.406827 330.504160 216.965435 367.228812 479.908325 391.062655 79.931220 311.810840 328.038108 397.543708 422.171766 354.809808 434.291377 211.037911 236.763595 397.333613 498.046183 336.859021 414.628750 260.278697 366.829661 380.447105 122.249744 422.132681 250.059993 446.466124 459.322327 220.109064 192.374635 87.783825 267.327514 546.882986 432.314700 418.561823 301.728355 425.906093 296.649625 205.060967 346.538598 372.800215 478.483020 476.608854 318.797742 257.017509 367.535032 467.548928 257.899205 316.243577 143.209637 308.876998 246.868386 168.023808 
278.000000 6.000000 5.000000 a 289.394195 321.297370 271.516114 60.207973 182.989071 137.419067 155.823618 227.002203 194.794764 176.102243 285.049119 365.547535 93.021503 335.483234 184.889156 257.701378 117.345643 268.246156 117.273185 322.795601 167.943443 142.611360 256.142538 298.236483 383.019582 70.724819 153.717273 61.000000 119.854078 144.267113 252.160663 258.089132 255.280238 150.000000 130.973280 146.184815 363.496905 93.380940 133.794619 133.221620 254.418946 292.071909 276.523055 425.793377 134.836939 208.470621 140.117808 300.015000 197.752370 166.769302 322.591072 210.059515 27.586228 176.708800 104.345580 247.412611 385.389413 234.957443 343.064134 159.590100 108.406642 109.224539 98.493655 282.124086 79.555012 307.079794 210.090457 130.816666 403.060789 17.117243 110.018180 193.744677 182.214160 144.499135 254.183005 17.204651 376.123650 389.693469 187.267189 89.106678 348.323126 151.647618 125.686117 73.239334 185.526278 28.000000 94.111636 262.230814 63.513778 359.346629 333.024023 129.096863 93.380940 221.273586 246.894714 106.103723 152.898659 246.446749 275.089076 305.124565 106.892469 128.390031 168.315181 298.439274 149.201206 156.204994 59.405387 54.129474 302.019867 226.861191 281.783605 333.718444 84.095184 173.528096 234.610315 210.950231 187.320581 57.314920 219.713450 283.622989 
245.000000 6.000000 4.000000 a 115.004348 248.131014 173.787226 179.069819 136.029409 133.360414 204.377102 88.459030 169.799882 70.576200 111.004504 242.684981 192.961136 177.369670 163.355441 243.213898 74.330344 220.492630 75.073298 289.375189 250.710989 93.813645 280.303407 218.769285 284.086255 161.941347 82.619610 119.406867 258.379566 52.554733 89.442719 288.522096 93.471921 53.712196 220.056811 118.848643 214.953483 167.430583 116.456000 57.801384 89.810912 267.755485 259.699827 269.779540 59.076222 200.202398 137.927517 287.388239 173.011560 136.780847 220.445004 37.363083 168.813507 219.173447 220.410980 100.019998 232.594067 303.637942 338.998525 28.635642 81.024688 84.291162 102.489024 150.083310 203.690942 156.974520 162.864975 153.935051 251.366267 162.308349 219.647445 19.235384 153.209008 56.859476 291.578463 188.883562 250.263861 235.440014 57.584720 93.493315 174.522205 287.569122 144.699689 176.071008 190.223553 153.026142 168.220094 165.529454 233.437358 205.730406 314.531397 118.308918 153.574086 75.663730 89.944427 212.577045 274.410277 284.086255 172.675997 175.931805 198.002525 113.318136 70.178344 120.569482 74.886581 289.249028 236.698120 213.009389 129.062001 109.603832 146.659470 239.309423 107.298649 140.431478 144.516435 78.771822 238.767670 127.475488 143.125819 244.296950 
174.000000 7.000000 5.000000 a 150.266430 177.158121 122.000000 309.095455 185.067555 222.847481 278.115084 215.956014 206.518764 233.154455 151.604749 105.309069 365.256075 5.099020 208.952148 241.049787 246.854208 195.726850 247.681247 246.876487 328.344331 196.369550 298.690475 156.262599 165.653252 332.669506 182.537667 281.460477 372.335870 189.589029 84.628600 309.594897 80.802228 183.371208 314.167153 289.580731 48.093659 340.330722 288.901367 231.086564 178.044938 243.813453 247.163913 96.254870 232.568270 362.498276 224.147273 267.540651 334.611715 200.860648 125.099960 167.600716 330.938061 390.114086 392.404128 85.802098 60.083276 353.001416 311.014469 202.054448 224.742074 223.814655 236.224470 71.000000 373.893033 225.834010 183.698122 244.266248 78.771822 318.813425 326.896008 154.350251 317.195523 230.097805 317.823851 337.800237 106.103723 62.241465 214.406157 260.432333 56.850682 393.428520 240.308136 346.878941 357.061619 312.014423 341.156855 123.685084 394.254994 34.365681 279.112880 291.185508 268.776859 205.009756 192.260240 320.713268 372.667412 313.166090 115.121675 266.822038 371.097022 286.295302 165.653252 89.269256 185.067555 392.613041 392.326395 376.888578 158.142341 243.977458 67.119297 144.627107 276.898899 305.812034 135.532284 122.641755 297.516386 275.811530 152.318745 215.362485 
170.000000 9.000000 3.000000 a 110.652610 236.966242 162.049375 184.878338 130.176803 132.230859 203.538694 95.441081 164.201096 83.096330 106.920531 229.106962 206.155281 163.615403 158.382449 236.239285 87.458562 211.482860 88.238314 280.321244 251.097591 92.309263 275.535842 207.562039 271.265553 174.691156 79.649231 130.000000 263.001901 54.332311 75.591005 284.086255 79.605276 53.600373 221.822001 132.698907 201.039797 180.800996 130.384048 71.281134 90.354856 259.624729 252.241947 256.095685 72.718636 213.459598 136.565003 279.803502 186.131674 132.638607 207.870152 38.600518 179.777640 233.077240 233.540146 86.313383 218.764714 301.877459 331.400060 42.544095 86.700634 89.202018 107.042048 136.619911 216.379297 159.000000 155.566706 153.707514 237.531051 172.191754 222.991031 5.656854 166.508258 70.774289 287.617802 197.699267 236.579796 221.652882 68.658576 105.000000 162.431524 291.496141 144.844744 188.862384 203.855341 163.294213 181.603965 154.019479 244.436086 191.887988 306.202547 132.230859 156.719495 82.200973 92.800862 215.928229 277.346354 280.273081 160.639348 181.024860 211.454487 127.236001 64.815122 110.022725 73.006849 292.904421 246.868386 224.474943 125.159898 118.511603 133.090195 226.991189 119.603512 153.834326 134.078335 66.940272 237.023206 135.440024 133.958949 235.467620 
101.000000 9.000000 1.000000 a 268.126836 70.007142 58.137767 201.246118 73.006849 114.477072 126.063476 282.490708 57.706152 263.873076 266.413213 140.890028 324.006173 178.241409 67.119297 61.684682 233.283090 24.186773 234.269076 93.059121 168.077363 126.321020 118.827606 50.931326 136.400147 289.262856 126.301227 228.709423 233.413796 161.046577 160.206117 129.757466 158.685223 154.806331 169.070991 295.940872 176.377436 307.319052 288.027776 227.501648 268.126836 74.249579 71.344236 236.484672 230.893915 383.438391 111.400180 96.674712 358.710189 86.145226 87.464278 223.271136 264.439029 384.688185 345.567649 133.454112 199.424171 176.776695 147.085009 215.244048 173.184872 168.074388 165.511329 110.113578 321.278695 336.090762 42.296572 122.155638 210.544532 244.724335 190.433716 185.924716 337.853519 236.400085 138.231690 246.789384 152.531964 205.353354 253.617823 225.222113 230.495119 244.609894 125.936492 301.159426 367.925264 244.174118 308.318018 56.515485 313.102220 183.174780 119.632771 287.236836 159.539964 269.133796 275.223546 186.560982 220.537979 134.003731 65.122961 365.034245 335.256618 282.448225 129.356098 224.153965 135.712932 241.919408 301.582493 305.262182 282.072686 305.668121 114.982607 89.805345 243.074063 324.513482 57.384667 124.470880 130.613935 203.214173 53.338541 48.259714 
120.000000 3.000000 1.000000 a 223.647043 161.793078 139.463257 359.402282 224.116041 268.001866 310.885831 291.487564 236.211769 307.175845 225.375243 64.031242 432.862565 70.710678 241.505694 247.945559 315.824318 200.960195 316.708067 233.345238 358.022346 249.617708 307.001629 152.472948 120.933866 399.205461 237.693079 344.607023 413.323118 252.257805 155.241747 317.932383 151.158857 245.415973 351.176594 362.360318 29.546573 408.823923 360.846228 300.980066 253.333772 240.018749 248.290153 43.416587 302.803567 437.292808 268.067156 262.274665 409.400782 241.571935 112.071406 242.074369 392.777291 463.017278 459.509521 148.189068 20.591260 369.486130 296.951174 273.130006 285.175385 283.218997 292.909542 109.658561 439.602093 297.974831 212.473528 286.782147 18.027756 378.549865 367.865465 225.321992 391.618437 301.358590 327.575945 393.859112 56.462377 24.083189 288.735173 326.197793 116.387285 430.223198 285.043856 413.319489 431.129911 372.978552 409.695009 145.835524 454.181682 41.194660 264.850901 362.801599 316.886415 280.472815 267.675176 362.415507 407.491104 324.568945 133.015037 339.911753 439.710132 357.816992 223.555362 163.110392 242.330353 428.449530 449.775500 438.699214 230.097805 319.513693 109.622078 123.794184 343.547668 379.969736 168.240899 182.200439 322.567822 334.260378 186.077941 214.189169 
178.000000 7.000000 1.000000 a 346.208030 187.096232 184.358347 131.468627 120.838736 109.293184 41.231056 328.184399 93.005376 291.158033 343.185081 271.503223 282.764920 298.613463 92.439169 92.849340 238.673417 130.357202 239.420133 154.051939 41.400483 148.717854 66.030296 178.734440 258.311827 253.663162 160.996894 203.420746 119.507322 190.829767 252.685575 66.610810 253.023714 188.820020 64.070274 297.800269 304.139771 276.153943 286.440221 242.563394 330.968276 123.713378 106.780148 365.990437 246.089415 379.906567 104.623133 121.630588 361.199391 111.018017 217.793480 278.772309 215.127869 361.487206 296.001689 230.360587 327.685825 61.269895 155.724115 247.002024 176.139150 170.531522 155.621335 228.484135 271.182595 399.295630 115.433964 90.785461 340.036763 194.180329 89.358827 242.404620 341.433742 255.384025 62.641839 179.201004 283.114818 333.493628 289.430475 216.400092 342.146168 120.739389 100.657836 260.892698 359.334106 199.672231 277.077606 179.293056 240.102062 308.883473 153.075145 283.536594 111.305885 316.456948 332.415403 90.005555 95.900991 54.817880 191.125613 416.914859 296.319085 280.044639 177.395039 319.081494 167.839209 116.846053 222.081066 241.993802 361.072015 343.431216 232.045254 216.981566 228.816520 329.200547 163.600122 203.049255 4.472136 170.176379 147.122398 130.816666 
209.000000 4.000000 2.000000 a 195.734514 458.904129 383.270140 327.365239 345.059415 329.370612 393.242927 131.244047 377.510265 146.727639 193.256306 436.231590 218.888099 347.001441 369.709345 452.951432 195.869855 432.921471 195.166596 501.780829 429.439169 295.169443 483.259765 429.504366 486.564487 220.056811 288.534227 240.865107 404.051977 252.958495 277.362579 490.074484 281.128085 257.792552 392.562097 142.284925 390.011538 201.457191 154.777259 192.314846 164.048773 479.333913 470.261629 426.184232 188.732615 98.249682 334.368061 498.046183 93.171884 341.983918 425.650091 190.520340 260.376650 155.823618 235.552542 299.068554 399.452125 492.197115 549.481574 195.166596 258.698666 264.440920 278.729259 349.292141 241.660919 132.230859 373.851575 344.223764 416.875281 272.547244 381.005249 224.722051 104.923782 180.069431 491.153744 303.679107 441.100895 399.782441 155.183762 220.619582 309.147214 436.295771 334.341143 224.848838 118.105885 261.963738 201.156655 375.704671 300.760702 376.033243 526.258492 159.000000 326.252969 144.308697 150.332964 374.802615 432.949189 483.223551 381.136459 90.917545 209.773688 160.863296 280.608268 254.442528 279.331344 440.246522 318.201194 277.605836 193.186438 104.694795 344.576552 445.821713 212.624081 113.176853 356.545930 288.861559 430.069762 272.066168 355.647297 456.605957 
225.000000 1.000000 3.000000 a 155.640612 147.989865 83.570330 269.057615 142.442971 181.176709 235.372046 206.409787 163.884105 214.394496 155.756220 99.609237 335.451934 43.011626 166.207701 201.814271 218.689277 157.889202 219.585974 214.140141 285.590616 156.821555 258.495648 123.458495 152.856142 301.802916 143.680200 247.693359 330.384624 155.241747 61.400326 269.312087 57.314920 148.529458 271.670757 267.329385 68.242216 311.494783 265.035847 204.188638 174.195293 207.646334 209.403916 129.448832 206.155281 345.567649 182.258059 231.400086 317.800252 158.432951 99.809819 151.400132 296.330896 367.789342 362.095291 50.774009 89.140339 311.130198 277.218326 177.115781 188.957667 187.395304 198.398589 30.083218 342.286430 231.501620 141.226768 202.232539 107.168092 282.874530 284.859615 129.691943 299.100318 205.302216 277.200289 300.015000 105.004762 93.348808 196.860357 228.816520 90.443352 351.012820 198.635344 315.925624 337.664034 276.804986 312.371574 83.677954 358.559618 63.031738 245.934951 266.737699 227.975876 194.126248 186.761880 278.770515 330.080293 272.259068 77.077883 269.432737 342.381366 261.704031 128.035151 98.229324 147.248090 350.115695 355.308317 342.328789 166.580311 234.258404 25.317978 120.801490 246.132078 286.923335 93.085982 85.632938 254.950976 239.039746 109.658561 179.011173 
224.000000 7.000000 2.000000 a 311.045013 316.483807 272.618781 45.880279 182.222392 135.624482 140.288987 252.507426 188.957667 202.094038 306.778422 368.110038 118.713942 345.845341 179.426865 245.967478 142.126704 261.354166 142.172431 311.636006 145.206749 148.822041 238.472221 295.237193 380.938315 99.357939 161.644672 85.094066 91.241438 158.344561 265.452444 239.415956 268.287160 163.248277 109.836242 174.928557 371.214224 121.696343 162.483845 157.028660 277.721083 280.492424 264.357712 434.430662 159.000000 237.255137 137.379038 286.372136 226.883230 165.051507 322.560072 231.311478 56.400355 203.656574 126.087271 257.978681 393.732142 211.624668 327.006116 181.463495 122.155638 121.655251 107.615055 288.624323 102.415819 332.728117 206.707523 124.390514 410.911183 43.965896 86.683332 211.558503 211.357517 169.026625 234.625233 12.083046 379.036938 398.322733 212.058954 113.004425 363.137715 122.788436 121.313643 100.568385 214.219514 55.081757 122.380554 263.600076 68.731361 368.266208 319.319589 157.848028 87.235314 246.032518 271.066413 83.952367 125.251746 227.125516 276.810404 332.416907 132.574507 156.952222 178.101095 315.778403 158.685223 127.475488 55.036352 69.426220 324.138859 253.842471 288.845980 332.051201 110.643572 202.588252 236.457184 221.110832 168.668314 71.168813 220.417785 274.721677 
116.000000 9.000000 4.000000 a 188.430358 119.854078 45.276926 201.419959 68.352030 110.113578 160.853971 209.468375 90.022219 199.100477 186.810064 129.769026 290.396281 117.388245 91.787799 139.186925 182.584227 102.591423 183.575598 169.144908 211.092397 94.047860 191.650724 90.443352 159.138305 255.384025 84.534017 196.473917 257.619875 109.444050 80.448741 202.071769 79.075913 102.181212 197.699267 241.033193 132.608446 269.245241 235.478237 172.235304 190.646269 153.808322 150.903943 196.735864 175.139944 326.442951 110.453610 176.476627 299.961664 85.000000 94.762862 149.465715 241.499482 337.379608 315.317301 53.851648 156.064089 239.207023 226.556836 152.643375 135.650286 132.382023 138.679487 49.648766 293.138193 257.614052 68.359345 129.769026 171.968020 225.211012 212.002358 114.481440 279.580042 178.025279 208.925824 237.539470 139.942845 161.245155 185.784822 183.806964 159.530561 277.156995 127.318498 268.888453 314.014331 221.063339 270.203627 36.878178 300.041664 132.849539 198.035350 235.849528 158.836394 196.063765 198.962308 206.167408 255.861291 203.246156 45.044423 288.444102 299.481218 230.783448 75.690158 145.344419 91.389277 276.081510 293.846899 286.623446 202.299283 234.557029 51.623638 112.004464 202.200396 266.422597 22.825424 50.289164 181.135309 180.560239 36.124784 126.574089 
290.000000 1.000000 2.000000 a 183.861361 384.707681 312.257906 221.812984 257.163372 233.692105 292.849791 97.948966 287.167199 71.021124 179.769297 381.996073 122.200655 307.761271 278.409770 363.199670 97.128780 350.000000 96.254870 417.742744 325.976993 204.083316 387.113678 355.675414 424.018868 116.180893 200.810856 135.591298 297.894277 165.520391 224.162887 393.021628 228.280529 171.732350 288.586209 36.796739 348.554156 100.319490 49.040799 99.297533 141.650980 392.441078 381.461663 397.034004 95.817535 60.299254 238.648277 409.019559 33.015148 250.798724 360.168016 135.723985 154.870914 93.434469 144.360659 239.108762 363.368958 390.155097 459.570452 114.354711 162.012345 167.839209 179.724790 289.761971 144.003472 158.776573 287.767267 245.733596 382.007853 166.412139 275.811530 157.457931 13.928388 90.244113 393.071240 197.686621 389.097674 365.246492 89.022469 117.796435 287.236836 330.134821 236.027541 123.044707 54.589376 155.794737 100.244701 303.586890 200.324736 337.250649 439.182195 53.009433 223.892832 104.009615 127.015747 269.773979 327.123830 385.040258 311.708197 139.445330 116.558998 55.317267 197.732142 227.705951 191.324332 334.113753 215.928229 176.504957 189.525724 77.006493 286.094390 378.639670 107.628992 8.000000 280.317677 218.146740 329.692281 167.657389 275.394263 372.550668 
251.000000 3.000000 5.000000 a 93.520051 352.557797 276.539328 266.956925 249.303028 243.213898 312.579590 24.839485 283.068896 68.447060 90.077744 326.459798 210.641876 238.302329 276.501356 356.237280 129.294238 331.253679 129.073622 399.952497 355.494022 205.000000 393.214954 323.289344 377.243953 194.177754 195.207582 185.607112 348.080450 161.969133 167.904735 401.204437 171.607109 165.012121 321.547819 110.440029 281.177880 185.324041 119.641130 117.324337 55.731499 379.795998 372.413748 320.657138 114.481440 143.808901 248.032256 400.000000 118.342723 249.633732 317.042584 84.118963 223.002242 189.179809 235.722294 190.420587 291.760175 412.742050 451.601594 105.394497 179.011173 184.067922 201.295802 240.110391 230.169503 65.306967 275.661024 261.839646 309.594897 227.068272 315.868644 121.202310 108.706026 104.043260 403.853934 258.745048 331.360831 292.479059 63.529521 158.685223 205.080472 379.526020 252.115053 204.941455 147.787009 215.928229 185.585560 269.473561 279.951782 267.606054 426.298018 124.535136 253.126451 38.013156 41.109610 309.006472 370.681804 396.233517 273.906918 65.299311 207.992788 122.641755 183.447540 147.678705 186.868938 382.320546 291.386341 256.134730 95.963535 20.124612 235.280683 337.468517 159.803004 103.464970 252.438111 183.883115 348.278624 209.480309 253.797163 355.337867 
268.000000 8.000000 5.000000 a 163.232962 179.047480 108.115679 158.344561 66.610810 81.006173 149.642908 160.000000 100.603181 140.406553 160.327789 191.083751 228.081126 153.808322 95.718337 171.592541 118.827606 148.033780 119.820699 216.898594 199.832430 46.173586 212.407627 150.083310 222.894594 193.328736 31.384710 136.003676 227.343353 45.880279 77.878110 221.359436 79.812280 38.600518 176.045449 178.101095 181.218101 206.189233 172.072659 109.004587 152.003289 195.274166 187.608635 243.347488 112.040171 264.382299 84.148678 215.204554 238.436574 72.235725 158.533908 102.532922 183.403926 273.649411 253.617823 66.037868 202.940878 244.034834 266.812668 92.179173 75.802375 73.756356 84.646323 101.548018 232.243407 221.205787 90.906545 104.004808 220.689828 169.177422 183.308483 64.350602 217.807254 115.732450 225.568172 186.316934 200.531793 207.241405 129.711218 120.904921 176.241312 252.168594 97.185390 207.099010 251.097591 163.517583 207.135222 99.020200 244.859143 176.918060 242.002066 172.290452 120.208153 146.819617 156.400128 176.567268 234.418429 218.490274 108.664622 245.415973 236.660094 167.242339 14.142136 140.014285 33.421550 252.448014 241.422866 229.268402 178.084250 182.131820 100.439036 175.345373 139.176147 204.533616 74.672619 29.154759 179.936100 125.159898 70.936591 171.767284 
293.000000 7.000000 2.000000 a 153.052279 145.086181 71.421285 235.535560 111.628849 148.384635 205.204776 190.252464 136.033084 191.316492 152.200526 120.070812 304.711339 75.584390 137.178716 182.778555 189.409609 142.358702 190.339171 204.707108 255.884740 123.223374 236.966242 117.290238 165.221064 270.651067 110.113578 215.418198 297.880849 123.146255 45.617979 247.523736 42.544095 116.249731 240.141625 241.238471 100.657836 281.314770 237.951676 175.823775 163.477827 193.597521 192.823754 162.855764 178.070211 322.307307 149.696359 216.981566 294.821980 126.846364 104.675690 131.973482 263.638009 341.021993 331.049845 23.000000 122.347865 285.476794 265.414770 150.442680 156.083311 154.311374 164.939383 28.071338 310.697602 226.415547 114.629839 169.849934 140.071410 249.777901 252.463859 104.580113 275.426941 178.263849 254.662522 266.507036 127.675370 126.732001 175.000000 197.590486 113.282832 319.244420 165.846314 284.692817 312.860991 243.938517 282.214457 67.801180 325.465820 96.540147 235.357175 239.282260 194.653538 177.290722 174.289988 246.260025 298.804284 249.146543 66.603303 261.191501 312.160215 234.200769 94.762862 103.227903 113.863954 318.549839 321.908372 309.593282 165.849329 217.347648 24.083189 125.355494 215.244048 262.834549 67.911707 53.009433 227.008810 205.769288 82.389320 165.323924 
175.000000 6.000000 4.000000 a 197.952014 452.305207 377.058351 312.200256 335.196957 317.616120 380.269641 127.475488 367.185239 136.850283 195.143537 433.415505 201.099478 346.417378 359.137857 442.928888 182.784026 424.414891 182.035711 493.170356 415.390178 284.397609 471.640753 422.895968 482.348422 203.002463 278.469029 225.842866 388.171354 242.736483 273.760845 478.207068 277.625647 247.887071 378.272389 127.003937 389.289096 184.054340 139.402296 180.421728 163.600122 470.031914 460.496471 427.766291 176.819117 80.399005 322.615871 488.271441 75.432089 331.360831 420.676836 185.334832 243.731410 138.050715 217.559187 294.450335 399.716149 478.736880 539.560006 185.593642 246.454864 252.241947 265.956763 345.094190 223.886132 139.291062 364.485939 331.748399 417.432629 256.400078 366.087421 218.002294 88.102213 168.629772 478.987474 287.311677 438.712890 400.316125 147.122398 206.552657 311.237851 420.396242 321.895946 207.460840 100.079968 245.934951 183.730781 369.243822 283.114818 375.704671 516.988394 143.450340 312.544397 140.035710 149.214611 359.980555 417.566761 471.020169 375.225266 100.264650 191.859323 145.602198 271.503223 255.143097 269.156089 424.438453 300.740752 260.049995 196.743488 99.849887 340.543683 440.585973 197.716969 97.097889 349.184765 282.177249 417.139066 257.497573 347.462228 447.904008 
286.000000 1.000000 2.000000 a 181.958787 116.387285 47.423623 246.611030 113.159180 155.595630 204.022058 221.269067 130.816666 221.020361 181.397354 92.179173 327.983231 76.059187 134.201341 165.420676 215.127869 121.630588 216.085631 179.613474 253.450192 137.360839 222.272355 89.872131 134.350288 293.393933 126.210142 236.171548 302.768889 145.413204 76.321688 233.117996 73.006849 138.224455 242.156974 269.295377 87.132084 305.473403 265.346943 202.529010 194.239543 171.732350 173.104015 151.267974 205.000000 351.627644 155.926265 195.450761 324.302328 130.176803 73.736016 162.778991 282.908112 368.353091 353.748498 53.600373 110.639053 276.001812 242.002066 178.619708 175.641681 173.066461 181.320159 6.324555 332.483082 256.257683 107.517440 175.137089 126.491106 267.606054 257.157539 134.033578 304.657184 205.995146 241.132744 281.556389 100.900942 115.883562 205.156038 220.639978 126.826653 321.628668 172.803356 307.236066 341.470350 262.727996 306.400065 47.296934 342.957723 88.022724 211.066340 266.390691 204.200881 208.278659 205.243758 251.412012 299.879976 236.326046 41.182521 291.734468 336.154726 261.292939 113.877127 128.701204 131.745968 320.352930 337.681803 328.517884 194.200927 248.298208 11.661904 94.540996 238.717406 291.907520 59.665736 76.537572 221.325552 223.035872 77.201036 143.108351 
161.000000 5.000000 3.000000 a 99.322706 208.403455 132.412235 218.130695 130.172962 148.337453 217.175045 122.482652 162.815847 125.936492 97.082439 186.067192 254.434667 115.104301 159.699718 226.631860 135.801325 193.876249 136.605271 260.969347 267.434104 111.112556 273.622002 179.412932 233.117996 222.481460 96.046864 174.622450 291.755034 87.321246 27.513633 283.241946 31.622777 82.873397 243.051435 179.671923 153.212271 229.242230 178.193715 119.816526 99.020200 244.658946 240.260276 207.547585 121.264174 257.130317 151.647618 266.737699 229.386137 138.751577 171.991279 64.195015 224.617453 280.317677 281.737466 45.354162 170.390727 310.227336 317.491732 90.824006 123.482792 124.233651 140.089257 95.885348 264.024620 165.849329 147.871566 171.292148 189.171880 214.981395 248.805145 43.046487 210.641876 118.962179 288.452769 237.924358 192.585046 173.184872 108.558740 151.380316 117.834630 317.907219 164.027437 236.685445 249.327094 206.939605 230.054341 126.051577 289.015571 143.561833 289.587638 180.272017 183.847763 109.444050 108.226614 241.913208 301.041525 281.780056 129.282636 197.060904 259.942301 175.328264 77.006493 73.334848 93.770998 318.509027 289.698119 270.040738 113.877127 149.459024 91.443972 192.333044 166.973052 198.494332 113.216607 48.373546 246.716436 174.862803 119.473847 218.013761 
Type de surveillance de chaque endroit(target):tab[nombre de target]
a a a a a a a a a a a a a a a a a a a a a a a a a a a a a a a a a a a a a a a a a a a a a a a a a a a a a a a a a a a a a a a a a a a a a a a a a a a a a a a a a a a a a a a a a a a a a a a a a a a a a a a a a a a a a a a a a a a a a a a a 