Nombre des capteurs:
30
Nombre des targets:
30
Nombre de type de surveillance:
1

Caracteristiques:
237.000000 2.000000 4.000000 a 85.211502 162.117242 363.093652 221.054292 406.109591 338.053250 392.378644 457.739009 280.919917 483.264938 559.046510 400.359838 442.557341 412.662089 114.109596 560.863620 119.774789 292.494444 568.031689 479.525807 381.451176 544.206762 114.284732 497.756969 255.820249 136.058811 218.229237 440.028408 269.235956 335.886886 
199.000000 1.000000 4.000000 a 210.038092 281.156540 153.310143 72.277244 294.183616 234.437625 135.092561 264.775376 228.659135 342.005848 321.726592 343.925864 218.009174 178.193715 172.122050 321.224221 240.842272 257.841036 354.966196 432.733174 101.212647 337.440365 170.557908 378.191750 242.621104 151.489274 88.413800 225.157722 120.569482 85.094066 
295.000000 7.000000 2.000000 a 179.471446 201.486972 98.600203 75.802375 195.002564 128.891427 137.186005 201.375272 118.848643 255.440795 294.608214 236.239285 178.218966 148.529458 177.200451 296.319085 178.664490 148.054044 308.183387 326.098145 153.160047 285.804129 159.862441 285.476794 136.209398 165.846314 157.012738 176.867182 11.180340 88.955045 
112.000000 6.000000 4.000000 a 351.353099 275.800653 210.240339 311.006431 53.150729 108.903627 276.898899 165.109055 146.996599 94.047860 279.515653 37.363083 217.267117 234.763711 383.443607 285.271800 304.568547 131.518060 240.033331 94.578010 332.825780 216.390850 358.715765 81.400246 168.190368 381.035431 393.471727 200.551739 226.565664 277.272429 
246.000000 7.000000 2.000000 a 564.335007 531.681296 297.607124 459.018518 267.988806 320.089050 308.765283 191.175312 382.205442 194.180329 133.093952 324.784544 223.163617 262.611881 568.862022 137.000000 540.578394 385.253164 85.866175 330.054541 363.628932 106.018866 551.071683 214.347848 416.082924 556.486298 525.129508 218.490274 384.376118 356.029493 
235.000000 5.000000 2.000000 a 270.647372 319.939057 106.892469 129.282636 263.427409 216.926255 63.906181 208.000000 231.449779 296.529931 249.435362 325.399754 153.394915 113.282832 241.660919 248.501509 289.062277 259.615100 287.452605 409.316503 33.015148 272.124971 235.906761 336.899095 254.772447 222.272355 163.343197 163.688729 127.534309 38.948684 
237.000000 8.000000 1.000000 a 62.289646 105.683490 328.274276 202.632673 356.005618 289.836161 365.625491 415.906239 230.601388 434.165867 522.738941 346.030345 406.590703 379.811795 118.532696 525.041903 66.850580 239.770724 526.851972 423.851389 363.185903 502.412181 105.990566 446.305949 203.226475 139.086304 221.081433 402.377932 234.360833 310.942117 
247.000000 9.000000 3.000000 a 81.859636 203.592731 301.537726 142.270868 383.641760 312.473999 315.000000 408.006127 267.320033 454.234521 494.292424 398.436946 380.064468 345.094190 30.675723 495.104029 147.329563 288.001736 513.813196 485.807575 292.494444 492.001016 55.326305 477.545809 254.125953 42.520583 114.856432 381.167942 214.755675 258.031006 
199.000000 1.000000 4.000000 a 386.011658 292.308057 280.800641 367.375829 125.159898 170.698565 348.397761 234.804174 191.588100 150.136604 343.739727 61.400326 289.006920 306.913669 426.339067 349.757059 331.354795 168.026784 297.754933 30.016662 403.267901 276.052531 400.550871 118.000000 201.896013 427.029273 449.499722 272.200294 286.527486 345.742679 
155.000000 7.000000 1.000000 a 186.043006 217.680959 96.332757 67.230945 208.614477 144.806768 124.907966 204.553172 138.408815 265.345058 290.908920 253.402841 175.385290 142.635900 176.867182 292.207118 191.387042 167.600716 308.637328 342.838154 135.366170 287.141080 161.969133 297.329783 156.028843 163.404406 145.000000 175.931805 29.410882 73.000000 
291.000000 4.000000 5.000000 a 265.088664 341.790872 183.182969 132.257325 335.934517 282.363241 140.890028 287.001742 284.191837 374.213843 320.923667 392.353157 231.698079 191.846293 220.004545 319.225626 300.281535 313.359219 363.572551 479.193072 85.088190 349.482475 223.056047 413.619390 300.760702 198.224620 120.503112 242.528349 175.068558 110.855762 
262.000000 2.000000 3.000000 a 305.321142 368.013587 160.589539 165.193826 318.290748 274.000000 102.591423 252.192387 288.027776 345.880037 271.022139 382.020942 192.439601 154.719100 266.610202 268.812202 332.340187 316.412705 317.955972 464.944083 40.607881 306.106191 266.054506 387.703495 310.161248 245.446532 172.661519 205.526154 182.131820 96.208108 
248.000000 2.000000 1.000000 a 91.350972 61.351447 231.320125 148.946299 246.099573 179.805450 280.030355 309.245857 120.673112 324.075608 420.904977 241.665057 306.400065 284.344861 140.943251 423.738127 43.863424 132.230859 420.211851 324.692162 292.350817 395.364389 114.843372 337.170580 95.634722 149.164339 206.596225 300.188274 142.021125 231.106036 
214.000000 9.000000 2.000000 a 344.818793 265.444910 217.200368 310.586542 62.801274 109.895405 284.945609 178.084250 141.876707 109.178753 293.782232 22.472205 228.560714 244.321509 379.011873 299.487896 296.204321 123.975804 255.007843 89.050547 339.676317 231.261756 353.951974 94.873600 160.464949 377.445360 393.066152 212.000000 227.343353 282.554420 
287.000000 2.000000 1.000000 a 415.496089 340.147027 247.679228 367.049043 97.082439 165.873446 308.150937 173.311858 210.622886 75.451971 268.799182 94.752309 234.104677 260.345924 445.597352 275.045451 369.437410 196.328806 217.720004 85.866175 367.870901 197.800404 421.294434 34.928498 233.002146 442.115370 449.010022 217.248705 281.016014 318.863607 
214.000000 1.000000 3.000000 a 181.958787 157.892368 127.141653 133.240384 149.576068 78.434686 187.299226 197.517088 47.707442 222.353322 310.014516 173.666347 197.121790 179.805450 203.442867 313.087847 155.080624 76.843998 308.525526 264.047344 217.349948 283.804510 180.013888 243.495380 67.082039 199.278699 214.979069 189.612763 62.289646 151.168780 
103.000000 8.000000 4.000000 a 457.498634 429.906967 191.637679 352.784637 176.739922 218.691564 211.265236 84.148678 280.531638 118.258192 81.835200 245.002041 121.297156 161.554944 461.806236 88.238314 435.600735 286.923335 31.400637 275.436018 270.253585 8.062258 443.906522 155.241747 315.293514 449.677662 421.086689 113.846388 277.218326 253.665134 
202.000000 8.000000 4.000000 a 96.208108 44.011362 308.240166 211.518321 309.741828 248.477363 355.856713 383.157931 186.678869 388.911301 496.910455 290.738714 382.962139 361.265830 159.831161 499.884987 42.953463 189.931567 493.766139 364.584695 364.351479 468.625650 139.176147 396.531209 154.857999 176.479461 251.246891 376.324328 218.332316 305.321142 
292.000000 4.000000 1.000000 a 342.000000 236.349318 295.797228 349.284984 158.113883 174.828487 365.920756 276.524863 170.390727 208.038458 394.263871 81.492331 322.117991 331.887029 389.607495 399.906239 282.023049 141.852036 355.275949 93.434469 414.424903 331.798131 363.320795 184.176546 167.609666 393.742302 428.724853 306.228673 277.411247 351.688783 
243.000000 2.000000 4.000000 a 432.112254 403.112887 170.073514 330.334679 151.198545 191.859323 196.430649 59.405387 253.712436 98.432718 96.254870 221.273586 105.304321 145.120639 437.905241 102.459748 409.238317 260.163410 57.567352 257.233357 257.007782 32.015621 419.500894 138.924440 288.461436 426.307401 400.552119 95.126232 253.001976 235.053185 
199.000000 4.000000 2.000000 a 368.392454 424.417248 184.783657 227.220158 338.657644 305.790778 115.277925 252.517326 330.248391 351.961646 240.916998 408.710166 189.475592 159.530561 331.078541 237.427884 392.073973 357.246414 296.243143 485.856975 72.422372 289.249028 329.965150 395.941915 356.202190 309.974192 236.617835 205.341180 230.867928 138.159328 
153.000000 3.000000 1.000000 a 485.242208 453.361886 221.882852 382.800209 193.535526 241.679540 241.615397 112.614386 303.797630 126.142776 96.519428 256.758642 151.921032 192.169196 491.049896 102.649890 461.351276 308.133088 31.890437 277.348157 300.166620 33.136083 472.747290 156.706732 338.031064 479.262976 451.629273 144.471450 306.204180 284.339586 
122.000000 5.000000 3.000000 a 317.944964 276.568256 114.127122 241.853261 45.967380 64.899923 178.440466 82.054860 127.027556 89.560036 205.350919 121.078487 121.642920 135.830777 334.767083 210.152326 287.141080 132.608446 184.954048 192.875608 235.925836 159.326708 313.057503 121.037184 161.245155 327.249141 321.801181 105.702412 155.756220 184.694342 
160.000000 7.000000 1.000000 a 544.518136 512.582676 277.949636 439.344967 250.008000 300.926901 290.299845 171.330091 363.055092 177.538728 118.270876 308.585482 203.960781 243.583661 549.044625 122.690668 521.015355 366.565137 66.850580 317.694822 345.861244 86.267027 531.226882 200.202398 397.075560 536.716871 505.827046 198.957282 364.533949 336.922840 
253.000000 7.000000 2.000000 a 482.647905 469.552979 205.973299 364.819133 232.019396 262.773667 203.531324 121.297156 322.567822 181.320159 23.769729 304.200592 126.574089 162.431524 478.715991 29.154759 468.606445 333.246155 42.638011 339.436297 255.219513 56.364883 463.548271 219.544984 357.974859 464.226238 424.633960 127.800626 298.760774 254.892134 
107.000000 6.000000 4.000000 a 379.084423 335.037311 152.266214 297.249054 72.780492 124.579292 203.973037 62.936476 186.171964 40.162171 170.836179 142.688472 124.277914 153.629424 394.442645 176.589920 347.899411 187.800426 135.484316 188.608059 265.414770 110.548632 373.268000 83.725743 219.244156 386.046629 374.977333 107.615055 212.565284 224.722051 
190.000000 9.000000 1.000000 a 105.000000 58.821765 327.482824 227.721321 327.409529 267.001873 374.626481 402.244950 205.060967 406.636201 516.202480 306.022875 402.274782 380.489159 168.240899 519.185901 60.033324 207.241405 512.782605 377.773742 382.106006 487.607424 149.495819 413.303762 172.678893 186.231039 263.472959 395.627350 237.305710 323.681943 
146.000000 4.000000 1.000000 a 446.284663 370.563085 270.484750 395.456698 125.323581 195.317690 328.006098 186.954540 241.356583 86.267027 271.046122 124.197423 249.419326 278.619813 475.857121 277.411247 400.281151 227.191549 215.260308 96.187317 388.702971 197.959592 451.685731 41.677332 263.865496 472.051904 477.104810 232.899120 309.161770 342.474817 
277.000000 2.000000 2.000000 a 320.156212 278.490574 115.550855 244.000000 45.343136 66.850580 179.493732 81.006173 128.968989 87.361319 204.244951 120.933866 121.655251 136.488095 337.001484 209.086107 289.249028 134.260940 183.294844 191.942700 237.191905 157.664200 315.293514 119.067208 163.110392 329.473823 323.896588 105.603030 157.927198 186.303516 
238.000000 4.000000 1.000000 a 334.861165 224.510579 310.161248 352.476950 178.997207 188.438319 380.370872 297.593683 175.889170 232.310138 416.638932 103.696673 340.939877 348.604360 385.229802 422.190715 273.000000 146.731046 379.047490 116.180893 426.713018 355.316760 358.934534 209.344214 167.943443 390.744162 430.308029 325.379778 284.613773 362.862233 
Type de surveillance de chaque endroit(target):tab[nombre de target]
a a a a a a a a a a a a a a a a a a a a a a a a a a a a a a 