Nombre des capteurs:
20
Nombre des targets:
30
Nombre de type de surveillance:
1

Caracteristiques:
143.000000 7.000000 3.000000 a 396.812298 31.780497 386.544952 399.929994 390.117931 237.286746 375.213273 519.840360 289.705022 311.733861 159.113167 365.246492 256.158154 514.309245 482.958590 371.486204 256.867670 322.578673 177.538728 456.074555 467.209803 229.836899 85.211502 162.117242 363.093652 221.054292 406.109591 338.053250 392.378644 457.739009 
114.000000 5.000000 2.000000 a 134.316790 286.923335 383.189248 142.635900 145.344419 223.557599 303.427092 399.721153 6.324555 261.199158 174.568038 90.686272 67.067131 291.624759 353.510962 98.432718 29.427878 295.935804 115.849040 180.013888 238.398826 155.666310 210.038092 281.156540 153.310143 72.277244 294.183616 234.437625 135.092561 264.775376 
270.000000 9.000000 1.000000 a 144.419528 254.921557 273.056771 143.850617 129.402473 120.066648 196.290601 307.995130 115.108644 151.092687 111.946416 131.217377 160.099969 251.246891 263.058929 197.952014 92.973114 185.827877 96.834911 210.059515 202.800394 56.515485 179.471446 201.486972 98.600203 75.802375 195.002564 128.891427 137.186005 201.375272 
127.000000 1.000000 2.000000 a 287.360401 399.602302 108.041659 276.817629 254.566298 187.747170 49.040799 100.409163 345.110127 112.720894 279.894623 313.676585 397.573893 230.360587 80.006250 408.335646 329.674081 105.759160 314.636298 336.772921 227.975876 222.811580 351.353099 275.800653 210.240339 311.006431 53.150729 108.903627 276.898899 165.109055 
234.000000 7.000000 4.000000 a 312.750699 632.247578 393.410727 302.034766 295.575709 425.699424 318.097469 207.009662 440.156790 365.301246 489.326067 359.869421 507.673123 149.308406 207.624661 445.395330 449.177025 378.724174 488.439351 304.685083 202.474690 418.609603 564.335007 531.681296 297.607124 459.018518 267.988806 320.089050 308.765283 191.175312 
188.000000 7.000000 1.000000 a 60.901560 348.936957 376.350900 70.774289 79.630396 240.682363 285.043856 356.854312 72.180330 257.031127 220.081803 15.811388 138.130373 223.573254 310.934077 93.621579 95.770559 293.155249 173.979884 106.887792 170.880075 177.724506 270.647372 319.939057 106.892469 129.282636 263.427409 216.926255 63.906181 208.000000 
286.000000 7.000000 3.000000 a 371.285604 28.653098 330.287753 372.855200 360.489944 186.231039 322.490310 468.095076 278.028775 259.493738 120.307938 344.911583 257.344128 475.946426 432.677709 365.875662 243.018518 268.152941 157.457931 433.756844 431.270217 189.156020 62.289646 105.683490 328.274276 202.632673 356.005618 289.836161 365.625491 415.906239 
109.000000 7.000000 2.000000 a 317.370446 123.878973 403.971534 322.800248 317.590932 231.311478 365.470929 500.329891 196.308431 303.516062 135.369864 279.451248 152.738338 454.842830 458.363393 270.440382 167.943443 325.221463 109.836242 370.475370 403.897264 193.847879 81.859636 203.592731 301.537726 142.270868 383.641760 312.473999 315.000000 408.006127 
248.000000 5.000000 5.000000 a 358.912246 423.135912 75.690158 348.542680 326.156404 224.501670 101.592323 125.936492 409.092899 154.466825 320.451244 383.594838 457.411194 296.769271 131.213566 476.806040 390.570096 130.862523 364.496914 408.952320 298.739017 273.124514 386.011658 292.308057 280.800641 367.375829 125.159898 170.698565 348.397761 234.804174 
108.000000 3.000000 4.000000 a 131.213566 263.007604 292.071909 132.003788 119.920807 139.606590 213.138453 319.626344 96.041658 170.038231 123.166554 113.771701 144.533733 249.777901 274.142299 178.103902 76.485293 205.060967 96.938125 195.829007 199.584569 74.672619 186.043006 217.680959 96.332757 67.230945 208.614477 144.806768 124.907966 204.553172 
253.000000 9.000000 1.000000 a 135.591298 340.036763 436.644020 146.891116 158.382449 282.577423 351.647551 434.065663 54.589376 314.803113 234.917007 89.106678 84.581322 299.774916 387.930406 38.639358 89.319651 350.305581 174.140748 159.012578 247.891105 214.895323 265.088664 341.790872 183.182969 132.257325 335.934517 282.363241 140.890028 287.001742 
173.000000 8.000000 1.000000 a 94.530418 382.426464 433.623108 106.677083 123.693169 294.979660 341.808426 406.794789 89.805345 314.213303 264.213928 56.824291 138.755180 254.892134 361.448475 45.099889 124.100766 350.332699 210.038092 104.307238 205.156038 229.993478 305.321142 368.013587 160.589539 165.193826 318.290748 274.000000 102.591423 252.192387 
155.000000 7.000000 4.000000 a 287.503043 138.405202 238.002101 286.471639 270.440382 76.661594 214.767316 359.204677 226.241022 151.168780 47.634021 271.346642 233.540146 372.236484 322.869943 318.308027 191.449732 164.684547 113.569362 353.171347 330.770313 90.027773 91.350972 61.351447 231.320125 148.946299 246.099573 179.805450 280.030355 309.245857 
295.000000 6.000000 3.000000 a 295.480964 390.866985 93.005376 285.217461 262.756541 180.936453 44.045431 112.805142 347.908034 106.230881 274.565111 320.062494 398.610085 244.264201 94.921020 413.672576 331.061928 95.131488 312.040062 346.561683 240.187427 220.036361 344.818793 265.444910 217.200368 310.586542 62.801274 109.895405 284.945609 178.084250 
296.000000 9.000000 4.000000 a 318.059743 464.486814 151.396830 306.545266 285.772637 252.239965 113.635382 42.379240 393.279799 177.279440 343.198193 350.783409 449.872204 225.796368 55.217751 448.035713 381.608438 169.838158 374.488985 358.600056 238.304427 283.444880 415.496089 340.147027 247.679228 367.049043 97.082439 165.873446 308.150937 173.311858 
197.000000 6.000000 3.000000 a 196.540072 246.174735 203.118192 192.353841 172.742583 56.435804 136.091881 266.266784 186.206874 82.280010 106.230881 194.989743 225.248751 260.725910 224.928878 269.001859 161.136588 115.485930 132.242202 262.427133 221.045244 40.607881 181.958787 157.892368 127.141653 133.240384 149.576068 78.434686 187.299226 197.517088 
235.000000 1.000000 5.000000 a 216.946998 526.273693 317.056777 205.353354 195.248560 322.931881 229.008733 159.511755 338.681266 267.798432 382.733589 263.053227 405.823853 57.271284 137.277092 354.682957 345.028984 286.204472 381.400052 224.075880 104.580113 312.014423 457.498634 429.906967 191.637679 352.784637 176.739922 218.691564 211.265236 84.148678 
187.000000 5.000000 5.000000 a 362.994490 89.560036 269.091063 362.465171 346.953887 142.611360 271.204720 417.603879 290.082747 210.354463 111.364267 344.052322 283.989436 447.675105 385.250568 381.608438 254.420911 213.377600 169.189243 428.197384 407.237032 166.865215 96.208108 44.011362 308.240166 211.518321 309.741828 248.477363 355.856713 383.157931 
263.000000 9.000000 1.000000 a 376.538179 368.913269 14.764823 367.604407 344.802842 190.876924 112.871608 195.747286 402.810129 136.751600 284.580393 393.151370 442.459038 344.268790 191.588100 479.930203 379.011873 102.420701 337.640341 433.498558 336.300461 251.077677 342.000000 236.349318 295.797228 349.284984 158.113883 174.828487 365.920756 276.524863 
271.000000 7.000000 4.000000 a 203.061567 500.275924 293.552380 191.128229 178.756818 296.184064 203.541151 146.492321 320.213991 241.105786 357.106427 247.977822 386.870779 56.850682 118.308918 342.005848 324.599754 260.017307 357.594743 217.720004 92.913939 286.386103 432.112254 403.112887 170.073514 330.334679 151.198545 191.859323 196.430649 59.405387 
Type de surveillance de chaque endroit(target):tab[nombre de target]
a a a a a a a a a a a a a a a a a a a a a a a a a a a a a a 