Nombre des capteurs:
20
Nombre des targets:
100
Nombre de type de surveillance:
1

Caracteristiques:
177.000000 8.000000 3.000000 a 415.473224 234.412030 76.485293 173.726797 312.246697 166.003012 410.000000 413.469467 335.596484 161.111762 177.910090 65.795137 424.990588 354.317654 119.603512 333.418656 185.172892 496.383924 320.140594 343.431216 167.487313 244.738636 180.543624 209.153054 278.001799 481.087310 65.000000 204.831638 212.362897 363.232708 430.834075 520.566038 448.486343 110.887330 490.978615 159.176003 251.753848 240.435022 308.768522 247.881020 84.172442 201.308221 230.852767 216.603324 285.077183 224.396970 375.502330 366.829661 376.324328 341.634307 410.030487 359.434278 297.692795 470.312662 418.043060 468.628851 300.121642 225.077764 403.053346 242.711763 383.766856 351.540894 353.510962 232.107734 448.037945 426.568869 349.022922 205.827598 360.112482 244.789706 123.223374 353.899703 247.588368 364.446155 113.159180 196.621464 137.306227 190.420587 367.619368 156.051274 411.806994 302.238317 397.518553 486.333219 164.514437 525.478829 319.081494 373.033511 271.516114 241.745734 122.776219 193.680149 90.022219 184.271539 406.752996 234.132441 190.065778 481.302400 349.206243 204.401566 
101.000000 2.000000 4.000000 a 279.732015 85.586214 97.128780 200.860648 308.210967 108.337436 333.142612 259.624729 319.188032 101.769347 197.362610 154.275727 357.459089 197.496835 38.948684 179.387848 155.322246 369.265487 166.138496 191.637679 108.811764 177.045192 127.906216 157.724443 251.191162 371.775470 97.308787 66.030296 60.745370 262.819330 282.194968 382.561106 298.824363 136.367151 335.201432 51.623638 94.021274 249.721845 151.953940 154.845084 187.757823 216.787915 207.424685 261.681104 150.748134 263.108343 222.283603 261.396251 258.069758 241.350368 258.860967 352.625864 139.946418 329.511760 268.365423 318.290748 157.432525 128.405607 372.075261 85.796270 291.096204 340.824002 273.162955 111.615411 391.624820 321.753011 279.064509 225.461748 283.494268 137.266165 50.000000 220.184014 135.085158 215.613079 128.658463 130.138388 62.968246 54.918121 233.452351 101.843016 352.676906 242.404620 241.588493 333.376664 213.590730 381.077420 194.743421 301.094669 291.185508 205.915031 80.411442 109.635761 120.415946 109.288609 353.638233 196.758736 92.633687 341.584543 282.766688 252.253840 
290.000000 3.000000 4.000000 a 87.200917 207.424685 293.393933 247.258974 254.503438 304.021381 169.144908 138.437712 244.346066 298.511306 238.314918 289.849961 200.601595 136.473441 226.126071 207.060378 182.332115 167.836230 104.019229 92.309263 169.499263 126.589889 320.764711 154.806331 195.634864 171.210397 286.923335 137.440896 146.492321 83.737686 126.317061 191.564611 144.506055 241.400083 212.249853 247.655002 158.902486 242.637590 175.385290 95.775780 311.269979 238.648277 188.957667 290.243002 53.338541 283.704071 232.568270 75.006666 57.008771 71.554175 121.016528 279.121837 150.986754 144.692778 120.208153 164.137138 60.207973 295.989865 260.572447 145.784087 115.364639 265.911639 122.653985 263.347679 242.495361 126.716218 142.621878 246.058936 134.658828 87.658428 211.400095 299.107004 284.411673 83.384651 234.241329 147.248090 193.352011 150.206524 41.109610 300.043330 208.031248 143.003496 222.569090 190.394328 273.600073 202.410474 302.001656 152.957510 275.523139 171.956390 207.576492 140.064271 249.018072 297.754933 216.910120 169.162644 274.767174 154.201167 150.216510 288.669361 
217.000000 8.000000 4.000000 a 172.887246 374.834630 424.322990 291.878399 207.908634 458.215015 34.058773 275.486842 180.623919 451.908177 283.365488 379.179377 52.392748 300.647634 361.083093 377.597669 252.786471 151.990131 274.390233 257.287777 272.264577 192.023436 476.931861 227.431308 185.151289 83.671979 412.752953 287.235095 304.108533 90.917545 239.820766 210.297408 250.567356 327.981707 323.542887 400.660704 327.963413 246.611030 347.047547 198.295234 387.005168 268.888453 218.579505 302.398743 218.680132 291.893816 399.091468 97.200823 122.147452 110.571244 253.584306 200.561711 322.913301 204.298801 244.499489 261.512906 231.812424 460.651712 146.778745 312.693140 60.008333 191.460179 83.054199 429.941857 89.274856 60.440053 90.801982 271.412969 77.103826 213.321354 339.699868 470.558179 452.238875 238.212090 324.211351 242.206523 316.665439 296.013513 175.601822 452.305207 75.026662 138.246157 383.735586 289.862036 316.715961 246.519776 473.874456 68.541958 255.665797 202.526541 321.686182 252.039679 346.577553 455.763096 90.620086 207.927872 434.544589 202.247373 93.407708 307.766145 
203.000000 2.000000 2.000000 a 227.035240 206.305599 200.092479 108.240473 168.181450 250.726943 202.674616 264.714941 175.413796 243.790894 99.744674 158.145503 221.923410 231.969826 142.225174 265.188612 41.617304 295.083039 189.391130 198.655481 45.705580 35.693137 271.007380 18.000000 107.647573 271.713084 187.114938 103.368274 128.035151 153.574086 263.774525 328.907282 282.349075 106.775465 343.949124 196.310978 177.485211 123.490890 229.244411 45.254834 174.269906 105.536723 70.342022 158.902486 118.330047 154.870914 304.290979 158.483438 174.071824 132.502830 252.253840 209.976189 204.978048 284.985965 255.031371 302.592135 143.589693 272.347205 226.920691 158.240324 173.158887 197.625909 144.170038 250.409664 251.803495 216.831732 143.178211 114.140265 151.953940 59.236813 118.308918 337.312911 274.614275 206.736547 101.192885 16.155494 94.540996 102.083299 182.035711 242.744722 213.251026 100.463924 309.040450 327.048926 133.775932 342.947518 322.456199 166.904164 164.073154 63.134776 95.524866 36.235342 121.396046 254.096438 212.115535 54.561891 237.794029 293.756702 145.065502 154.690013 
203.000000 6.000000 4.000000 a 343.013119 82.710338 112.008928 286.665310 401.907950 35.227830 423.079189 295.880043 413.759592 34.655447 284.597962 215.102301 448.844071 226.753170 110.476242 171.604196 248.316331 436.257951 210.736803 238.891189 202.632673 271.449811 44.407207 252.438111 345.810642 449.694341 126.099167 151.168780 134.082064 347.979884 328.709598 439.209517 342.537589 215.406592 360.671596 45.221676 128.390031 340.865076 161.548754 246.789384 248.581978 305.785873 301.318768 346.353865 225.390772 349.276395 207.966343 344.702771 335.386344 327.392731 301.862552 446.870227 164.975756 384.980519 313.789739 359.701265 223.188261 38.832976 466.840444 135.236829 377.890196 435.229824 363.617931 47.434165 484.332530 403.183581 371.296378 314.058912 374.471628 226.773014 133.775932 167.502239 59.228372 266.475140 209.172178 224.971109 153.600130 144.402216 300.958469 39.698866 445.417781 336.434243 236.763595 368.108680 294.884723 429.893010 130.969462 392.593938 381.718483 300.541179 166.355042 204.352636 193.535526 20.099751 447.088358 291.358885 4.123106 397.819054 375.453060 335.886886 
272.000000 4.000000 4.000000 a 153.561063 162.609963 226.417755 195.151223 235.934313 244.965304 202.249845 177.611937 234.029913 238.951878 186.850207 224.200803 230.204257 147.166572 159.260792 193.496770 127.953116 235.580135 105.000000 111.570605 105.361283 89.140339 263.045623 104.403065 172.985549 232.215417 219.317122 73.979727 89.157165 124.919974 179.769297 258.588476 198.345658 177.552809 257.186703 187.536663 119.603512 205.878605 157.699081 50.039984 247.632793 192.442199 150.479234 245.751907 31.016125 241.124449 228.484135 122.249744 119.268604 104.388697 166.012048 270.085172 131.848398 209.678325 169.838158 218.819560 56.515485 246.058936 267.927229 101.862653 154.945152 256.826790 144.627107 216.363121 268.776859 182.164761 156.984076 200.848201 156.339374 28.160256 143.586211 276.875423 239.384628 119.883277 169.917627 88.323270 125.355494 85.094066 105.815878 239.852038 230.729279 135.532284 228.372503 241.919408 220.036361 266.400075 270.839436 175.285481 244.032785 137.003650 140.003571 75.663730 182.857868 241.281993 235.518577 131.137333 219.695243 220.056811 162.788206 241.919408 
183.000000 6.000000 3.000000 a 187.267189 77.278716 207.761883 264.382299 331.748399 186.959889 295.677189 148.862353 332.469547 182.822318 257.777035 253.527119 325.465820 86.278618 148.492424 96.690227 201.002488 280.862956 56.648036 84.202138 160.514797 183.412104 200.422055 186.424247 268.793601 300.416378 208.830074 75.690158 57.801384 212.407627 175.513532 283.425475 190.905736 220.510771 223.680576 137.244308 28.160256 291.986301 60.671245 145.773797 284.429253 270.000000 238.549785 322.223525 85.041167 320.001562 136.091881 205.798445 188.448932 195.133288 150.233152 368.461667 37.121422 229.244411 160.975153 209.570990 72.498276 166.904164 368.077438 25.806976 244.200737 355.316760 241.174211 132.909744 365.580361 258.955595 255.691220 279.001792 253.242966 120.702113 148.448644 176.708800 152.764525 111.004504 211.966979 161.198635 144.899965 87.091905 147.299016 185.722912 328.344331 235.544051 144.734239 222.784649 284.903492 276.371127 172.557237 272.347205 332.628922 228.473193 165.954813 139.000000 213.768566 176.229963 334.187073 221.054292 152.118375 241.993802 261.904563 315.767319 
229.000000 4.000000 4.000000 a 136.605271 354.587084 490.147937 467.754209 448.268893 470.465727 296.285335 142.042247 428.812313 467.041754 458.686167 507.578565 323.394496 211.442664 425.621898 286.043703 403.685521 122.588743 229.401395 202.232539 388.820010 345.218771 481.448855 375.832409 399.392038 195.739623 488.190537 335.965772 332.729620 245.936984 110.981981 64.327288 95.189285 461.069409 105.190304 423.249335 311.488363 454.814248 279.873186 317.165572 531.160993 456.863218 404.665294 506.442494 256.811215 498.759461 275.363396 233.634330 201.357890 255.415348 135.977939 457.685482 272.385756 79.404030 125.159898 77.665951 240.216569 437.475714 414.614279 311.040190 257.561643 446.060534 292.022259 402.781579 360.168016 215.856434 315.014285 463.605436 299.152135 307.689779 417.321219 366.292233 414.903603 177.544361 453.521775 368.403312 403.886123 350.372659 180.380154 470.392389 343.956393 340.777053 243.647286 77.103826 494.354124 25.079872 392.509872 308.812241 481.665859 386.626435 421.213722 359.089125 466.022532 457.183770 358.788238 385.612500 433.169713 74.464757 322.567822 506.285493 
222.000000 2.000000 4.000000 a 328.525494 66.483081 159.452187 320.814588 427.126445 80.212219 429.424033 268.700577 436.073388 81.633327 317.724724 258.278919 457.138929 199.449242 146.758305 132.849539 275.481397 422.284264 191.846293 219.513098 228.615398 288.721319 80.280757 275.045451 368.209180 443.416283 172.539850 162.003086 140.089257 349.824242 305.419384 419.001193 317.516929 252.723169 327.299557 82.389320 115.433964 370.361985 130.862523 259.187191 292.171183 337.502593 326.450609 381.413162 222.800359 383.318406 165.205932 344.820243 330.643312 330.552568 277.650860 470.408333 141.003546 365.049312 290.387672 333.190636 215.034881 26.925824 484.409950 128.444541 380.938315 458.207377 371.441785 10.816654 494.801981 400.552119 381.871706 346.135811 382.920357 236.619948 167.287178 119.037809 14.317821 247.584329 245.751907 246.813695 183.575598 159.364362 290.318790 86.954011 456.247740 351.518136 195.887723 338.415425 331.725790 405.690769 83.186537 401.647856 411.895618 323.208911 199.582063 224.439301 232.819673 60.440053 459.526931 314.230807 46.173586 378.064809 386.846223 371.570989 
236.000000 3.000000 3.000000 a 362.012431 376.948272 311.899022 107.628992 62.169124 390.840121 233.540146 427.141663 92.703829 383.856744 107.800742 210.641876 227.793766 405.277683 281.325434 442.507627 149.264865 397.826595 363.088144 367.766230 195.818794 169.499263 411.004866 159.524293 96.664368 345.114474 294.170019 277.713882 302.200265 250.928277 415.322766 447.320914 432.935330 182.035711 502.319619 346.447687 353.617024 54.129474 406.601771 208.240246 194.550765 85.755466 108.074049 60.745370 287.628232 51.429563 481.602533 262.733705 294.762616 240.634578 410.896581 97.046381 382.314007 416.832100 410.201170 451.594951 313.703682 428.435526 158.685223 334.574356 246.811669 95.351980 208.434642 413.401742 227.668619 297.058917 187.723200 77.665951 204.748626 231.000000 257.769277 511.531035 436.986270 369.583549 186.171964 185.722912 239.269722 273.080574 327.330109 381.005249 205.153601 155.193428 485.297847 479.108547 110.941426 472.826607 492.879296 202.950733 14.560220 121.334249 225.177708 208.904284 207.328242 400.495943 192.314846 127.015747 390.356248 421.783120 181.570923 72.615425 
221.000000 6.000000 1.000000 a 309.483441 53.263496 174.562310 323.760714 424.287638 101.237345 417.566761 246.594809 431.653796 101.828287 320.053121 268.151077 446.010090 177.552809 153.469867 109.590146 274.694376 403.124050 172.290452 199.572042 227.758644 282.681800 103.004854 271.825312 364.160679 426.676693 186.271308 155.080624 131.711807 336.481797 284.063373 398.151981 295.746513 258.275047 304.213741 92.913939 99.729635 370.195894 108.664622 251.143385 302.200265 338.840671 324.118805 384.610192 208.751048 385.849712 142.435951 330.820193 314.874578 317.855313 256.158154 466.502947 120.503112 344.371892 269.046464 311.090019 198.929636 49.979996 477.428529 114.825955 367.925264 454.049557 360.471913 20.000000 484.499742 385.254461 372.055103 347.639181 372.162599 227.692775 171.819673 103.368274 27.166155 227.607118 250.888421 243.528232 185.722912 154.486245 272.693968 107.004673 446.229761 343.944763 172.803356 315.762569 336.364386 383.950518 72.339477 391.065212 411.928392 319.595056 203.273215 220.585584 239.920820 82.036577 450.219946 310.792535 64.350602 357.404533 377.371170 375.225266 
278.000000 9.000000 2.000000 a 269.712810 436.790568 452.642243 282.113452 160.440020 503.126227 83.934498 369.510487 129.807550 496.332550 275.356133 384.398231 51.865210 385.893768 396.429060 456.601577 265.397815 250.251873 354.238620 341.631380 298.785877 219.585974 523.057358 247.426757 170.751281 178.538511 438.292140 338.864280 359.856916 167.573864 336.703133 309.095455 348.610097 337.130539 422.238084 446.938475 393.909888 221.815238 423.387529 241.859463 383.377099 255.001961 217.006912 271.827151 287.586509 260.647271 482.958590 178.474088 211.009478 179.613474 347.908034 132.400906 397.954771 304.290979 339.977940 360.546807 306.271122 516.492982 66.850580 376.446543 137.753403 128.809938 130.969462 489.147217 11.180340 159.524293 118.067777 254.125953 118.869677 263.402733 372.533220 546.717477 512.723122 326.465925 335.809470 270.386760 348.772132 344.193260 264.425793 495.706566 43.863424 153.873325 471.272745 389.133653 302.165518 346.174811 544.538337 99.764723 214.009346 206.886442 347.731218 287.139339 360.001389 504.385765 42.154478 215.148786 485.668611 302.372287 113.225439 280.472815 
191.000000 4.000000 2.000000 a 255.068618 105.475116 266.187904 375.133310 449.697676 203.039405 401.429944 168.881615 450.125538 202.940878 369.391391 343.722272 432.644196 109.128365 227.404925 25.495098 315.063486 344.158394 128.701204 147.800541 271.414812 301.365227 205.411782 303.000000 386.746687 382.796290 274.592425 185.779439 162.197411 316.082268 212.084889 326.724655 219.257839 321.375170 211.286535 181.617730 109.370928 408.221753 59.059292 263.577313 377.143209 383.787702 355.658544 434.719450 196.022958 433.497405 40.000000 307.092820 281.783605 302.059597 184.393601 486.153268 85.000000 275.855034 197.994949 230.705440 175.422347 150.632002 483.125243 128.003906 347.713963 472.966172 351.300441 121.918005 474.151874 351.461235 368.077438 392.842208 363.506534 238.537209 238.096619 68.796802 123.166554 172.037787 313.076668 276.683935 243.501540 193.064756 230.672929 207.908634 438.416469 351.991477 71.589105 229.002183 393.127206 305.250717 87.367042 382.460455 449.307245 346.174811 264.196896 253.712436 308.690784 184.287818 445.755538 338.585292 164.769536 288.600069 374.818623 427.263385 
226.000000 1.000000 1.000000 a 115.433964 332.343196 466.901489 445.899092 429.912782 448.011161 282.023049 120.598507 411.290651 444.504218 436.862679 484.499742 310.161248 189.789357 402.315796 266.092089 381.473459 114.560028 206.516343 179.203795 365.935787 323.641777 459.243944 353.771112 379.760451 186.702973 464.889234 312.641968 309.472131 227.431308 87.846457 60.745370 72.532751 438.179187 93.813645 400.384815 288.792313 434.373112 258.520792 294.920328 508.271581 435.508898 383.637850 485.489444 233.649310 477.980125 257.513106 214.888343 181.661774 235.790161 113.322549 440.930834 250.251873 59.808026 102.181212 56.142675 216.905509 415.924272 399.891235 288.045135 240.902470 429.075751 274.235300 381.136459 348.116360 201.558924 297.405447 442.377667 281.886502 284.971928 394.001269 348.381974 393.742302 154.304893 430.592615 345.833775 380.615291 327.048926 158.041134 447.800179 329.948481 321.361168 226.530351 61.326992 472.425656 22.203603 373.373807 292.432898 462.049781 365.699330 398.001256 336.203807 442.918728 434.954021 344.489477 364.440667 410.896581 57.558666 305.080317 485.086590 
239.000000 9.000000 1.000000 a 365.603610 356.046345 280.816666 78.390050 90.255194 362.249914 252.958495 423.207987 120.619236 355.337867 80.622577 177.101666 250.912335 395.920447 254.489685 427.055032 130.648383 409.029339 353.386474 360.661892 175.328264 163.600122 382.188435 146.413797 105.380264 360.867012 262.931550 259.976922 283.975351 259.433999 415.030119 455.834400 433.077360 152.052622 500.275924 320.207745 336.386682 46.529560 391.563533 200.661406 159.777971 62.169124 100.284595 25.632011 279.873186 17.029386 467.309319 270.414497 300.193271 246.564393 408.256047 130.311166 368.110038 421.893351 408.724846 452.354949 305.805494 402.517080 189.282857 317.718429 259.509152 127.062977 220.621848 389.422650 255.080379 310.427125 201.883630 53.150729 218.753286 221.472346 231.741235 491.781456 412.625738 365.120528 157.000000 170.047052 214.888343 253.842471 327.756007 352.238556 229.392676 163.376865 473.270536 479.099155 77.336925 478.907089 471.059444 219.804459 37.054015 116.811814 199.123078 192.374635 176.816289 372.864587 217.697037 120.208153 364.034339 427.817718 196.664689 37.576588 
114.000000 3.000000 3.000000 a 133.809566 352.164734 487.467948 464.940856 445.669160 468.002137 294.015306 139.742621 426.276905 464.560007 455.873886 504.765292 321.222664 209.121974 422.906609 284.015845 400.861572 120.813906 226.832537 199.624648 385.996114 342.414953 479.037577 373.012064 396.698878 193.932978 485.479145 333.222148 330.043936 243.312556 108.337436 62.817195 92.655275 458.245567 104.216122 420.689910 308.967636 452.070791 277.613040 314.340580 528.337014 454.070479 401.888044 503.670527 254.007874 495.996976 273.651238 230.991342 198.647930 252.715255 133.454112 455.214235 269.981481 76.661594 122.560189 75.312682 237.453153 435.188465 412.316626 308.444484 255.080379 443.569611 289.456387 400.475967 358.113111 213.564978 312.464398 460.818836 296.627713 304.862264 414.566038 364.584695 412.685110 174.865663 450.699456 365.574890 401.103478 347.627674 177.552809 467.898493 341.716257 338.096140 242.033056 75.504967 491.538401 23.000000 390.620020 306.360898 478.975991 383.854139 418.417256 356.265351 463.211615 454.766973 356.523492 382.827637 430.743543 71.867934 320.028124 503.500745 
100.000000 3.000000 5.000000 a 309.535135 168.359734 91.389277 124.422667 248.169297 160.415087 313.435799 314.841230 264.939616 153.404694 122.873919 76.661594 332.037648 261.275716 52.201533 258.383436 98.005102 390.016666 223.329353 244.034834 65.192024 146.372812 180.693110 114.284732 199.461776 376.649705 76.922038 105.118980 119.079805 259.514932 328.298645 414.614279 346.343760 54.129474 394.068522 118.105885 167.720005 182.035711 227.771816 143.265488 108.078675 145.000000 151.476071 183.980977 180.013888 186.954540 301.370204 262.225094 270.203627 237.655212 309.187645 295.020338 211.142132 364.954792 316.180328 366.721966 196.939077 200.384630 326.180931 153.873325 282.086866 284.613773 254.786185 190.682983 359.961109 322.615871 253.671047 152.869225 262.718481 138.520757 33.015148 303.105592 212.776878 262.756541 47.127487 95.257546 33.241540 91.400219 261.705942 150.711645 321.976707 209.308385 317.554720 386.173536 133.150291 420.773098 276.486889 277.510360 221.632579 156.540730 16.492423 88.283634 38.078866 170.135240 319.390044 147.648231 161.644672 375.704671 255.148976 173.626035 
103.000000 5.000000 2.000000 a 348.311642 128.809938 33.837849 213.433830 339.241802 71.119618 389.852536 325.508832 355.218243 64.404969 212.868504 132.574507 411.732923 260.860116 49.335586 228.431609 187.408644 437.319105 232.647802 258.955595 147.176764 226.176922 90.735880 199.123078 288.780193 437.028603 43.931765 133.090195 129.340636 325.000000 349.995714 451.240512 366.307248 139.517024 399.080192 50.990195 155.000000 273.122683 207.241405 211.834841 165.746795 235.592869 241.400083 270.968633 218.659553 275.138147 269.601558 324.815332 324.260698 303.145180 326.021472 385.922272 200.384630 398.151981 335.953866 385.502270 226.106170 121.593585 414.566038 150.950323 351.650395 375.299880 329.874218 124.149104 442.923244 385.686401 332.677021 243.166610 339.281594 198.224620 72.917762 245.703073 141.226768 283.622989 134.617978 175.045708 96.664368 120.337027 301.822796 60.901560 404.259817 291.631617 293.639234 399.430845 217.958712 449.387361 211.858443 355.787858 312.285126 244.663034 100.801786 159.702849 115.485930 84.480767 403.297657 235.535560 84.000000 410.249924 335.335653 259.855729 
127.000000 3.000000 2.000000 a 118.308918 155.563492 292.774657 316.900615 352.750620 270.440382 271.582400 64.031242 345.930629 266.810794 308.954689 327.340801 303.585243 31.622777 231.019480 112.680966 249.819935 210.161842 29.681644 13.341664 219.146070 210.950231 282.285317 227.741081 291.084180 244.969386 292.714878 146.577624 137.277092 186.796681 90.801982 203.002463 105.304321 287.689068 142.425419 222.854212 111.018017 328.955924 90.249654 172.539850 355.718990 315.784737 273.514168 369.139540 93.059121 364.660116 129.957685 176.173210 146.986394 176.875663 64.513564 381.407918 75.006666 149.053682 75.927597 123.693169 67.082039 242.051647 365.935787 111.364267 217.204972 368.089663 228.081126 207.038644 345.914729 215.002326 248.020160 324.274575 240.033331 151.634429 227.035240 206.634944 222.506180 34.438351 279.331344 209.066975 218.449079 160.589539 94.047860 270.053698 312.656361 243.977458 117.200683 137.568165 340.755044 192.002604 218.769285 258.141434 366.150242 259.113875 238.321212 191.595929 286.015734 257.955423 322.063658 253.899586 233.803336 162.077142 255.550386 364.967122 
Type de surveillance de chaque endroit(target):tab[nombre de target]
a a a a a a a a a a a a a a a a a a a a a a a a a a a a a a a a a a a a a a a a a a a a a a a a a a a a a a a a a a a a a a a a a a a a a a a a a a a a a a a a a a a a a a a a a a a a a a a a a a a a 