Nombre des capteurs:
30
Nombre des targets:
30
Nombre de type de surveillance:
1

Caracteristiques:
151.000000 6.000000 4.000000 a 510.881591 142.695480 130.862523 340.052937 200.551739 61.846584 497.129762 206.021844 370.482118 218.082553 217.043774 106.826963 47.434165 293.656262 140.982268 456.838046 250.379712 330.169653 545.000000 437.567138 58.694122 204.782812 279.308074 87.641314 428.401681 342.838154 198.698264 458.607675 212.219226 331.605187 
226.000000 5.000000 4.000000 a 437.795614 174.393234 214.336185 218.798995 225.175487 66.753277 414.773432 133.461605 306.894119 260.892698 128.222463 50.447993 103.812331 309.646573 161.607549 362.505172 144.917218 340.001471 477.797028 419.411492 164.468842 246.975707 155.157984 189.282857 399.500939 215.956014 124.907966 432.622237 250.567356 282.639346 
258.000000 4.000000 4.000000 a 151.647618 324.075608 400.044997 148.959726 314.006369 364.943831 113.600176 203.302730 116.000000 351.757018 191.846293 362.498276 362.763008 314.396247 311.411304 50.219518 167.538055 311.481942 197.691679 280.417546 406.745621 346.953887 194.982050 413.284406 242.002066 204.707108 210.052374 267.884303 341.256502 159.326708 
104.000000 6.000000 1.000000 a 220.127236 268.302069 317.623992 375.089323 214.767316 404.555311 247.309523 267.366789 157.000000 219.617850 286.111866 434.534233 366.565137 134.528807 268.603797 278.548021 308.561177 101.133575 221.000000 28.017851 370.919129 226.909674 380.090779 357.459089 42.426407 428.441361 274.869060 55.072679 217.690147 133.154046 
216.000000 3.000000 1.000000 a 350.184237 183.991848 247.887071 138.177422 216.009259 150.372870 324.624398 71.386273 226.318360 258.311827 50.249378 142.284925 164.684547 281.369863 168.240899 270.440382 52.697249 304.428974 391.808627 360.169405 221.616786 246.221445 84.534017 239.098306 334.551939 153.561063 65.802736 368.089663 246.454864 212.049523 
136.000000 1.000000 5.000000 a 187.109594 242.297338 318.190195 151.584960 232.398365 296.211073 164.839316 128.362767 75.026662 271.016605 123.555655 301.346976 287.562167 240.740524 229.960866 125.319591 114.612390 243.446093 228.659135 240.709368 327.940543 265.635088 169.849934 332.915905 205.975727 206.813926 136.077184 237.227739 260.247959 94.868330 
153.000000 3.000000 3.000000 a 263.795375 135.624482 202.970441 267.686384 100.623059 256.267438 265.062257 122.918672 127.565669 132.378246 146.013698 284.604989 222.607278 100.409163 130.598622 255.000000 178.600112 113.595775 289.435658 176.785180 238.648277 130.061524 253.331798 232.381152 161.554944 312.822633 129.387016 193.238195 123.016259 76.485293 
223.000000 7.000000 4.000000 a 242.705583 153.114336 224.448212 241.101638 126.099167 258.768236 240.441261 109.658561 103.077641 160.654910 129.189783 282.379178 230.521149 129.073622 145.499141 226.497241 156.894869 138.397977 271.516114 182.649938 253.339693 157.257750 231.199048 250.049995 161.400124 288.118031 117.239072 194.486503 150.748134 55.569776 
224.000000 2.000000 4.000000 a 58.821765 405.080239 471.373525 350.656527 366.050543 504.227131 105.080921 336.893158 162.274459 386.434988 340.846006 517.872571 482.578491 311.438597 398.848342 173.933895 337.831319 285.797131 30.083218 179.067027 506.996055 389.281389 387.459675 502.000996 150.053324 407.237032 345.463457 148.677503 380.621860 198.600101 
255.000000 7.000000 5.000000 a 270.292434 241.627813 314.606103 75.006666 254.096438 243.213898 239.265543 105.304321 167.430583 297.042085 82.036577 235.053185 250.966133 292.697796 226.419964 179.513231 42.755117 305.407924 314.472574 327.006116 303.105592 287.795066 76.791927 315.944615 294.635368 121.852370 108.171161 326.957184 285.119273 174.642492 
216.000000 6.000000 1.000000 a 52.497619 422.120836 495.262557 283.534830 395.885084 491.187337 31.016125 322.931881 168.074388 425.361023 318.056599 494.489636 480.801414 364.002747 412.368767 92.135769 301.346976 346.883266 84.504438 264.357712 516.605265 424.721085 333.120098 517.664950 228.254244 336.692738 330.836818 238.606370 417.119887 218.929212 
182.000000 2.000000 4.000000 a 163.783394 259.624729 335.171598 165.339046 245.601303 319.010972 142.003521 150.585524 60.728906 282.603963 146.754898 324.655202 309.129423 245.652193 247.929425 107.228727 137.379038 244.804003 205.548048 230.082594 347.979884 278.188785 189.488786 351.869294 193.847879 221.731820 158.473973 223.861564 272.264577 92.849340 
260.000000 9.000000 2.000000 a 427.126445 86.700634 123.036580 272.442655 143.031465 68.658576 413.353360 123.328829 287.001742 173.611636 137.320792 109.658561 36.674242 234.061958 77.025970 374.432905 175.011428 268.091402 461.683875 364.943831 87.132084 159.477271 217.568380 105.309069 352.132077 285.413735 116.481758 383.520534 164.347193 249.609695 
189.000000 3.000000 5.000000 a 148.808602 388.919015 445.637745 408.004902 340.330722 510.330285 192.421413 352.988668 189.644404 350.656527 364.005494 532.484742 479.610258 267.121695 386.290046 252.810205 372.292895 234.546371 123.405835 110.440029 492.878281 356.707163 433.175484 482.589888 100.000000 465.001075 361.448475 78.771822 347.541364 203.494472 
222.000000 7.000000 3.000000 a 406.605460 52.478567 65.855903 355.015493 42.720019 199.331382 407.894594 180.247053 270.283185 40.792156 206.929940 245.153013 147.085009 122.319254 67.201190 392.103303 251.113520 159.762323 430.131375 279.308074 126.463433 27.856777 316.128139 107.615055 280.000000 384.679087 179.724790 305.452124 36.235342 219.658826 
141.000000 4.000000 1.000000 a 238.430283 246.886614 294.159821 372.780096 192.255039 386.121742 262.771764 255.049015 161.523992 195.532606 275.356133 417.742744 346.590537 110.113578 247.969756 288.804432 300.707499 76.557168 242.206523 50.990195 348.803670 203.147729 373.566594 334.619187 64.195015 424.792891 262.190770 79.649231 193.932978 130.188325 
203.000000 9.000000 3.000000 a 34.014703 426.971896 498.423515 311.077161 396.547601 505.404788 49.648766 336.217192 171.773106 423.335564 333.863745 511.649294 491.687909 357.050417 418.230798 120.880106 320.887831 336.928776 51.884487 245.120379 524.263293 423.812459 357.754105 523.482569 211.009478 365.328619 344.400929 217.375252 415.819672 219.920440 
182.000000 1.000000 2.000000 a 129.807550 266.030073 336.786282 243.528232 235.161647 358.587507 132.015151 192.002604 19.416488 263.837071 198.338095 373.419335 337.668476 205.922315 258.042632 139.789127 202.484567 194.427364 160.078106 154.353490 365.301246 263.336287 263.387547 362.906324 116.867446 299.713196 200.601595 145.880088 255.650152 58.240879 
263.000000 8.000000 4.000000 a 314.311947 174.613860 209.009569 378.401903 116.056021 324.692162 330.311974 227.431308 205.234013 107.814656 252.926867 363.081258 278.729259 22.847319 180.055547 340.230804 288.530761 15.620499 325.479646 141.509717 270.179570 117.643529 363.159744 252.414342 153.075145 423.681484 232.432786 171.303824 108.724422 157.155973 
232.000000 7.000000 5.000000 a 312.473999 89.274856 154.314614 287.367361 53.037722 223.573254 312.860991 122.298814 175.251248 89.844310 149.251466 257.782854 183.961953 90.520716 86.833173 298.886266 189.129585 118.067777 337.912711 210.487529 193.196791 84.852814 262.154535 185.000000 201.534116 326.622106 126.115027 231.224999 79.075913 124.907966 
210.000000 3.000000 5.000000 a 233.173755 364.878062 439.528156 94.625578 368.419598 367.326830 189.060837 230.375780 203.334699 409.695009 209.403916 352.298169 378.639670 386.874657 350.271323 116.348614 170.188131 389.740940 278.648524 371.361010 431.074240 402.405268 158.420327 443.383581 333.361665 137.637204 234.446156 360.118036 398.252433 239.006276 
177.000000 5.000000 1.000000 a 439.508817 138.974818 174.289988 246.000000 192.937814 41.146081 420.354612 129.495174 303.534183 226.061938 132.740348 60.827625 64.140471 281.144091 127.577427 373.450131 160.056240 313.438989 477.339502 401.463572 125.031996 211.981131 185.194492 149.201206 384.707681 249.595673 121.082616 417.206184 216.316897 273.221522 
227.000000 6.000000 2.000000 a 298.670387 176.232801 248.485412 134.461891 193.847879 187.843020 275.670093 40.311289 172.177234 237.124440 16.000000 189.694491 188.281704 244.969386 160.822884 226.744349 31.144823 263.696796 339.365585 309.103543 238.052515 226.812698 104.100913 249.969998 282.056732 168.505193 42.059482 315.545559 225.088871 158.977986 
274.000000 1.000000 1.000000 a 19.697716 382.531044 452.248825 303.710388 348.862437 470.953289 60.415230 302.034766 130.096118 373.807437 303.288641 481.364727 453.133534 305.368630 374.774599 126.289350 296.516441 284.450347 46.400431 193.744677 482.050827 374.961331 342.620782 479.504953 158.757677 360.069438 310.485104 167.215430 366.749233 174.132134 
159.000000 6.000000 4.000000 a 530.874750 206.770404 211.747491 313.904444 265.188612 56.859476 510.272476 221.334588 395.667790 290.110324 222.081066 50.990195 103.121288 357.717766 200.039996 460.157582 243.018518 392.458915 569.221398 488.889558 141.396605 276.181100 248.871453 170.531522 474.236228 303.278750 212.840316 506.261790 282.511947 365.034245 
230.000000 7.000000 1.000000 a 205.119477 361.756824 437.224199 114.586212 360.855927 375.825757 161.009317 230.054341 182.332115 401.120929 211.532503 364.244423 383.275358 372.907495 347.669383 88.277970 175.727061 373.451469 250.577333 348.432203 433.461648 394.656813 175.205594 444.055177 310.074185 162.246726 235.008510 335.900283 389.955126 221.503950 
120.000000 8.000000 4.000000 a 207.894204 202.252318 265.708487 286.356421 160.153052 322.262316 217.664880 174.771279 89.470666 182.439031 192.374635 347.701021 290.327401 118.869677 198.171643 224.403654 214.704448 109.178753 228.002193 117.613775 305.883965 184.097800 286.923335 298.202951 95.854056 337.902353 182.584227 128.751699 175.684376 45.453273 
158.000000 1.000000 1.000000 a 349.091679 95.189285 165.075740 215.473896 126.245792 133.544000 334.647576 47.095647 209.880919 168.002976 68.154237 156.169779 115.381974 199.842438 79.404030 296.735573 111.664677 227.712538 384.629692 305.555232 157.543645 155.708060 172.429696 167.074834 287.445647 241.223962 42.190046 320.156212 156.236999 176.207264 
249.000000 7.000000 1.000000 a 331.436268 140.185591 174.140748 365.329988 81.492331 291.487564 343.144285 205.730406 211.747491 73.552702 232.331659 331.182729 244.499489 12.806248 146.512798 345.775939 270.702789 50.219518 346.590537 173.219514 234.829726 82.619610 344.605572 217.165835 180.272017 407.612561 209.811820 201.645729 73.600272 160.723365 
109.000000 8.000000 2.000000 a 337.712896 60.530984 136.180028 261.553054 67.208630 173.254149 331.445320 87.458562 196.573142 110.317723 114.865138 206.344372 137.200583 139.168962 49.979996 306.282549 158.404545 169.026625 367.865465 258.992278 156.923548 99.488693 227.035240 155.322246 246.564393 294.373912 88.391176 277.656262 98.290386 152.013157 
Type de surveillance de chaque endroit(target):tab[nombre de target]
a a a a a a a a a a a a a a a a a a a a a a a a a a a a a a 