Nombre des capteurs:
30
Nombre des targets:
100
Nombre de type de surveillance:
1

Caracteristiques:
111.000000 2.000000 5.000000 a 177.507746 375.406446 136.058811 188.151535 302.100976 442.232970 417.268499 308.967636 128.035151 345.052170 363.077127 213.215853 164.368488 324.755292 392.073973 53.009433 323.125363 288.530761 180.878412 298.511306 365.164347 430.846841 249.633732 162.742127 287.405637 138.003623 190.515091 439.764710 282.200283 331.472472 375.095988 71.112587 272.356384 335.529432 348.764964 147.979728 139.946418 187.523332 328.074687 210.116634 43.965896 418.284592 282.816195 327.360657 147.299016 173.979884 202.940878 292.099298 438.826845 351.262010 173.011560 367.491497 376.430604 333.054050 312.846608 290.423828 173.692257 362.398951 194.139125 298.001678 194.537914 201.717624 404.223948 114.214710 294.552203 115.017390 90.138782 445.004494 234.642281 194.833262 110.981981 96.046864 248.310290 214.009346 96.046864 257.108926 386.803568 117.239072 272.640789 179.293056 316.652807 220.737401 180.049993 205.769288 195.673197 296.447297 348.304465 40.162171 138.191896 241.033193 374.213843 384.688185 305.484861 144.506055 276.028984 268.425036 186.681547 390.000000 353.638233 82.734515 
292.000000 4.000000 1.000000 a 40.162171 396.232255 196.086716 38.013156 359.562234 471.291842 459.108920 359.005571 309.012945 332.615394 236.103791 363.880475 92.048900 359.922214 383.400574 224.588513 333.946103 130.384048 239.776980 311.834892 422.654705 479.350602 138.351003 318.064459 393.395475 302.041388 63.007936 311.411304 150.615404 239.282260 247.008097 274.235300 130.751673 221.472346 465.004301 74.404301 168.656456 40.804412 381.807543 227.035240 162.163498 331.903600 302.233354 350.035712 70.349129 179.902752 251.668433 210.618138 311.314953 453.485391 77.129761 456.946386 413.146463 454.120028 288.875406 185.440017 265.324330 388.207419 241.660919 162.520768 172.733899 44.721360 269.601558 201.427406 365.492818 106.775465 161.198635 413.696749 134.182711 59.076222 95.189285 140.730238 67.082039 364.869840 251.007968 379.827592 285.889839 211.624668 126.321020 250.008000 214.646221 161.335055 186.986631 82.927679 326.805753 232.561820 354.572983 207.694487 256.345470 213.178329 243.018518 349.961426 445.314496 120.332872 278.614429 295.381110 328.469177 285.954542 437.321392 127.424487 
206.000000 7.000000 4.000000 a 244.131112 140.687597 106.943911 244.969386 77.794601 209.697401 188.308258 80.000000 191.269443 122.090131 245.458754 157.746632 320.315469 90.824006 162.003086 187.683244 91.547802 249.064249 55.154329 69.123079 143.010489 205.299781 189.525724 149.566039 124.004032 161.245155 320.663375 299.132078 216.037034 188.448932 254.031494 235.227549 225.177708 215.362485 193.494186 288.105883 123.434193 242.210652 102.176318 57.584720 234.542107 238.321212 53.160135 92.779308 222.575830 103.227903 34.669872 161.297861 297.435707 175.413796 316.834342 174.897113 144.461067 187.130970 107.814656 187.672587 68.249542 127.882759 45.221676 225.179928 112.924754 315.158690 281.055155 122.702893 82.764727 279.692688 164.176734 220.513038 179.254010 320.975077 236.135554 290.027585 264.705497 158.521292 155.544206 129.691943 230.482103 117.881296 230.586209 55.578773 193.002591 138.852440 95.963535 209.570990 115.260574 142.618372 116.211015 194.987179 106.920531 96.187317 257.256681 169.162644 197.306868 166.604322 62.968246 37.643060 131.137333 236.027541 154.767568 254.169235 
156.000000 8.000000 1.000000 a 341.843531 338.363710 210.237960 350.035712 252.057533 381.284671 348.661727 264.168507 69.260378 349.000000 456.277328 85.702975 354.611055 289.499568 379.043533 155.029030 312.771482 419.153910 208.060087 295.528340 293.170599 352.625864 364.045327 82.758685 185.607112 83.192548 377.359245 520.973128 398.026381 406.007389 466.807241 125.399362 397.102002 425.248163 214.646221 334.260378 236.772042 348.369057 271.979779 253.268632 230.375780 468.027777 280.964411 303.817379 309.342852 255.156815 221.334588 371.012129 519.466072 232.939906 361.686328 259.695976 323.066557 196.939077 338.285382 386.401346 171.944759 324.137317 220.984162 412.001214 280.444290 385.219418 496.009072 191.481070 232.561820 304.198948 219.492597 441.072556 348.891100 381.030183 287.000000 287.647354 400.911462 85.510233 129.294238 146.768525 454.828539 182.923481 400.091240 195.576072 402.612717 316.166096 255.190125 345.775939 117.337121 360.672982 333.640525 173.184872 147.339743 302.200265 468.482657 397.397786 152.856142 275.408787 293.298483 266.270539 100.169856 459.882594 256.007812 270.275785 
135.000000 9.000000 2.000000 a 268.411997 122.800651 200.084982 263.433103 150.216510 190.588562 191.324332 139.560023 321.398507 46.572524 146.372812 290.642392 366.006831 119.364986 89.375612 298.328678 76.941536 205.231577 167.155616 77.826731 182.024724 214.105114 162.889533 283.063597 233.460918 292.405540 352.933421 176.773867 168.371613 89.844310 150.269757 354.498237 186.868938 124.619421 289.006920 333.946103 197.091349 260.739333 154.042202 127.094453 320.014062 104.995238 88.005682 98.615415 262.154535 163.012269 148.030402 93.509358 174.874241 261.076617 357.095225 245.601303 151.426550 289.387284 26.400758 126.822711 196.725697 122.641755 152.315462 167.800477 148.097941 340.000000 170.496334 223.778909 171.397200 339.613015 248.163253 117.953381 163.917662 351.069794 293.620503 361.060937 250.990040 291.358885 276.342179 252.944658 108.171161 224.109348 193.258894 176.204427 110.022725 140.217688 156.115342 214.953483 249.226804 67.208630 80.062476 299.547993 231.691605 97.514102 155.544206 53.450912 313.969744 215.740585 71.400280 100.568385 265.307369 114.236597 225.144398 324.858431 
149.000000 5.000000 3.000000 a 323.785423 86.833173 243.018518 319.075226 145.344419 142.940547 150.562279 132.774244 349.721318 36.400549 188.904738 304.921301 420.415271 107.200746 37.947332 338.141982 72.801099 259.268201 202.704218 89.961103 156.041661 173.046237 218.826415 306.373955 231.490821 319.582540 408.306258 200.202398 222.829531 138.231690 190.128904 390.861868 241.834654 172.307864 275.936587 388.128845 244.386988 316.362134 139.430987 169.000000 367.669689 114.140265 105.475116 87.206651 316.260968 211.142132 181.408379 148.553021 198.204440 245.220309 411.928392 224.543982 118.532696 279.723077 68.883960 181.107703 226.152603 92.720009 188.095720 221.000000 199.371513 395.701908 204.677796 265.369554 168.014880 392.164506 294.898288 66.189123 219.938628 406.558729 346.013006 412.074022 306.776792 305.499591 311.295679 258.172423 138.452158 264.092787 248.195487 209.121974 161.235852 195.071782 203.666394 270.800665 267.555602 122.918672 57.428216 341.586007 263.910970 149.040263 196.086716 16.763055 311.623170 267.858171 103.585713 120.904921 284.787640 144.256716 205.936884 375.564908 
212.000000 8.000000 3.000000 a 356.040728 391.760131 241.400083 365.328619 305.360443 436.146764 403.629781 317.245961 94.366308 398.503450 492.760591 140.431478 353.005666 342.163704 430.813185 166.337007 363.323547 445.820592 248.823230 344.843443 348.053157 407.707003 393.859112 128.502918 240.674053 119.854078 379.697248 560.736123 428.239419 445.479517 503.758871 118.105885 424.984706 461.989177 267.710665 337.004451 265.158443 364.017857 325.983128 293.899643 232.045254 512.800156 329.771133 355.613554 323.649502 288.300191 264.614814 408.905857 559.325487 287.271648 362.167089 314.407379 377.361895 250.081987 384.688185 421.046316 215.000000 377.482450 262.731802 442.936790 313.912408 390.266576 533.318854 219.665655 286.434984 304.198948 238.321212 492.541369 378.350367 383.950518 295.169443 282.398654 420.437867 140.292551 153.938299 201.804361 496.299305 212.624081 427.299661 237.394187 439.732873 349.005731 289.620441 368.213253 168.433963 401.154584 385.001299 182.167505 184.588732 341.568441 504.905932 446.534433 204.462711 297.865742 339.779340 314.696679 150.784615 501.080832 311.040190 271.737005 
206.000000 9.000000 3.000000 a 110.462663 418.168626 176.139150 121.655251 358.745035 490.828891 470.967090 362.505172 229.264040 370.696641 331.789090 306.349474 60.033324 372.108855 421.531731 144.668587 358.860697 236.780489 228.569464 334.053888 424.304136 487.862686 218.160491 255.820249 365.000000 233.465201 89.022469 410.143877 243.823707 316.697016 343.677174 175.071414 228.002193 309.743442 432.224479 50.249378 161.449683 122.539789 384.158821 239.520354 65.787537 410.274298 320.306104 368.957992 94.540996 191.128229 248.040319 280.044639 409.646189 429.180615 69.871310 440.541712 426.564180 418.043060 331.061928 266.309970 237.655212 406.988943 237.547890 258.804946 200.584147 103.870111 370.202647 165.680415 357.015406 15.556349 119.632771 465.317096 206.518764 93.962759 55.081757 18.601075 181.397354 307.240948 184.260685 340.625894 370.167530 173.971262 225.893780 233.034332 295.959457 211.532503 199.090432 160.330908 280.130327 293.615395 383.093983 126.087271 211.929233 251.097591 341.087965 401.260514 396.913089 132.382023 304.776968 308.585482 275.261694 371.856155 423.869084 29.732137 
291.000000 8.000000 2.000000 a 96.005208 415.177071 176.051129 107.018690 358.453623 488.466990 469.554044 361.653149 239.493215 365.328619 319.112833 313.746713 48.507731 370.151320 416.432468 153.844077 355.128146 222.467975 228.326521 330.492057 424.057779 486.963038 206.400097 263.539371 368.570210 241.960741 74.148500 397.327321 230.930726 306.104557 330.927485 188.066478 214.560015 297.835525 436.743632 34.000000 159.000000 108.078675 383.600052 236.180016 75.953933 400.005000 317.176607 366.083324 83.096330 186.978608 247.032387 270.118493 396.879075 432.510115 56.008928 442.831797 424.746984 422.962173 324.895368 254.950976 239.943743 404.357515 236.448726 245.692898 194.486503 88.022724 357.056018 167.764716 357.761093 2.236068 120.933866 458.651284 195.368882 78.854296 47.759816 34.655447 166.012048 314.658545 191.846293 345.579224 359.016713 176.581426 212.200377 233.692105 284.775350 202.940878 195.017948 147.678705 285.716643 284.803441 379.043533 135.162865 216.363121 244.640553 328.161546 394.366581 403.476146 125.872952 300.443006 305.996732 281.780056 360.513523 425.678282 36.400549 
280.000000 1.000000 2.000000 a 347.850543 35.171011 244.951016 344.607023 108.756609 96.254870 99.297533 96.041658 331.903600 49.819675 237.507895 275.485027 439.829512 69.835521 21.931712 333.294164 55.578773 298.457702 197.914123 80.411442 105.848949 122.000000 251.984126 284.763059 192.096330 301.317109 431.588925 252.285552 261.335034 183.469343 239.708156 380.888435 279.007168 218.194867 229.172424 407.117919 252.356890 341.809889 96.166522 173.954017 373.280056 165.894545 95.885348 55.785303 335.886886 221.720545 175.823775 186.389377 250.287834 197.590486 432.897216 175.045708 66.940272 234.610315 93.380940 220.220344 213.527516 43.566042 184.567061 261.721226 215.647861 420.933486 255.765518 264.741383 130.667517 406.787414 300.509567 83.486526 250.351753 430.447442 360.854541 423.135912 340.283705 275.936587 301.373522 223.006726 189.763010 261.503346 285.408479 201.089532 204.377102 219.617850 213.740497 298.328678 242.637590 159.260792 30.413813 339.511414 252.507426 168.629772 245.473013 68.468971 270.174018 283.550701 108.078675 110.367568 260.324797 195.655309 157.470632 386.463452 
147.000000 9.000000 1.000000 a 173.366663 225.062214 169.118302 166.138496 223.293529 296.770955 293.373482 216.684102 314.579084 151.162165 83.868945 315.981012 274.710757 205.496959 197.648678 263.797271 167.502239 97.637083 166.090337 153.525242 272.800293 315.753068 58.309519 290.987972 291.446393 290.833286 256.041012 155.331903 60.464866 47.381431 94.847246 325.262971 78.568442 53.075418 358.050276 244.607849 150.903943 163.713164 236.913486 122.653985 258.723791 141.000000 152.453272 188.488726 176.011363 121.753850 158.398232 14.866069 154.207652 335.431066 263.590592 327.110073 249.881972 353.748498 109.178753 20.615528 203.592731 221.472346 155.206314 62.625873 96.540147 240.684441 124.482931 192.852275 239.169396 258.031006 196.331353 218.892668 64.776539 253.355481 214.755675 285.187658 144.031247 316.892726 257.421833 297.865742 102.107786 198.070694 84.958814 179.412932 31.400637 65.299311 119.519873 116.927328 271.206563 41.617304 180.767807 258.278919 225.601418 74.000000 96.046864 156.818366 365.953549 144.640935 124.036285 155.116086 283.098923 104.694795 305.897042 251.733987 
263.000000 3.000000 4.000000 a 207.684857 178.370401 67.542579 209.353768 116.846053 248.781028 227.923233 119.620232 171.723615 149.214611 239.033470 158.823802 281.042701 129.769026 194.041233 154.116839 124.579292 226.221131 18.027756 100.124922 182.332115 244.951016 166.243797 137.974635 149.906638 143.600139 282.336678 300.507903 196.155551 186.010752 248.847343 206.196508 202.247373 208.062491 221.461058 248.965861 84.172442 206.651881 141.650980 34.539832 195.818794 249.703825 84.291162 129.541499 184.621234 67.623960 5.000000 153.075145 298.966553 207.077280 277.901062 209.914268 183.831445 212.793327 124.615408 173.954017 48.795492 166.087326 5.656854 207.299301 82.734515 277.618443 277.411247 84.929382 119.201510 240.052078 124.775799 249.465428 154.003247 282.846248 196.664689 250.529439 234.307490 159.731024 126.921235 146.085591 234.104677 81.394103 207.086938 26.076810 185.237685 114.109596 61.351447 177.485211 114.061387 140.246212 149.753130 159.452187 81.394103 83.648072 251.177228 193.062166 215.148786 128.809938 81.743501 69.871310 126.570139 239.152671 190.541334 214.580987 
219.000000 8.000000 2.000000 a 78.549348 283.867927 110.022725 75.286121 249.707829 358.938713 346.770818 248.229732 251.924592 221.963961 171.813853 282.294173 175.863583 247.881020 273.197731 182.879742 221.578429 102.083299 139.742621 199.409127 311.554169 367.164813 56.938563 244.049175 292.514957 235.274308 162.889533 249.771896 89.498603 150.562279 183.896710 243.741667 82.006097 146.413797 364.156560 144.308697 81.743501 72.470684 270.972323 117.618026 160.112460 244.100389 190.031576 237.625756 73.552702 76.118329 146.751491 114.039467 249.018072 349.262079 166.571306 349.847109 300.820545 355.128146 178.734440 101.651365 172.104619 275.775271 137.786066 105.261579 62.177166 151.476071 212.438226 126.530629 257.619875 155.029030 109.123783 308.292069 42.544095 161.384634 111.543713 181.994505 92.070625 283.289604 190.546582 285.156098 204.518948 135.358783 83.761566 152.069063 130.613935 50.537115 81.492331 34.785054 240.168691 129.838361 242.538657 172.586210 176.119278 101.044545 182.463695 243.823707 353.451553 48.836462 166.183633 183.806964 246.375729 206.526027 329.607342 149.050327 
183.000000 3.000000 4.000000 a 77.620873 335.943448 99.156442 86.977008 280.280217 409.216324 390.544492 283.028267 195.829007 287.543040 265.113183 254.183005 118.139748 290.987972 338.363710 112.294256 276.090565 184.114095 150.655236 251.382179 345.827992 408.207055 149.883288 206.651881 296.516441 189.380569 125.219807 343.169055 180.601772 241.615397 277.194877 166.364059 169.026625 239.741527 366.531036 87.005747 79.881162 85.796270 305.163890 156.974520 67.416615 333.529609 237.951676 286.832704 45.221676 108.078675 168.514094 203.376498 342.422254 359.562234 116.828935 367.850513 345.606713 353.882749 248.171312 194.797331 166.412139 325.098447 157.892368 196.369550 117.885538 126.530629 305.511047 95.713113 280.722283 77.414469 50.289164 382.623836 135.930129 127.121989 33.241540 95.189285 144.754965 255.154855 138.090550 277.281445 296.440551 105.550936 168.834238 157.206870 223.215143 132.457540 116.077560 101.316336 220.272558 214.114455 300.166620 96.462428 149.120756 168.514094 275.601161 318.780489 339.536449 51.009803 221.720545 226.742144 219.640616 298.804284 349.954283 59.135438 
199.000000 4.000000 2.000000 a 50.635956 396.364731 170.578428 60.876925 347.908034 470.919314 454.805453 349.450998 262.274665 340.332191 275.771645 326.643537 54.424259 354.684367 391.761407 176.025566 334.790980 176.139150 220.367874 310.924428 412.989104 473.565201 166.048186 278.226526 369.238405 259.422435 51.971146 353.479844 187.541995 267.748016 287.388239 220.435932 170.038231 256.329866 439.604368 23.086793 147.512711 62.369865 372.005376 218.961184 106.480045 361.935077 299.015050 348.051720 50.119856 169.008876 236.326046 233.788366 353.134535 431.844880 47.201695 439.004556 409.176001 427.141663 298.107363 215.083705 239.069028 386.649712 225.754291 201.717624 170.469939 54.451814 312.621177 169.056204 350.237063 48.414874 123.490890 429.504366 156.818366 53.712196 44.407207 82.462113 118.207445 327.604945 207.966343 350.656527 319.001567 178.941331 167.146642 228.212620 245.099980 171.405951 176.954796 106.000000 293.586444 251.268780 357.576565 158.012658 222.467975 218.247566 284.255167 364.993151 412.826840 104.484449 279.100340 289.546197 292.514957 320.039060 420.576985 69.354164 
259.000000 5.000000 3.000000 a 208.031248 179.025138 67.082039 209.773688 116.931604 249.274949 228.265197 119.854078 170.343770 150.336290 240.393428 157.496032 280.978647 130.268953 195.023076 153.081678 125.483067 227.266364 17.000000 101.079177 182.452734 245.203997 167.299133 136.561342 149.164339 142.200563 282.453536 301.915551 197.294197 187.408644 250.217905 205.000000 203.297811 209.418242 220.755521 248.937743 84.148678 207.077280 141.820309 35.846897 195.225511 251.097591 85.211502 130.249760 184.805303 68.154237 5.385165 154.434452 300.374766 206.545395 277.915455 209.575762 184.260685 212.002358 125.924581 175.231276 47.381431 166.688332 5.830952 208.482613 83.600239 277.838082 278.792037 84.172442 119.016806 239.827021 124.326184 250.569352 155.000000 282.991166 196.542616 250.121970 235.053185 158.404545 125.686117 145.055162 235.518577 80.504658 208.117755 24.698178 186.593140 115.156415 61.983869 178.160040 112.729765 141.650980 150.651917 158.533908 80.056230 85.000000 252.539106 194.280725 214.114455 129.034879 82.969874 70.710678 125.195847 240.565999 190.262976 214.217180 
105.000000 6.000000 5.000000 a 106.550458 466.428987 244.380850 111.485425 420.990499 541.324302 526.430432 422.148078 326.663435 406.970515 316.697016 396.944581 41.773197 426.356658 458.248841 240.441261 404.400791 210.038092 294.083322 381.083980 485.824042 545.619831 218.579505 347.558628 442.867926 327.232333 22.671568 391.005115 231.812424 320.156212 327.391203 276.001812 211.858443 302.671439 513.015594 61.351447 221.144749 114.127122 444.797707 290.814374 163.783394 413.052055 369.898635 418.713506 120.933866 241.149331 309.685324 290.330846 391.000000 505.609533 32.388269 512.800156 480.618352 500.320897 363.798021 266.308092 312.699536 457.280002 299.152135 243.501540 240.052078 36.496575 349.022922 242.142520 423.803020 90.138782 195.880065 491.846521 213.018779 23.706539 114.965212 113.951744 146.013698 397.886919 276.240837 423.557552 367.103528 251.882909 207.280004 302.026489 295.690717 235.544051 248.965861 160.626897 365.636431 311.077161 426.410600 221.822001 294.762616 285.406727 323.187252 427.659912 484.653484 176.782352 348.600057 361.167551 363.593179 367.143024 494.313666 123.794184 
237.000000 3.000000 2.000000 a 551.841463 207.060378 412.082516 551.609463 231.354706 144.256716 138.351003 230.722777 419.672491 283.134244 473.895558 328.562018 628.732853 231.036794 248.294180 466.135174 264.321774 528.160960 360.118036 282.115225 166.964068 115.693561 475.673207 369.102967 233.927339 394.361509 629.784090 482.034231 491.057023 419.325649 475.862375 489.200368 506.780031 454.110119 190.874304 596.813204 432.042822 548.799599 207.935086 362.856721 531.636154 393.143740 289.000000 244.476993 531.613581 411.661269 342.953350 417.614655 480.046873 174.244082 625.799489 152.505738 181.570923 208.492206 322.374006 451.541803 350.406906 209.811820 353.556219 493.668917 416.865686 623.796441 490.486493 421.674045 230.288949 585.976962 467.603464 274.016423 470.443408 630.025396 544.008272 591.929894 561.271770 328.249905 423.831334 269.631230 424.199246 413.885250 513.066273 354.369863 439.031890 433.498558 404.042077 511.375596 327.371349 390.401076 251.077677 479.892696 381.634642 381.414473 481.705304 300.647634 255.015686 475.649030 315.245936 294.401087 340.649380 429.893010 165.360213 557.742772 
158.000000 1.000000 1.000000 a 17.262677 374.701214 173.080906 15.620499 336.657096 449.774388 437.028603 336.264777 289.126270 312.313945 226.433213 341.716257 98.183502 337.616647 363.341437 205.759568 312.417989 123.939501 216.517898 290.000000 399.962498 457.106115 122.482652 296.432117 370.158074 281.044480 75.690158 303.265560 139.003597 224.555116 237.760384 257.608230 120.203993 209.344214 441.780488 73.681748 145.499141 18.439089 359.068239 204.200881 147.851277 318.114759 280.071419 328.124976 49.091751 156.773722 228.473193 193.847879 303.028052 430.227847 85.052925 433.761455 391.061376 430.947793 268.763837 170.836179 242.231294 366.415065 218.442212 152.210381 150.233152 61.294372 261.919835 179.047480 342.379906 101.242284 140.014285 395.459227 116.456000 73.054774 80.262071 135.092561 65.000000 342.708331 230.312831 356.799664 273.239821 189.235303 116.619038 226.770809 200.569190 140.662717 163.917662 64.078077 304.179223 214.555354 333.438150 189.446562 233.944438 191.942700 234.232790 331.387990 422.497337 97.144223 256.898813 272.904745 306.178053 273.731620 414.175084 116.275535 
123.000000 1.000000 5.000000 a 264.378517 148.475587 213.506440 258.321505 178.986033 212.849712 216.342321 168.404275 341.760150 73.171033 120.074977 315.905049 364.156560 148.124947 108.706026 312.750699 105.721332 188.798835 185.930094 106.103723 210.038092 239.140126 153.075145 305.643583 261.772802 313.445370 348.432203 148.000000 152.970585 66.730802 123.044707 370.648081 172.594901 101.079177 317.855313 332.759673 206.813926 255.738147 182.822318 143.178211 327.954265 80.156098 115.247560 127.279221 261.633331 172.626765 168.362704 80.777472 146.109548 289.927577 354.231563 274.242593 178.126360 318.135191 52.153619 111.395691 217.848571 149.566039 171.327172 150.073315 154.324334 334.175104 142.126704 237.806644 200.024998 341.391271 257.670332 123.490890 156.780101 346.140145 295.959457 364.927390 239.384628 316.652807 293.860511 280.264161 79.309520 239.232105 178.868667 196.114762 89.810912 139.742621 166.508258 209.093281 273.658546 58.821765 107.168092 312.416389 251.077677 105.546198 128.565159 62.225397 342.125708 219.328521 95.587656 126.826653 289.276684 85.375641 253.860198 329.341768 
219.000000 1.000000 2.000000 a 243.100802 241.406297 251.286689 234.000000 267.525700 302.689610 308.690784 257.965114 394.575722 166.433170 31.240999 386.587636 344.023255 239.676866 197.699267 347.247750 197.365144 132.502830 241.478778 193.380454 303.014851 331.436268 128.413395 367.009537 346.359640 369.380563 320.407553 72.346389 107.377838 43.600459 30.364453 408.570679 127.141653 37.054015 406.745621 316.267292 234.388566 232.008621 274.142299 196.310978 341.063044 79.404030 198.917068 219.276082 252.035712 204.200881 229.712864 80.280757 71.063352 380.147340 331.255189 366.072397 271.346642 405.526818 138.600144 80.777472 278.028775 242.825040 228.825261 95.707889 179.493732 302.524379 50.695167 275.408787 287.221169 334.044907 280.007143 193.669822 140.463518 316.829607 293.001706 363.232708 194.805031 387.439027 339.063416 359.780489 30.528675 280.032141 131.848398 254.096438 52.801515 149.003356 201.159141 187.600640 342.299576 89.587946 200.422055 341.985380 304.174292 147.410990 36.400549 146.184815 425.130568 226.947130 173.623155 207.135222 355.883408 28.792360 345.393978 331.312541 
282.000000 5.000000 5.000000 a 300.241569 327.514885 173.216627 308.585482 241.505694 377.298290 346.001445 252.794383 27.658633 329.309884 422.933801 87.641314 313.229947 276.741757 363.661931 113.039816 295.083039 380.717743 177.800450 275.675534 290.001724 352.625864 326.840940 59.774577 186.959889 48.836462 335.529432 490.066322 361.066476 374.809285 433.789119 88.481637 359.112796 392.051017 228.667881 292.441447 198.567369 306.967425 263.827595 222.928240 188.904738 441.807650 260.324797 288.792313 267.710665 219.401459 193.600103 338.576432 488.635856 241.960741 320.039060 266.086452 315.835400 211.142132 314.078016 351.809608 144.031247 313.198020 191.671594 375.410442 244.951016 343.246267 463.259107 152.947703 224.287762 262.710868 178.317133 424.872922 311.494783 339.157780 245.000000 247.121428 360.302651 87.931792 88.865066 148.475587 425.338689 145.013792 361.835598 166.330995 369.655245 280.401498 220.204450 305.812034 103.247276 330.280184 317.515354 131.244047 113.899078 270.830205 435.109182 377.005305 172.235304 235.274308 269.258240 245.079579 85.708809 430.153461 259.106156 228.694119 
127.000000 3.000000 3.000000 a 191.400104 192.065093 53.450912 193.204555 133.003759 263.410326 243.281730 135.417872 171.026314 158.113883 233.006438 167.026944 264.915081 144.474911 204.707108 145.248064 136.312142 213.936907 16.124515 111.462998 198.398589 260.633843 154.175225 141.605085 164.975756 144.312162 265.956763 297.257464 185.153990 182.123584 243.248844 199.904977 190.055255 201.943061 236.681220 232.768125 68.014704 190.515091 157.613451 29.832868 182.186717 250.912335 96.104110 142.947543 168.220094 51.865210 21.260292 147.299016 295.787086 222.970850 261.629509 226.214500 198.829072 227.560981 129.807550 165.604952 53.665631 180.155488 10.816654 196.987309 69.007246 261.222128 272.253558 73.171033 135.602360 224.396970 110.308658 258.379566 141.286942 266.452622 180.693110 235.681989 219.456146 167.967259 121.852370 159.078597 232.206804 71.175839 194.658676 29.546573 179.175891 102.107786 46.097722 162.265215 122.380554 137.178716 161.446586 149.003356 79.812280 78.243211 245.203997 200.084982 228.008772 112.414412 89.358827 82.565126 133.330417 237.008439 206.903359 199.529446 
184.000000 2.000000 5.000000 a 239.603840 218.332316 233.822582 231.248784 243.199507 281.177880 286.024474 233.636470 375.150636 142.898565 50.596443 364.178528 341.150993 215.455332 176.264007 331.187258 173.184872 138.235307 220.780434 169.056204 279.087800 308.807383 123.101584 346.005780 322.262316 349.310750 319.595056 92.314679 108.157293 24.596748 53.235327 392.094376 128.705089 39.661064 382.426464 312.193850 218.764714 229.058944 249.883973 175.504986 329.684698 73.979727 174.722637 195.125601 245.458754 187.301895 208.038458 63.976558 90.785461 355.820179 329.086615 341.843531 247.945559 381.266311 114.271606 74.060786 256.850151 219.317122 207.713745 99.317672 163.370744 302.630137 74.953319 258.213090 262.937255 327.673618 266.030073 177.234308 133.184083 316.362134 285.156098 355.609336 197.699267 365.016438 320.830173 336.181499 31.048349 262.255601 134.134261 233.111561 44.045431 135.417872 183.611002 183.221178 320.089050 68.014704 176.819117 326.928127 284.313208 127.349912 58.694122 125.674182 401.218145 215.668727 149.696359 183.174780 334.013473 34.014703 321.137042 322.552321 
210.000000 4.000000 4.000000 a 50.487622 337.312911 112.294256 59.203040 287.814176 411.611467 394.964555 289.352726 222.173356 283.769272 243.846263 276.030795 112.058021 294.869463 335.094017 139.842769 276.123161 158.050625 160.801119 251.962299 352.881000 413.580706 128.736164 229.871703 311.416120 214.002336 111.040533 322.243697 157.496032 225.077764 255.884740 194.537914 144.402216 219.986363 382.367624 79.322128 87.800911 57.870545 311.899022 159.201131 92.849340 318.402261 239.643485 288.729978 18.027756 109.201648 176.309387 188.095720 321.603794 373.359076 107.056060 379.668276 349.425242 370.519905 242.571639 175.727061 181.573677 327.299557 165.758861 173.092461 112.805142 108.240473 283.557754 114.284732 290.387672 81.884064 73.027392 375.825757 115.952577 111.830228 37.054015 107.466274 116.619038 277.016245 163.196201 294.884723 279.028672 124.454811 143.669760 169.198109 205.009756 119.820699 117.200683 75.716577 239.970832 201.804361 299.362656 124.422667 169.047331 162.249807 253.870045 311.449835 359.005571 44.944410 220.676233 229.804265 240.831892 280.959072 361.012465 75.000000 
299.000000 6.000000 3.000000 a 372.343927 265.572965 365.377887 363.111553 325.066147 300.541179 319.756157 312.921715 499.895989 210.508907 149.753130 473.780540 473.026426 288.293253 210.344955 464.285473 249.633732 257.000000 343.677174 258.507253 336.481797 340.076462 257.526698 464.656863 411.048659 472.016949 448.491917 83.186537 236.000000 161.124176 139.441744 524.171728 255.125459 166.364059 457.960697 445.543488 353.230803 361.167551 321.309819 299.579706 466.615473 78.873316 270.484750 267.551864 381.035431 320.449684 327.001529 200.202398 82.292162 427.141663 460.017391 405.616814 297.060600 461.556064 209.322717 209.162616 376.619171 273.645756 329.334177 223.181540 297.859027 430.047672 122.702893 389.974358 347.519784 463.158720 401.808412 167.863039 268.990706 444.703272 421.521055 491.906495 320.806795 474.494468 449.677662 434.165867 105.990566 392.825661 259.326050 354.447457 179.694185 272.029410 315.786320 316.910082 432.209440 196.824795 239.033470 461.410880 408.832484 255.882786 144.183910 165.529454 491.741802 352.676906 254.017716 283.621226 448.068075 103.754518 387.568059 459.314707 
288.000000 2.000000 1.000000 a 327.331636 198.879360 299.901651 319.330550 253.475837 243.131652 258.027130 241.499482 430.267359 138.924440 123.709337 401.639142 428.924236 217.368351 145.000000 399.260567 177.867929 225.461748 274.401166 186.171964 268.867997 279.517441 210.736803 393.629267 339.235906 401.888044 408.138457 96.840074 196.840037 108.558740 117.923704 458.024017 217.331544 126.873953 387.981958 399.365747 290.520223 317.067816 250.954179 231.244459 408.396866 14.866069 198.171643 196.412831 331.074010 256.815109 256.826790 144.086779 94.921020 357.692605 417.193001 337.432956 230.653420 390.881056 137.440896 161.941347 306.235204 205.572372 259.824941 187.275199 235.987288 391.342561 117.413798 324.410234 275.811530 413.001211 340.523127 115.948264 219.513098 404.980246 369.228926 439.501991 286.190496 402.344380 381.937168 361.875669 63.529521 326.438356 222.638721 284.620800 132.196823 214.462118 251.406046 270.780354 360.351218 134.171532 168.751296 397.816541 339.567372 190.436341 124.197423 96.135321 419.990476 296.076004 182.332115 211.426110 376.384112 65.734314 318.705193 405.265345 
117.000000 1.000000 1.000000 a 229.002183 235.934313 235.357175 220.145406 257.390754 299.628103 303.898009 248.261958 379.011873 160.124951 32.557641 372.507718 330.218110 231.034629 194.794764 331.157062 189.010582 122.249744 226.459709 183.324848 295.489425 326.695577 113.534136 352.051133 334.773057 354.031072 307.358097 88.238314 94.540996 29.546573 37.336309 392.502229 114.756263 23.769729 396.365992 302.041388 218.288800 218.082553 265.228204 181.400110 325.170724 88.391176 187.882942 211.021326 237.035862 188.217959 215.230109 64.443774 87.005747 370.388985 317.694822 357.274404 265.188612 394.613735 129.189783 65.306967 263.210942 236.457184 214.021027 84.118963 163.444180 289.836161 63.071388 259.433999 276.557408 319.152001 263.893918 195.897933 125.131930 303.916107 277.722883 348.037354 183.240279 373.369790 323.233662 347.070598 40.792156 264.140114 119.816526 239.200753 36.769553 132.883408 185.270073 173.141561 328.086879 75.591005 193.889144 325.861934 288.780193 132.280006 42.011903 144.450684 412.993947 211.028434 161.817799 195.327929 341.422026 41.048752 336.429785 315.854397 
268.000000 2.000000 5.000000 a 309.131040 225.284265 297.941269 300.426364 272.459171 274.052915 287.085353 261.047888 434.200415 159.423963 94.847246 412.710552 410.487515 238.296034 173.184872 396.687534 197.091349 200.282301 278.028775 201.692836 293.833286 309.001618 193.023315 400.644481 357.000000 406.834119 387.738314 63.953108 174.797025 93.941471 87.464278 456.764710 194.815297 103.947102 409.528998 382.011780 285.464534 298.328678 272.635288 233.430932 399.249296 25.079872 211.896201 217.112874 315.838566 252.764713 262.274665 132.698907 61.983869 380.110510 398.057785 361.437408 256.976653 411.251748 149.030198 144.086779 311.948714 230.633909 263.933704 163.572614 230.082594 370.109443 83.868945 322.530619 294.271983 398.057785 334.053888 149.264865 203.553433 384.266834 355.609336 426.063376 262.710868 413.469467 382.873347 376.927049 40.000000 325.591769 199.649693 289.249028 114.157786 204.533616 248.203546 253.001976 370.114847 129.251692 191.481070 393.662292 343.001458 188.663722 93.493315 121.926207 437.671109 285.497811 192.439601 223.805719 385.425739 39.458839 342.042395 392.922384 
268.000000 3.000000 5.000000 a 517.289087 180.712479 375.586208 517.403131 196.163197 126.889716 113.137085 196.458647 381.811472 256.846258 449.161441 290.998282 592.555483 199.060292 226.638479 428.253430 234.718981 498.334225 323.854906 250.890414 133.146536 90.553851 444.544711 331.158572 195.920902 356.387430 594.357636 462.432698 461.410880 393.193337 451.876089 451.220567 476.471405 427.917048 154.828938 560.789622 396.141389 514.604703 173.677863 328.402192 494.200364 374.065502 256.628136 214.037380 496.338594 376.706783 307.210026 388.928014 460.434577 136.682113 589.932199 114.494541 152.738338 172.284648 294.108823 422.664169 313.129366 181.532366 317.775078 464.811790 382.920357 588.847179 468.123915 384.629692 193.767902 549.305015 430.759794 259.649764 438.634244 594.727669 507.720395 554.732368 529.139868 290.704317 385.893768 231.758495 401.997512 376.706783 482.694520 317.718429 411.798494 400.963839 369.195070 478.167335 289.359638 361.906065 223.761033 442.113108 343.936041 349.284984 457.542348 279.034048 219.513098 440.369163 283.593018 261.007663 302.676395 407.834525 127.581347 520.747540 
Type de surveillance de chaque endroit(target):tab[nombre de target]
a a a a a a a a a a a a a a a a a a a a a a a a a a a a a a a a a a a a a a a a a a a a a a a a a a a a a a a a a a a a a a a a a a a a a a a a a a a a a a a a a a a a a a a a a a a a a a a a a a a a 