Nombre des capteurs:
20
Nombre des targets:
30
Nombre de type de surveillance:
1

Caracteristiques:
279.000000 3.000000 3.000000 a 251.286689 370.108092 468.625650 170.320287 364.407739 456.010965 419.686788 365.547535 490.515035 259.007722 438.456383 265.753645 223.787846 490.082646 160.975153 359.272877 111.946416 510.881591 142.695480 130.862523 386.626435 340.052937 200.551739 61.846584 497.129762 206.021844 370.482118 218.082553 217.043774 47.434165 
153.000000 6.000000 2.000000 a 136.014705 276.088754 393.909888 175.931805 325.923304 401.966417 368.401954 333.376664 436.286603 318.549839 446.816517 142.688472 142.800560 466.752611 34.669872 240.831892 164.830216 437.795614 174.393234 214.336185 408.765214 218.798995 225.175487 66.753277 414.773432 133.461605 306.894119 260.892698 128.222463 103.812331 
150.000000 8.000000 4.000000 a 182.570534 38.327536 113.635382 288.027776 189.552104 175.148508 166.373075 207.932681 196.351725 406.076348 362.492759 196.814634 184.694342 296.233016 300.016666 124.739729 350.287025 151.647618 324.075608 400.044997 372.844472 148.959726 314.006369 364.943831 113.600176 203.302730 116.000000 351.757018 191.846293 362.763008 
131.000000 1.000000 5.000000 a 337.817998 258.278919 206.305599 239.635139 87.091905 130.299655 112.893755 70.604532 146.986394 235.467620 91.934759 371.247896 268.091402 81.467785 406.075116 363.324923 301.602387 220.127236 268.302069 317.623992 120.830460 375.089323 214.767316 404.555311 247.309523 267.366789 157.000000 219.617850 286.111866 366.565137 
202.000000 6.000000 2.000000 a 48.000000 184.447825 306.276019 166.192659 258.940148 323.024767 291.924648 269.903687 356.429516 320.989096 403.495973 69.771054 68.264193 402.613959 82.619610 156.012820 191.637679 350.184237 183.991848 247.887071 376.920416 138.177422 216.009259 150.372870 324.624398 71.386273 226.318360 258.311827 50.249378 164.684547 
159.000000 2.000000 4.000000 a 139.086304 47.434165 143.178211 206.002427 137.480908 167.904735 143.125819 154.741720 198.949742 327.030580 311.207326 165.423698 112.058021 270.024073 245.839378 138.798415 269.284236 187.109594 242.297338 318.190195 310.344969 151.584960 232.398365 296.211073 164.839316 128.362767 75.026662 271.016605 123.555655 287.562167 
276.000000 3.000000 1.000000 a 206.864690 190.682983 227.495055 100.124922 97.185390 193.458006 156.923548 97.452553 226.876618 184.393601 209.380037 241.778825 128.844868 226.364750 257.939915 265.188612 169.257201 263.795375 135.624482 202.970441 186.214930 267.686384 100.623059 256.267438 265.062257 122.918672 127.565669 132.378246 146.013698 222.607278 
250.000000 6.000000 2.000000 a 185.852092 160.729587 204.401566 115.831775 89.358827 178.997207 142.523682 95.273291 213.356509 214.086431 226.808289 220.492630 111.287915 228.659135 248.871453 237.261459 185.607112 242.705583 153.114336 224.448212 209.995238 241.101638 126.099167 258.768236 240.441261 109.658561 103.077641 160.654910 129.189783 230.521149 
126.000000 6.000000 4.000000 a 361.835598 220.327030 89.677199 368.680078 175.045708 76.485293 112.769677 182.463695 46.529560 417.541615 268.402683 385.503567 325.829710 155.193428 467.351046 327.684299 438.415328 58.821765 405.080239 471.373525 312.083322 350.656527 366.050543 504.227131 105.080921 336.893158 162.274459 386.434988 340.846006 482.578491 
103.000000 8.000000 1.000000 a 53.037722 97.005155 227.297162 212.473528 221.822001 260.837114 235.849528 237.227739 291.295383 358.860697 388.702971 73.054774 85.796270 360.501040 170.801054 78.262379 259.341474 270.292434 241.627813 314.606103 376.969495 75.006666 254.096438 243.213898 239.265543 105.304321 167.430583 297.042085 82.036577 250.966133 
280.000000 6.000000 3.000000 a 319.250685 169.729196 69.007246 384.480169 218.826415 139.204885 161.074517 233.205918 133.060137 468.129256 356.022471 335.000000 307.039085 253.647393 434.967815 257.303323 452.839928 52.497619 422.120836 495.262557 388.973007 283.534830 395.885084 491.187337 31.016125 322.931881 168.074388 425.361023 318.056599 480.801414 
165.000000 4.000000 3.000000 a 161.058995 43.185646 119.854078 222.728534 130.084588 148.354306 126.396202 148.121572 178.263849 336.514487 305.085234 186.010752 134.848063 255.738147 269.091063 149.452334 287.737728 163.783394 259.624729 335.171598 309.025889 165.339046 245.601303 319.010972 142.003521 150.585524 60.728906 282.603963 146.754898 309.129423 
201.000000 8.000000 2.000000 a 181.664526 288.209993 384.786954 100.169856 284.871901 374.076195 338.008876 287.642139 408.710166 228.324331 377.153815 203.022166 141.908421 416.124981 124.963995 288.461436 72.560320 427.126445 86.700634 123.036580 332.019578 272.442655 143.031465 68.658576 413.353360 123.328829 287.001742 173.611636 137.320792 36.674242 
235.000000 5.000000 3.000000 a 399.586036 276.181100 163.981706 355.984550 162.249807 97.005155 121.511316 159.665275 74.946648 368.848207 188.265770 428.267440 346.878941 68.359345 491.549591 388.567883 422.871139 148.808602 388.919015 445.637745 241.627813 408.004902 340.330722 510.330285 192.421413 352.988668 189.644404 350.656527 364.005494 479.610258 
169.000000 6.000000 2.000000 a 270.800665 317.647603 370.666966 71.589105 233.334524 331.942766 296.184064 227.237761 363.638557 92.309263 264.764046 301.657090 198.647930 333.048045 255.837839 362.249914 68.029405 406.605460 52.478567 65.855903 209.990476 355.015493 42.720019 199.331382 407.894594 180.247053 270.283185 40.792156 206.929940 147.085009 
165.000000 2.000000 1.000000 a 329.960604 261.222128 221.253249 219.585974 88.408144 148.489057 126.625432 70.213959 168.107109 210.950231 86.954011 363.991758 257.437371 104.690019 392.255019 362.703736 279.866039 238.430283 246.886614 294.159821 102.883429 372.780096 192.255039 386.121742 262.771764 255.049015 161.523992 195.532606 275.356133 346.590537 
150.000000 5.000000 2.000000 a 340.649380 191.230228 70.661163 389.422650 212.461761 123.357205 151.029798 225.002222 110.018180 462.523513 336.542716 358.644671 321.561814 229.093867 454.334678 285.464534 458.694888 34.014703 426.971896 498.423515 373.755268 311.077161 396.547601 505.404788 49.648766 336.217192 171.773106 423.335564 333.863745 491.687909 
240.000000 4.000000 4.000000 a 229.444983 117.175083 93.059121 228.667881 65.368188 77.820306 49.162994 83.216585 111.646764 307.936682 235.274308 258.118190 182.321145 177.485211 326.118077 227.501648 298.332030 129.807550 266.030073 336.786282 249.339126 243.528232 235.161647 358.587507 132.015151 192.002604 19.416488 263.837071 198.338095 337.668476 
161.000000 8.000000 2.000000 a 316.191398 290.853915 288.849442 156.719495 139.057542 227.178344 197.365144 124.036285 252.438111 119.854078 122.065556 351.091156 236.780489 194.249839 351.284785 374.877313 204.636263 314.311947 174.613860 209.009569 79.246451 378.401903 116.056021 324.692162 330.311974 227.431308 205.234013 107.814656 252.926867 278.729259 
189.000000 6.000000 4.000000 a 214.720749 228.569464 275.829658 57.140179 143.669760 241.267486 204.882893 141.113430 274.235300 148.124947 225.077764 249.064249 135.000000 262.688028 242.192073 289.200622 123.239604 312.473999 89.274856 154.314614 188.403822 287.367361 53.037722 223.573254 312.860991 122.298814 175.251248 89.844310 149.251466 183.961953 
Type de surveillance de chaque endroit(target):tab[nombre de target]
a a a a a a a a a a a a a a a a a a a a a a a a a a a a a a 