Nombre des capteurs:
50
Nombre des targets:
120
Nombre de type de surveillance:
1

Caracteristiques:
266.000000 4.000000 2.000000 a 116.691902 169.811660 264.614814 417.346379 402.776613 168.359734 116.430237 258.048445 427.781486 124.169239 280.862956 201.896013 424.759932 241.497412 109.238272 115.420969 31.240999 322.442243 459.461641 367.315940 473.059193 199.160739 196.977156 201.221271 201.318156 367.926623 53.712196 290.492685 324.484206 254.442528 478.173609 130.418557 242.156974 246.586699 122.711043 171.604196 386.694970 147.078210 468.334282 462.533242 198.798893 147.363496 397.961053 272.618781 247.129521 66.000000 96.020831 126.775392 61.098281 363.572551 106.103723 432.539016 460.570299 113.145923 219.544984 225.410736 251.445819 226.433213 238.650372 279.546061 378.893125 374.862642 269.920359 31.780497 117.456375 255.519080 339.767568 253.160028 240.401747 278.064741 127.988281 217.331544 90.210864 314.820584 207.118324 365.833295 439.527019 129.027129 124.482931 336.407491 291.238734 319.695167 165.000000 325.161498 405.099988 230.217289 145.773797 100.005000 293.639234 146.003425 262.190770 268.029849 302.760632 373.894370 192.898937 497.257479 76.850504 362.922857 82.280010 152.161099 152.738338 189.274932 62.169124 439.392763 165.469030 489.248403 359.836074 447.246017 462.403503 255.368361 16.643317 196.900990 173.219514 282.072686 213.063371 425.751101 210.857772 477.762493 185.722912 124.040316 
123.000000 9.000000 4.000000 a 94.047860 73.061618 193.507106 272.132321 258.435679 75.239617 185.607112 111.646764 284.564580 167.737891 133.093952 247.814447 279.293752 147.732867 55.865911 132.060592 128.444541 190.433716 329.631613 248.163253 332.320628 97.493590 52.478567 55.461698 53.338541 229.651911 105.475116 249.575640 176.555940 111.682586 347.752786 46.097722 133.454112 131.487642 148.660687 85.475143 255.415348 73.824115 327.470609 333.594065 128.471787 29.832868 287.083612 192.387630 103.077641 82.764727 165.124196 37.443290 90.138782 217.947241 119.632771 303.117139 316.810669 90.553851 83.006024 162.308349 187.000000 172.052318 127.200629 186.300832 247.358040 229.895628 252.200317 116.430237 87.692645 114.280357 236.135554 282.899275 96.648849 195.657865 120.768373 241.298570 101.862653 240.187427 173.366663 228.569464 293.001706 35.355339 137.178716 190.378570 155.080624 189.855208 24.758837 178.044938 258.124001 253.254812 206.465493 123.987903 182.784026 194.825563 115.212847 121.696343 158.094908 259.624729 45.122057 366.083324 116.361506 234.096134 71.021124 125.000000 210.876741 44.418465 91.547802 311.332620 149.966663 349.905702 231.931024 302.200265 314.428052 165.954813 141.439033 130.980915 88.684835 208.463426 222.643212 291.400069 72.560320 334.073345 40.311289 151.485973 
227.000000 5.000000 5.000000 a 48.104054 89.000000 126.372465 382.001309 371.429670 85.428333 75.133215 230.243350 399.083951 47.381431 241.049787 109.877204 346.467892 120.332872 157.003185 220.111335 154.275727 224.570702 347.908034 384.707681 449.911102 101.271911 153.652205 159.477271 172.429696 275.356133 151.743204 146.700375 276.920566 238.403020 366.531036 166.769302 272.838780 143.087386 29.546573 78.771822 385.800467 198.517002 374.363460 349.748481 73.756356 112.538882 271.591605 329.296219 228.600087 129.015503 70.235319 155.862119 107.228727 290.496127 206.196508 321.840022 428.851956 52.810984 218.497140 88.481637 111.865991 300.820545 266.602701 325.116902 377.800212 298.316946 130.552671 126.384334 53.712196 185.852092 212.058954 143.892321 180.499307 333.054050 220.658107 102.215459 182.222392 174.668257 63.285069 271.597128 365.153392 104.560987 20.518285 267.710665 204.550727 323.335739 163.835283 263.402733 361.498271 114.529472 80.603970 205.002439 321.895946 65.253352 231.008658 239.250914 233.205918 251.602862 162.889533 385.810834 68.007353 366.715148 100.841460 236.913486 82.280010 150.206524 102.313244 326.681802 21.470911 391.107402 252.414342 366.049177 401.688934 303.907881 153.212271 69.375788 220.988687 344.354469 85.702975 322.218870 207.894204 445.694963 149.626201 30.675723 
231.000000 1.000000 3.000000 a 195.161472 162.360710 270.296134 201.427406 185.283566 165.529454 285.203436 70.724819 207.542767 268.575874 97.452553 348.810837 252.400475 218.508581 116.481758 152.554908 197.941911 210.622886 337.191340 147.871566 249.451398 175.823775 101.651365 97.514102 79.309520 230.670761 172.985549 334.306745 134.316790 52.402290 353.073647 95.509162 38.327536 188.382589 249.729854 175.775425 161.307160 83.024093 312.592386 342.312723 215.615398 127.440182 323.109888 107.004673 53.851648 162.249807 263.797271 101.237345 178.941331 196.758736 147.800541 313.440584 240.532742 191.658551 28.017851 247.008097 267.858171 113.176853 31.256999 93.171884 153.443801 210.211798 344.119165 197.648678 188.798835 135.148067 284.803441 382.404236 117.720007 108.226614 132.966161 341.013196 146.003425 309.762812 266.557686 232.071110 259.609322 136.473441 238.296034 171.327172 175.000000 94.254973 76.367532 153.912313 196.379734 352.614520 307.175845 155.563492 82.200973 295.844554 77.103826 75.927597 152.594233 294.703241 85.702975 368.982384 214.114455 137.992753 164.477962 117.686023 311.756315 99.959992 182.016483 323.148573 248.654379 337.456664 252.366797 275.408787 264.007576 79.006329 213.775583 219.419689 63.324561 125.004000 321.224221 294.001701 36.138622 257.328584 98.234414 252.556924 
240.000000 4.000000 4.000000 a 389.390549 329.802971 366.771046 46.818800 63.694584 333.240154 485.314331 203.088651 51.662365 460.990239 182.455474 520.772503 123.065023 324.353203 354.622334 400.249922 437.412848 226.373585 242.860042 183.534738 68.359345 318.127333 272.737969 267.320033 262.101126 188.732615 412.534847 433.266662 141.661569 207.472890 246.714410 333.863745 253.870045 287.647354 440.113622 339.025073 133.958949 329.620994 173.807365 248.646335 356.287805 324.422564 303.389189 289.276684 214.114455 395.001266 469.137506 335.252144 404.654173 142.635900 395.373241 236.947252 37.054015 388.329757 244.282623 370.642685 374.994667 332.316115 252.388589 264.612925 135.771867 142.842571 464.569693 430.074412 383.648276 232.215417 311.448230 534.243390 237.775104 284.861370 380.553544 499.124233 391.469028 375.033332 407.862722 194.370780 106.254412 341.716257 426.785660 156.064089 224.664194 172.235304 296.001689 155.756220 56.885851 506.716883 497.887538 403.039700 226.737734 482.917177 199.303788 193.064756 187.408644 285.854858 271.447969 250.800718 425.154090 152.226804 385.170092 363.600055 499.985000 279.028672 405.966747 245.552438 414.692657 193.313217 235.847408 127.816274 57.035077 276.537520 452.186908 361.668356 310.980707 301.219189 474.495522 209.308385 251.644591 42.720019 281.575922 442.578807 
286.000000 2.000000 2.000000 a 350.750624 313.600064 408.511934 167.215430 152.957510 317.001577 440.105669 181.747077 154.012986 424.123803 190.244579 504.227131 282.962895 356.073026 264.473061 270.223981 338.740314 309.147214 399.164127 23.409400 164.195006 321.403174 248.243832 242.958844 226.450878 304.080581 315.293514 476.282479 192.210822 165.529454 410.079261 245.177487 128.160056 320.390387 405.350466 326.810343 71.847060 222.353322 347.908034 405.087645 363.389598 282.334908 420.002381 112.000000 175.025712 310.929252 418.269052 253.071136 330.324083 252.792405 272.281105 382.205442 176.799321 347.276547 176.694652 391.950252 409.206549 166.147525 132.879645 94.366308 71.589105 263.600076 491.869901 344.710023 344.379152 255.970701 398.322733 536.355293 245.307970 106.004717 251.240920 495.261547 280.615395 439.932949 416.606529 308.014610 278.095307 292.077045 393.889578 240.052078 282.349075 82.280010 231.969826 224.376915 185.010810 506.522458 462.649976 280.203497 76.006579 451.453209 184.772834 176.977400 244.296950 393.837530 235.000000 420.811122 368.452168 60.166436 318.001572 227.517032 467.309319 249.018072 333.946103 392.363352 402.548134 372.200215 342.644130 300.433021 251.431899 117.388245 354.877444 367.783904 195.897933 115.412304 474.612473 356.248509 187.211111 187.445992 248.402899 408.177657 
295.000000 9.000000 3.000000 a 103.619496 93.145048 50.803543 356.395847 348.638782 90.470990 144.899965 222.865430 376.293768 117.720007 224.864404 140.577381 298.095622 62.936476 202.417885 275.394263 221.846794 171.607109 281.042701 387.506129 427.907700 80.156098 153.883072 158.902486 176.207264 222.103579 214.114455 85.005882 251.813423 236.603043 299.282475 205.156038 291.204396 98.412398 104.201727 80.049984 378.857493 236.541751 316.128139 282.235717 38.483763 135.484316 198.929636 355.360380 226.876618 187.925517 144.844744 194.092761 170.097031 248.485412 261.262320 255.988281 403.044663 108.268186 228.122774 17.029386 36.124784 337.152784 284.313208 346.101141 371.214224 253.617823 90.426766 194.550765 105.621967 159.154013 139.864220 148.222805 161.966046 358.050276 271.552941 114.162165 237.693079 99.156442 23.194827 217.517815 318.220050 138.014492 96.208108 230.325856 162.049375 323.055723 185.539753 230.846269 332.364258 120.830460 139.463257 261.841555 334.520552 123.761868 221.503950 229.956518 198.957282 181.320159 168.671278 318.347295 139.520608 363.418492 157.003185 283.113052 137.873130 154.353490 165.846314 259.665169 56.035703 330.218110 191.002618 315.196764 360.966757 327.983231 223.510626 34.785054 253.860198 372.135728 89.196412 260.276776 218.405586 419.019093 155.862119 104.623133 
161.000000 6.000000 3.000000 a 385.778434 325.484255 358.615393 51.865210 68.796802 328.878397 481.368881 202.121251 61.294372 456.694646 180.277564 514.938831 110.909873 317.176607 354.633614 402.405268 437.172735 217.423550 230.080421 192.875608 81.394103 312.757094 269.903687 264.594029 260.232588 178.331153 412.403928 424.605699 138.311243 207.761883 233.773395 334.055385 257.899205 280.878977 435.837126 334.341143 143.405021 331.058907 160.801119 235.849528 350.235635 321.801181 291.830430 295.853004 213.936907 394.182699 465.639345 335.010448 403.124050 133.809566 397.102002 224.539529 50.009999 384.876604 244.965304 363.617931 367.196133 337.627013 256.082018 271.090391 144.692778 133.124002 456.579675 429.029137 380.131556 227.107904 301.280600 527.296880 233.634330 291.602469 382.838086 492.675349 392.420693 365.568051 401.260514 183.983695 93.637599 339.328749 422.497337 148.922799 217.412051 177.867929 295.243967 149.939988 55.081757 500.023999 493.268689 404.683827 232.997854 478.160015 198.010101 192.166594 181.240172 274.803566 269.417891 237.775104 422.338727 160.527256 383.377099 366.509209 495.201979 276.421779 404.278369 233.053642 409.257865 180.277564 225.304239 114.982607 44.011362 282.115225 451.748824 355.620584 313.198020 308.293691 467.952989 196.977156 251.914668 55.362442 279.121837 438.262478 
234.000000 7.000000 4.000000 a 424.890574 364.407739 317.238081 261.963738 273.484917 366.349560 502.048802 319.765539 281.655818 474.157147 292.343975 497.378126 143.589693 306.819165 452.216762 522.567699 521.318521 210.641876 81.154174 401.120929 307.131893 337.037090 344.762237 342.358000 350.647972 167.538055 500.783386 359.016713 258.001938 337.250649 64.070274 437.001144 415.823280 289.337174 456.334307 365.262919 355.550278 450.241047 78.549348 81.006173 353.454382 387.856932 175.145654 474.605099 336.772921 474.936838 495.771117 432.093740 472.288048 192.961136 512.289957 105.721332 276.586334 426.728251 369.833746 345.081150 331.746891 500.384852 410.907532 450.924606 353.860142 179.513231 401.549499 502.271839 421.716730 282.908112 226.179133 486.231426 301.081384 472.229817 506.537264 465.473952 497.892559 291.439531 383.959633 168.656456 146.441114 405.513255 444.640304 218.588655 243.016460 361.419424 392.413048 235.773196 240.052078 467.068517 500.712492 518.015444 414.541916 484.809241 313.383152 313.746713 243.287895 183.133831 355.411030 47.074409 469.068225 364.584695 451.310315 499.505756 499.459708 352.800227 470.916128 102.396289 412.927354 53.338541 175.513532 124.233651 182.887944 452.462153 531.533630 357.766684 444.119353 490.886952 441.887995 107.354553 370.591419 279.001792 356.967786 457.739009 
177.000000 6.000000 2.000000 a 327.330109 270.233233 323.185705 24.083189 13.453624 273.775455 423.757006 136.473441 40.804412 400.524656 118.903322 465.188134 127.141653 276.305990 286.085652 330.847397 369.033874 191.376592 248.018144 134.851770 92.417531 262.345192 209.480309 203.843077 196.705363 166.973052 344.071214 391.760131 83.761566 139.000000 256.780062 265.188612 185.714835 238.321212 379.684079 280.560154 89.269256 260.249880 190.905736 254.017716 302.735858 260.249880 287.452605 226.373585 146.167712 327.343856 406.450489 267.001873 338.031064 113.652981 325.950917 234.853146 69.892775 325.852727 175.345373 321.203985 329.358467 266.176633 183.847763 201.534116 87.281155 120.332872 419.004773 362.667892 321.362723 177.019773 282.311884 483.143871 178.899413 222.481460 311.173585 446.077348 322.248351 339.425986 356.117958 172.069753 120.208153 276.929594 366.456000 114.856432 179.627392 107.447662 228.492888 107.517440 26.832816 454.658113 438.251070 333.624040 163.248277 423.774704 133.364163 126.435754 138.657852 265.173528 206.320140 265.731067 360.976454 98.838252 319.048586 294.457128 440.854851 215.148786 339.607126 244.663034 358.231769 214.704448 212.461761 142.874070 96.938125 211.066340 384.001302 308.038959 241.580214 239.835360 421.988151 207.407811 183.043711 86.977008 217.313138 382.256458 
104.000000 4.000000 2.000000 a 95.189285 37.443290 141.693331 256.826790 245.692898 41.048752 190.876924 104.809351 273.248971 166.973052 115.039124 234.648674 238.723690 92.135769 113.600176 190.829767 175.276924 136.180028 275.203561 265.497646 323.871888 45.354162 30.232433 35.608988 52.354560 179.922205 155.425223 203.843077 152.800524 115.312619 293.646045 105.095195 168.291414 72.449983 146.109548 49.578221 261.619953 130.942736 280.223125 278.820731 85.422479 41.880783 228.265197 234.360833 105.418215 129.003876 175.094260 96.384646 127.015747 178.361991 178.101095 248.402899 303.488056 94.530418 104.278473 116.378692 137.873130 223.181540 161.307160 223.365172 253.712436 188.732615 214.245187 156.780101 89.677199 68.731361 177.132719 260.215295 57.314920 236.562888 179.824915 220.165847 159.022011 185.326738 138.130373 178.000000 254.892134 59.481089 132.853303 152.328592 103.315052 201.883630 69.720872 144.124946 237.697286 230.534162 204.636263 182.002747 210.641876 190.276115 105.118980 113.463651 117.515956 201.009950 44.944410 312.373174 134.059688 243.952864 105.848949 183.174780 207.337888 30.675723 126.194295 256.124969 128.226362 301.254046 176.181724 260.654944 284.297380 206.526027 185.593642 89.554453 141.028366 251.700219 197.994949 239.069028 94.704805 320.469967 32.756679 148.660687 
249.000000 4.000000 1.000000 a 424.948232 378.652875 455.619359 140.698259 135.148067 382.231605 518.661739 237.008439 118.105885 499.795958 234.183689 575.033912 268.821502 405.123438 351.000000 366.000000 429.439169 334.145178 391.567363 92.763139 95.462034 379.722267 312.285126 306.528955 292.849791 313.789739 405.153057 524.812347 216.813284 226.920691 398.406827 330.504160 216.965435 367.228812 479.908325 391.062655 79.931220 311.810840 328.038108 397.543708 422.171766 354.809808 434.291377 211.037911 236.763595 397.333613 498.046183 336.859021 414.628750 260.278697 366.829661 380.447105 122.249744 422.132681 250.059993 446.466124 459.322327 265.016981 220.109064 192.374635 87.783825 267.327514 546.882986 432.314700 418.561823 301.728355 425.906093 601.414998 296.649625 205.060967 346.538598 561.637784 372.800215 478.483020 476.608854 318.797742 257.017509 367.535032 467.548928 257.899205 316.243577 143.209637 308.876998 246.868386 168.023808 571.847882 538.627886 374.855972 167.146642 526.031368 237.592087 229.106962 274.754436 411.476609 302.416931 405.000000 448.758287 99.020200 399.889985 323.538251 542.583634 315.158690 417.709229 390.041023 469.546590 349.516809 358.669765 280.001786 214.832493 214.347848 445.570421 427.101861 286.225436 214.133136 539.179006 352.706677 260.547500 124.422667 315.653291 482.692449 
284.000000 6.000000 5.000000 a 133.794619 133.221620 254.418946 292.071909 276.523055 134.836939 208.470621 140.117808 300.015000 197.752370 166.769302 282.973497 322.591072 210.059515 27.586228 73.661387 104.345580 247.412611 385.389413 234.957443 343.064134 159.590100 108.406642 109.224539 98.493655 282.124086 79.555012 307.079794 210.090457 130.816666 403.060789 17.117243 110.018180 193.744677 182.214160 144.499135 254.183005 17.204651 376.123650 389.693469 187.267189 89.106678 348.323126 151.647618 125.686117 73.239334 185.526278 28.000000 94.111636 262.230814 63.513778 359.346629 333.024023 129.096863 93.380940 221.273586 246.894714 118.928550 106.103723 152.898659 246.446749 275.089076 305.124565 106.892469 128.390031 168.315181 298.439274 324.422564 149.201206 156.204994 59.405387 282.978798 54.129474 302.019867 226.861191 281.783605 333.718444 84.095184 173.528096 234.610315 210.950231 187.320581 57.314920 219.713450 283.622989 295.702553 234.200769 69.835521 162.012345 225.763150 145.602198 149.264865 206.009709 320.551088 94.794515 420.862210 136.652845 230.228148 86.267027 62.585941 239.827021 101.019800 98.290386 368.024456 196.987309 399.664860 289.748167 345.891602 347.121016 129.402473 120.303782 189.066126 43.185646 165.024241 267.589237 345.357785 87.091905 350.001429 96.834911 184.937827 
114.000000 5.000000 4.000000 a 116.456000 57.801384 89.810912 267.755485 259.699827 59.076222 200.202398 137.927517 287.388239 173.011560 136.780847 222.389298 220.445004 37.363083 168.813507 246.611030 220.410980 100.019998 232.594067 303.637942 338.998525 28.635642 81.024688 84.291162 102.489024 150.083310 203.690942 156.974520 162.864975 153.935051 251.366267 162.308349 219.647445 19.235384 153.209008 56.859476 291.578463 188.883562 250.263861 235.440014 57.584720 93.493315 174.522205 287.569122 144.699689 176.071008 190.223553 153.026142 168.220094 165.529454 233.437358 205.730406 314.531397 118.308918 153.574086 75.663730 89.944427 280.030355 212.577045 274.410277 284.086255 172.675997 175.931805 198.002525 113.318136 70.178344 120.569482 236.611496 74.886581 289.249028 236.698120 200.369658 213.009389 129.062001 109.603832 146.659470 239.309423 107.298649 140.431478 144.516435 78.771822 238.767670 127.475488 143.125819 244.296950 208.386660 205.973299 236.698120 257.116705 190.163088 135.679770 143.961800 111.485425 148.499158 98.005102 270.573465 160.626897 277.395025 148.273396 240.973028 206.770404 85.146932 166.012048 212.228650 118.258192 268.493948 133.330417 240.008333 277.708480 259.514932 228.214811 62.968246 198.595065 305.286750 175.900540 201.467119 145.382255 330.684139 88.362888 155.116086 
154.000000 5.000000 5.000000 a 288.901367 231.086564 178.044938 243.813453 247.163913 232.568270 362.498276 224.147273 267.540651 334.611715 200.860648 358.235956 125.099960 167.600716 330.938061 406.016010 392.404128 85.802098 60.083276 353.001416 311.014469 202.054448 224.742074 223.814655 236.224470 71.000000 373.893033 225.834010 183.698122 244.266248 78.771822 318.813425 326.896008 154.350251 317.195523 230.097805 317.823851 337.800237 106.103723 62.241465 214.406157 260.432333 56.850682 393.428520 240.308136 346.878941 357.061619 312.014423 341.156855 123.685084 394.254994 34.365681 279.112880 291.185508 268.776859 205.009756 192.260240 406.636201 320.713268 372.667412 313.166090 115.121675 266.822038 371.097022 286.295302 165.653252 89.269256 350.178526 185.067555 392.613041 392.326395 327.013761 376.888578 158.142341 243.977458 67.119297 144.627107 276.898899 305.812034 135.532284 122.641755 297.516386 275.811530 152.318745 215.362485 329.388828 360.661892 398.968670 341.463029 344.772389 218.048160 221.677694 142.003521 48.104054 238.480607 98.081599 333.174129 317.127735 320.731975 389.894858 359.388369 232.361787 339.202005 39.000000 273.095221 113.159180 43.278170 128.693434 198.403629 367.491497 401.103478 218.524598 337.618127 411.205545 303.026401 46.529560 266.326867 289.471933 236.596703 318.498038 
265.000000 5.000000 4.000000 a 130.384048 71.281134 90.354856 259.624729 252.241947 72.718636 213.459598 136.565003 279.803502 186.131674 132.638607 233.077240 207.870152 38.600518 179.777640 257.419890 233.540146 86.313383 218.764714 301.877459 331.400060 42.544095 86.700634 89.202018 107.042048 136.619911 216.379297 159.000000 155.566706 153.707514 237.531051 172.191754 222.991031 5.656854 166.508258 70.774289 287.617802 197.699267 236.579796 221.652882 68.658576 105.000000 162.431524 291.496141 144.844744 188.862384 203.855341 163.294213 181.603965 154.019479 244.436086 191.887988 306.202547 132.230859 156.719495 82.200973 92.800862 286.400070 215.928229 277.346354 280.273081 160.639348 181.024860 211.454487 127.236001 64.815122 110.022725 245.097940 73.006849 292.904421 246.868386 209.880919 224.474943 125.159898 118.511603 133.090195 226.991189 119.603512 153.834326 134.078335 66.940272 237.023206 135.440024 133.958949 235.467620 217.368351 218.515446 247.951608 258.311827 202.632673 133.719856 141.777995 102.083299 135.948520 103.696673 256.725534 174.553717 274.433963 161.483745 250.139961 219.107280 91.782351 179.493732 198.456544 130.249760 254.662522 119.436175 227.107904 266.480769 263.427409 241.602980 73.979727 205.975727 309.363863 185.172892 187.544661 149.164339 322.133513 95.341491 168.359734 
255.000000 6.000000 1.000000 a 288.027776 227.501648 268.126836 74.249579 71.344236 230.893915 383.438391 111.400180 96.674712 358.710189 86.145226 417.948561 87.464278 223.271136 264.439029 320.257709 345.567649 133.454112 199.424171 176.776695 147.085009 215.244048 173.184872 168.074388 165.511329 110.113578 321.278695 336.090762 42.296572 122.155638 210.544532 244.724335 190.433716 185.924716 337.853519 236.400085 138.231690 246.789384 152.531964 205.353354 253.617823 225.222113 230.495119 244.609894 125.936492 301.159426 367.925264 244.174118 308.318018 56.515485 313.102220 183.174780 119.632771 287.236836 159.539964 269.133796 275.223546 275.138147 186.560982 220.537979 134.003731 65.122961 365.034245 335.256618 282.448225 129.356098 224.153965 432.394496 135.712932 241.919408 301.582493 396.698878 305.262182 282.072686 305.668121 114.982607 89.805345 243.074063 324.513482 57.384667 124.470880 130.613935 203.214173 53.338541 48.259714 404.550368 395.323918 320.224921 183.698122 380.257807 106.230881 102.142058 85.234969 207.523493 174.232603 222.036033 325.295251 140.035710 288.085057 288.669361 397.310961 180.044439 309.131040 193.258894 311.809237 177.654158 154.728795 108.600184 96.104110 223.986607 359.494089 258.992278 233.019313 260.449611 372.178721 156.719495 164.468842 135.092561 183.002732 340.277828 
214.000000 1.000000 3.000000 a 360.846228 300.980066 253.333772 240.018749 248.290153 302.803567 437.292808 268.067156 262.274665 409.400782 241.571935 433.558531 112.071406 242.074369 392.777291 465.021505 459.509521 148.189068 20.591260 369.486130 296.951174 273.130006 285.175385 283.218997 292.909542 109.658561 439.602093 297.974831 212.473528 286.782147 18.027756 378.549865 367.865465 225.321992 391.618437 301.358590 327.575945 393.859112 56.462377 24.083189 288.735173 326.197793 116.387285 430.223198 285.043856 413.319489 431.129911 372.978552 409.695009 145.835524 454.181682 41.194660 264.850901 362.801599 316.886415 280.472815 267.675176 451.257133 362.415507 407.491104 324.568945 133.015037 339.911753 439.710132 357.816992 223.555362 163.110392 424.062495 242.330353 428.449530 449.775500 402.044774 438.699214 230.097805 319.513693 109.622078 123.794184 343.547668 379.969736 168.240899 182.200439 322.567822 334.260378 186.077941 214.189169 404.060639 436.033256 459.567188 372.780096 420.116650 261.673461 263.205243 187.970742 120.266371 296.892236 30.232433 405.083942 332.613890 388.850871 444.387219 434.835601 293.138193 408.142132 39.458839 348.173807 47.507894 111.233988 101.271911 172.956642 406.388976 469.248335 293.027302 389.835863 447.235956 378.223479 46.010868 316.512243 271.182595 297.355007 393.010178 
119.000000 6.000000 1.000000 a 286.440221 242.563394 330.968276 123.713378 106.780148 246.089415 379.906567 104.623133 121.630588 361.199391 111.018017 437.548854 217.793480 278.772309 215.127869 242.101219 296.001689 230.360587 327.685825 61.269895 155.724115 247.002024 176.139150 170.531522 155.621335 228.484135 271.182595 399.295630 115.433964 90.785461 340.036763 194.180329 89.358827 242.404620 341.433742 255.384025 62.641839 179.201004 283.114818 333.493628 289.430475 216.400092 342.146168 120.739389 100.657836 260.892698 359.334106 199.672231 277.077606 179.293056 240.102062 308.883473 153.075145 283.536594 111.305885 316.456948 332.415403 162.815847 90.005555 95.900991 54.817880 191.125613 416.914859 296.319085 280.044639 177.395039 319.081494 466.104066 167.839209 116.846053 222.081066 425.678282 241.993802 361.072015 343.431216 232.045254 216.981566 228.816520 329.200547 163.600122 203.049255 4.472136 170.176379 147.122398 130.816666 436.354214 400.031249 248.128999 57.628118 387.613209 106.943911 98.838252 165.339046 315.572496 164.939383 352.346420 310.137066 39.824616 261.658174 201.896013 404.079200 178.213355 279.946423 319.081494 333.084073 308.131465 265.007547 237.777207 202.277038 106.892469 311.955125 294.083322 155.544206 134.350288 403.936876 284.015845 121.794910 168.576392 178.331153 344.228122 
202.000000 4.000000 2.000000 a 154.777259 192.314846 164.048773 479.333913 470.261629 188.732615 98.249682 334.368061 498.046183 93.171884 341.983918 20.615528 425.650091 190.520340 260.376650 313.848690 235.552542 299.068554 399.452125 492.197115 549.481574 195.166596 258.698666 264.440920 278.729259 349.292141 241.660919 132.230859 373.851575 344.223764 416.875281 272.547244 381.005249 224.722051 104.923782 180.069431 491.153744 303.679107 441.100895 399.782441 155.183762 220.619582 309.147214 436.295771 334.341143 224.848838 118.105885 261.963738 201.156655 375.704671 300.760702 376.033243 526.258492 159.000000 326.252969 144.308697 150.332964 404.950614 374.802615 432.949189 483.223551 381.136459 90.917545 209.773688 160.863296 280.608268 254.442528 39.458839 279.331344 440.246522 318.201194 15.297059 277.605836 193.186438 104.694795 344.576552 445.821713 212.624081 113.176853 356.545930 288.861559 430.069762 272.066168 355.647297 456.605957 20.615528 70.035705 297.865742 430.112776 68.117545 334.426375 342.842529 324.007716 297.486134 269.453150 435.329760 155.360870 472.958772 201.556444 337.215065 63.150614 256.164010 196.086716 378.297502 101.414989 453.533902 315.729314 442.459038 488.270417 411.400049 228.315571 149.816554 327.331636 450.876923 39.204592 383.631333 315.686553 542.647215 256.035154 102.318131 
297.000000 3.000000 3.000000 a 265.035847 204.188638 174.195293 207.646334 209.403916 206.155281 345.567649 182.258059 231.400086 317.800252 158.432951 351.199374 99.809819 151.400132 296.330896 369.822931 362.095291 50.774009 89.140339 311.130198 277.218326 177.115781 188.957667 187.395304 198.398589 30.083218 342.286430 231.501620 141.226768 202.232539 107.168092 282.874530 284.859615 129.691943 299.100318 205.302216 277.200289 300.015000 105.004762 93.348808 196.860357 228.816520 90.443352 351.012820 198.635344 315.925624 337.664034 276.804986 312.371574 83.677954 358.559618 63.031738 245.934951 266.737699 227.975876 194.126248 186.761880 365.377887 278.770515 330.080293 272.259068 77.077883 269.432737 342.381366 261.704031 128.035151 98.229324 349.515379 147.248090 350.115695 355.308317 322.158346 342.328789 166.580311 234.258404 25.317978 120.801490 246.132078 286.923335 93.085982 85.632938 254.950976 239.039746 109.658561 179.011173 326.197793 347.051869 363.675680 298.718931 331.022658 176.082367 179.424079 99.924972 69.641941 201.556444 125.602548 309.110013 275.524953 291.487564 351.548005 346.577553 196.824795 310.885831 72.006944 258.118190 120.668969 21.931712 110.462663 172.742583 325.259896 371.860189 201.556444 298.291803 368.741102 297.437388 52.924474 226.101747 257.670332 201.062179 300.707499 
158.000000 8.000000 3.000000 a 162.483845 157.028660 277.721083 280.492424 264.357712 159.000000 237.255137 137.379038 286.372136 226.883230 165.051507 312.128179 322.560072 231.311478 56.400355 74.000000 126.087271 257.978681 393.732142 211.624668 327.006116 181.463495 122.155638 121.655251 107.615055 288.624323 102.415819 332.728117 206.707523 124.390514 410.911183 43.965896 86.683332 211.558503 211.357517 169.026625 234.625233 12.083046 379.036938 398.322733 212.058954 113.004425 363.137715 122.788436 121.313643 100.568385 214.219514 55.081757 122.380554 263.600076 68.731361 368.266208 319.319589 157.848028 87.235314 246.032518 271.066413 90.520716 83.952367 125.251746 227.125516 276.810404 332.416907 132.574507 156.952222 178.101095 315.778403 353.411941 158.685223 127.475488 55.036352 311.924670 69.426220 324.138859 253.842471 288.845980 332.051201 110.643572 202.588252 236.457184 221.110832 168.668314 71.168813 220.417785 274.721677 324.607455 263.210942 76.531039 137.615406 254.890172 143.422453 145.499141 210.736803 334.982089 106.470653 428.164688 165.601932 210.107116 115.377641 46.227697 268.881015 115.693561 126.732001 377.322144 225.197691 403.189782 300.672579 345.862690 340.958942 101.414989 142.242750 214.233517 17.464249 135.915415 296.233016 352.423041 84.053554 336.007440 111.789982 214.084096 
132.000000 4.000000 2.000000 a 235.478237 172.235304 190.646269 153.808322 150.903943 175.139944 326.442951 110.453610 176.476627 299.961664 85.000000 350.184237 94.762862 149.465715 241.499482 310.040320 315.317301 53.851648 156.064089 239.207023 226.556836 152.643375 135.650286 132.382023 138.679487 49.648766 293.138193 257.614052 68.359345 129.769026 171.968020 225.211012 212.002358 114.481440 279.580042 178.025279 208.925824 237.539470 139.942845 161.245155 185.784822 183.806964 159.530561 277.156995 127.318498 268.888453 314.014331 221.063339 270.203627 36.878178 300.041664 132.849539 198.035350 235.849528 158.836394 196.063765 198.962308 294.124123 206.167408 255.861291 203.246156 45.044423 288.444102 299.481218 230.783448 75.690158 145.344419 359.640098 91.389277 276.081510 293.846899 326.098145 286.623446 202.299283 234.557029 51.623638 112.004464 202.200396 266.422597 22.825424 50.289164 181.135309 180.560239 36.124784 126.574089 332.861833 334.181089 305.983660 224.198573 318.487048 104.100913 106.437775 30.610456 133.820776 144.253250 188.217959 277.093847 204.518948 249.040157 287.088836 335.216348 143.673240 269.785100 142.762040 246.910915 163.110392 82.152298 116.498927 149.325149 251.849161 327.136057 191.125613 232.086191 294.767705 301.199270 112.893755 158.619040 212.602916 147.648231 281.710845 
227.000000 1.000000 3.000000 a 49.040799 99.297533 141.650980 392.441078 381.461663 95.817535 60.299254 238.648277 409.019559 33.015148 250.798724 104.890419 360.168016 135.723985 154.870914 214.032708 144.360659 239.108762 363.368958 390.155097 459.570452 114.354711 162.012345 167.839209 179.724790 289.761971 144.003472 158.776573 287.767267 245.733596 382.007853 166.412139 275.811530 157.457931 13.928388 90.244113 393.071240 197.686621 389.097674 365.246492 89.022469 117.796435 287.236836 330.134821 236.027541 123.044707 54.589376 155.794737 100.244701 303.586890 200.324736 337.250649 439.182195 53.009433 223.892832 104.009615 127.015747 299.386038 269.773979 327.123830 385.040258 311.708197 139.445330 116.558998 55.317267 197.732142 227.705951 143.673240 191.324332 334.113753 215.928229 102.318131 176.504957 189.525724 77.006493 286.094390 378.639670 107.628992 8.000000 280.317677 218.146740 329.692281 167.657389 275.394263 372.550668 115.169440 68.949257 198.567369 325.711529 54.561891 239.766553 247.887071 245.617589 267.239593 170.017646 401.294156 57.706152 373.401928 96.840074 233.385946 71.589105 157.952525 95.189285 342.160781 35.383612 406.078810 267.585500 380.001316 414.290961 305.366992 142.045767 84.770278 221.162836 344.710023 89.106678 337.342556 213.262749 456.119502 157.000000 15.297059 
171.000000 6.000000 3.000000 a 119.641130 117.324337 55.731499 379.795998 372.413748 114.481440 143.808901 248.032256 400.000000 118.342723 249.633732 125.000000 317.042584 84.118963 223.002242 294.090122 235.722294 190.420587 291.760175 412.742050 451.601594 105.394497 179.011173 184.067922 201.295802 240.110391 230.169503 65.306967 275.661024 261.839646 309.594897 227.068272 315.868644 121.202310 108.706026 104.043260 403.853934 258.745048 331.360831 292.479059 63.529521 158.685223 205.080472 379.526020 252.115053 204.941455 147.787009 215.928229 185.585560 269.473561 279.951782 267.606054 426.298018 124.535136 253.126451 38.013156 41.109610 360.034721 309.006472 370.681804 396.233517 273.906918 65.299311 207.992788 122.641755 183.447540 147.678705 126.210142 186.868938 382.320546 291.386341 95.351980 256.134730 95.963535 20.124612 235.280683 337.468517 159.803004 103.464970 252.438111 183.883115 348.278624 209.480309 253.797163 355.337867 100.284595 133.330417 280.017857 359.562234 118.532696 246.611030 255.054896 221.894119 190.378570 193.651749 328.380876 150.734867 388.561449 174.427635 304.059205 130.545011 179.337670 181.041432 270.453323 61.911227 344.117712 205.973299 333.256658 381.620230 352.278299 235.868607 59.506302 276.925983 396.161583 70.576200 274.147770 243.343379 442.113108 180.753976 108.466585 
253.000000 1.000000 2.000000 a 172.072659 109.004587 152.003289 195.274166 187.608635 112.040171 264.382299 84.148678 215.204554 238.436574 72.235725 294.156421 158.533908 102.532922 183.403926 255.976561 253.617823 66.037868 202.940878 244.034834 266.812668 92.179173 75.802375 73.756356 84.646323 101.548018 232.243407 221.205787 90.906545 104.004808 220.689828 169.177422 183.308483 64.350602 217.807254 115.732450 225.568172 186.316934 200.531793 207.241405 129.711218 120.904921 176.241312 252.168594 97.185390 207.099010 251.097591 163.517583 207.135222 99.020200 244.859143 176.918060 242.002066 172.290452 120.208153 146.819617 156.400128 258.104630 176.567268 234.418429 218.490274 108.664622 245.415973 236.660094 167.242339 14.142136 140.014285 309.095455 33.421550 252.448014 241.422866 272.882759 229.268402 178.084250 182.131820 100.439036 175.345373 139.176147 204.533616 74.672619 29.154759 179.936100 125.159898 70.936591 171.767284 280.944834 273.788239 250.137962 209.537586 258.366019 79.511006 86.313383 40.024992 147.800541 87.681241 238.673417 213.354166 214.217180 185.946229 238.212090 275.305285 83.815273 206.526027 185.698681 188.472810 222.301597 108.756609 180.235956 208.626460 224.742074 264.849014 135.085158 186.077941 270.275785 248.455227 163.517583 116.245430 258.125938 88.005682 220.054539 
231.000000 4.000000 3.000000 a 237.951676 175.823775 163.477827 193.597521 192.823754 178.070211 322.307307 149.696359 216.981566 294.821980 126.846364 334.717792 104.675690 131.973482 263.638009 336.594712 331.049845 23.000000 122.347865 285.476794 265.414770 150.442680 156.083311 154.311374 164.939383 28.071338 310.697602 226.415547 114.629839 169.849934 140.071410 249.777901 252.463859 104.580113 275.426941 178.263849 254.662522 266.507036 127.675370 126.732001 175.000000 197.590486 113.282832 319.244420 165.846314 284.692817 312.860991 243.938517 282.214457 67.801180 325.465820 96.540147 235.357175 239.282260 194.653538 177.290722 174.289988 332.304078 246.260025 298.804284 249.146543 66.603303 261.191501 312.160215 234.200769 94.762862 103.227903 337.733623 113.863954 318.549839 321.908372 307.546744 309.593282 165.849329 217.347648 24.083189 125.355494 215.244048 262.834549 67.911707 53.009433 227.008810 205.769288 82.389320 165.323924 312.771482 326.000000 330.691699 268.466013 310.001613 143.617548 147.410990 67.720012 87.664132 168.297356 158.142341 281.602557 250.744890 261.174271 317.970124 326.075145 164.015243 280.978647 105.603030 237.018987 146.731046 36.000000 121.016528 172.699160 293.143310 341.298989 180.011111 264.697941 337.083076 282.577423 83.486526 192.605815 248.638291 168.240899 277.221933 
214.000000 2.000000 4.000000 a 139.402296 180.421728 163.600122 470.031914 460.496471 176.819117 80.399005 322.615871 488.271441 75.432089 331.360831 17.720045 420.676836 185.334832 243.731410 296.138481 217.559187 294.450335 399.716149 478.736880 539.560006 185.593642 246.454864 252.241947 265.956763 345.094190 223.886132 139.291062 364.485939 331.748399 417.432629 256.400078 366.087421 218.002294 88.102213 168.629772 478.987474 287.311677 438.712890 400.316125 147.122398 206.552657 311.237851 420.396242 321.895946 207.460840 100.079968 245.934951 183.730781 369.243822 283.114818 375.704671 516.988394 143.450340 312.544397 140.035710 149.214611 388.231889 359.980555 417.566761 471.020169 375.225266 100.264650 191.859323 145.602198 271.503223 255.143097 57.428216 269.156089 424.438453 300.740752 25.238859 260.049995 196.743488 99.849887 340.543683 440.585973 197.716969 97.097889 349.184765 282.177249 417.139066 257.497573 347.462228 447.904008 36.055513 52.630789 280.130327 415.639267 50.089919 322.942719 331.306505 316.056957 298.062074 256.534598 436.111224 137.876757 460.327058 184.743065 319.995312 45.880279 243.526179 178.675684 378.441541 89.888820 452.017699 313.359219 438.124412 481.789373 395.778979 210.287898 141.739197 311.269979 434.770054 40.496913 382.020942 301.942047 533.528818 243.181003 85.428333 
106.000000 7.000000 3.000000 a 265.346943 202.529010 194.239543 171.732350 173.104015 205.000000 351.627644 155.926265 195.450761 324.302328 130.176803 365.644636 73.736016 162.778991 282.908112 353.389304 353.748498 53.600373 110.639053 276.001812 242.002066 178.619708 175.641681 173.066461 181.320159 6.324555 332.483082 256.257683 107.517440 175.137089 126.491106 267.606054 257.157539 134.033578 304.657184 205.995146 241.132744 281.556389 100.900942 115.883562 205.156038 220.639978 126.826653 321.628668 172.803356 307.236066 341.470350 262.727996 306.400065 47.296934 342.957723 88.022724 211.066340 266.390691 204.200881 208.278659 205.243758 339.567372 251.412012 299.879976 236.326046 41.182521 291.734468 336.154726 261.292939 113.877127 128.701204 368.722118 131.745968 320.352930 337.681803 338.586769 328.517884 194.200927 248.298208 11.661904 94.540996 238.717406 291.907520 59.665736 76.537572 221.325552 223.035872 77.201036 143.108351 343.816812 356.089876 348.633045 267.166615 340.119097 149.566039 151.716842 75.166482 105.095195 186.010752 142.902064 308.519043 240.102062 285.236744 331.724283 356.315871 183.698122 305.491407 98.081599 267.226496 122.090131 53.254108 90.094395 143.125819 296.696815 364.725924 210.237960 277.043318 339.094382 313.614413 67.424031 203.708125 223.403223 187.832372 306.528955 
110.000000 5.000000 4.000000 a 178.193715 119.816526 99.020200 244.658946 240.260276 121.264174 257.130317 151.647618 266.737699 229.386137 138.751577 266.822038 171.991279 64.195015 224.617453 301.559281 281.737466 45.354162 170.390727 310.227336 317.491732 90.824006 123.482792 124.233651 140.089257 95.885348 264.024620 165.849329 147.871566 171.292148 189.171880 214.981395 248.805145 43.046487 210.641876 118.962179 288.452769 237.924358 192.585046 173.184872 108.558740 151.380316 117.834630 317.907219 164.027437 236.685445 249.327094 206.939605 230.054341 126.051577 289.015571 143.561833 289.587638 180.272017 183.847763 109.444050 108.226614 319.662322 241.913208 301.041525 281.780056 129.282636 197.060904 259.942301 175.328264 77.006493 73.334848 270.957561 93.770998 318.509027 289.698119 239.885389 270.040738 113.877127 149.459024 91.443972 192.333044 166.973052 198.494332 113.216607 48.373546 246.716436 174.862803 119.473847 218.013761 245.422085 259.233485 293.027302 277.041513 243.205674 147.105404 153.883072 89.888820 90.138782 139.463257 208.405854 222.463480 279.100340 209.804671 290.697437 259.030886 130.142230 228.002193 149.966663 170.188131 209.121974 71.512237 188.904738 237.118114 290.167193 290.043100 113.357840 242.744722 336.007440 214.895323 140.684043 178.272264 304.356699 134.182711 212.249853 
170.000000 3.000000 4.000000 a 305.366992 306.058818 426.620440 342.698118 325.848124 308.014610 363.494154 251.477633 338.042897 359.947218 277.142563 445.576032 425.338689 379.332308 196.461192 141.823834 226.742144 390.923266 517.846502 216.178167 361.260294 330.025757 265.548489 263.685419 246.910915 411.438938 213.440858 481.375114 308.600065 232.071110 533.361041 191.261601 150.903943 356.736598 347.979884 318.000000 261.191501 160.012500 488.439351 523.057358 361.005540 262.007633 501.897400 98.737024 234.829726 227.683992 340.352758 202.356122 251.406046 374.225868 153.447059 494.418851 367.049043 300.456320 206.155281 395.001266 420.096418 68.029405 156.160174 123.458495 256.725534 387.579669 479.029227 247.341869 300.532860 313.129366 459.123077 491.497711 294.409579 103.247276 134.480482 450.960087 175.482193 472.444706 401.100985 413.010896 428.900921 258.495648 341.531843 350.351252 354.682957 217.248705 217.680959 332.568790 349.161854 464.004310 392.084175 157.889202 161.604455 387.056843 257.782854 255.538647 333.664502 473.439542 248.712686 548.766799 297.270920 238.472221 252.479702 115.952577 398.538580 260.278697 256.462473 504.176556 369.583549 513.622429 433.056578 447.420384 420.743390 115.277925 239.676866 363.067487 146.372812 88.141931 438.041094 474.371163 209.745083 380.616605 256.797586 350.476818 
130.000000 7.000000 2.000000 a 104.172933 119.854078 88.769364 398.734247 390.253764 116.498927 111.395691 258.801082 418.007177 87.114867 263.782107 94.894678 343.735363 108.415866 212.424104 279.028672 214.161154 217.297032 324.138859 420.896662 469.572146 116.387285 185.539753 191.031411 207.002415 267.807767 211.603403 88.684835 293.518313 270.647372 342.130092 219.494875 317.176607 142.618372 80.529498 106.606754 415.817268 251.509443 361.400055 325.026153 74.632433 156.169779 238.503669 377.923273 260.768096 188.215302 117.443603 208.338667 166.973052 293.492760 265.007547 299.608077 445.569299 109.165013 257.381040 62.649820 73.756356 353.899703 310.536632 371.194019 408.015931 298.939793 71.007042 186.271308 108.558740 200.262328 180.712479 106.212052 200.683831 381.183683 278.460051 69.354164 241.008299 129.139460 22.561028 263.212842 363.803518 153.378617 78.108898 274.563290 206.700266 357.289798 208.432243 274.155066 375.421097 77.388630 99.744674 264.189326 363.473520 85.088190 258.172423 266.655208 242.390181 223.181540 198.436388 361.020775 127.612695 399.011278 159.012578 293.342803 96.932967 184.401735 162.117242 302.788705 40.012498 375.021333 236.103791 360.901649 406.054184 351.411440 212.508823 69.404611 271.974263 393.875615 44.777226 305.026228 247.131544 461.781334 185.067555 79.755878 
288.000000 1.000000 3.000000 a 267.478971 270.739727 391.751197 335.287936 318.290748 272.530732 324.918451 228.431609 333.294164 321.337828 255.225391 406.952086 408.015931 345.567649 158.911925 103.585713 188.679623 364.034339 494.523002 219.856772 361.465074 295.717771 234.093998 232.744495 216.760236 388.012886 174.897113 445.028089 290.037929 210.059515 510.648607 155.051604 133.206606 324.784544 309.480209 282.347304 260.931025 124.579292 469.622189 499.544793 325.221463 226.565664 473.164876 97.862148 211.454487 189.113722 301.761495 166.012048 212.821521 354.153921 114.934764 470.321167 363.852992 262.545234 180.421728 359.235299 384.688185 49.396356 137.207871 120.208153 255.515166 367.600326 441.616349 208.849228 262.762250 285.029823 428.263937 452.965782 265.919161 103.576059 95.859272 412.496061 136.857590 438.406204 364.002747 389.165774 413.298923 222.009009 303.169919 329.074460 327.371349 209.353768 184.610401 311.567007 338.647309 425.553757 353.477015 119.570063 156.000000 348.432203 234.827596 233.649310 309.554519 444.770727 217.572976 526.719090 258.677405 236.864940 214.219514 77.929455 359.923603 228.300241 217.882996 479.877068 331.789090 494.631176 406.558729 430.633255 409.781649 105.095195 201.943061 327.074915 114.179683 94.005319 399.804952 451.575021 182.529450 378.450789 224.617453 311.964742 
244.000000 9.000000 4.000000 a 174.002874 206.494552 163.416645 488.788298 480.388385 202.970441 122.409150 347.639181 508.138761 116.249731 353.632578 41.593269 429.219058 195.777935 281.156540 336.573915 259.113875 302.643354 396.031564 507.670169 559.707960 206.206207 272.946881 278.600072 293.640937 352.059654 264.577021 122.024588 383.637850 358.503835 413.010896 292.494444 398.843328 231.657074 126.530629 193.752419 504.706846 323.932092 441.117898 396.001263 164.757397 237.621548 303.659349 455.632527 348.604360 246.981781 142.014084 281.744565 223.394270 381.461663 323.348110 373.483601 535.590329 178.443268 342.374064 149.164339 150.880748 425.699424 392.502229 451.453209 496.842027 386.121742 78.847955 233.070805 179.888855 290.396281 251.161303 17.492856 290.601101 459.430082 340.389483 24.186773 300.016666 186.686904 111.507847 347.139741 449.697676 230.867928 133.701159 363.606931 295.296461 444.838173 289.601450 363.848870 465.259068 12.806248 94.201911 320.657138 447.200179 92.005435 347.315419 355.780831 332.006024 294.083322 284.608503 431.115994 177.792013 487.221715 222.733024 358.921997 87.298339 270.977859 218.304833 375.107984 116.516093 452.345001 316.180328 445.112345 493.766139 430.308029 252.160663 159.505486 347.051869 470.545428 45.607017 382.774085 331.887029 551.739975 271.154937 124.040316 
293.000000 4.000000 1.000000 a 31.780497 32.015621 128.693434 323.556796 312.339559 29.017236 124.535136 169.446157 339.847024 100.244701 181.617730 171.058470 298.670387 97.590983 113.110565 186.560982 141.650980 184.097800 317.521653 323.857994 390.302447 56.462377 92.784697 98.615415 111.211510 232.879797 129.375423 174.140748 219.364993 177.200451 336.304921 117.098249 214.553024 104.278473 79.378838 28.231188 324.607455 148.946299 333.730430 320.249902 59.093147 53.000000 253.712436 274.167832 167.409677 101.965681 110.113578 105.929222 88.238314 240.000000 172.467388 290.697437 370.202647 33.241540 157.876534 91.482239 118.296238 250.880450 208.079312 268.001866 316.602274 249.200722 171.813853 116.691902 28.231188 131.548470 195.869855 202.200396 123.223374 277.497748 182.214160 160.860188 149.187801 179.011173 93.214806 229.923900 316.128139 50.009999 66.128662 215.334623 157.686398 262.179328 105.309069 208.885136 304.258114 172.409396 138.003623 173.487752 262.406174 123.878973 170.472872 178.619708 180.335798 229.617073 101.671038 355.541840 75.610846 305.502864 71.196910 194.000000 140.890028 89.050547 85.041167 297.006734 68.505474 352.767629 218.405586 319.606007 348.760663 247.814447 147.085009 59.135438 168.404275 290.062062 141.198442 286.400070 147.322775 387.195041 88.408144 81.932899 
186.000000 9.000000 1.000000 a 148.690955 98.600203 58.694122 283.534830 277.915455 98.858485 219.494875 172.976877 304.947536 191.603758 165.945774 224.294449 214.972091 24.351591 213.768566 291.588751 260.311352 88.323270 203.334699 337.094942 356.186749 68.242216 125.483067 128.140548 146.030819 138.462991 245.350769 127.561750 182.877008 190.937162 222.000000 207.992788 261.843465 35.227830 173.954017 93.348808 319.907799 234.763711 233.008584 205.302216 71.168813 138.195514 133.869339 330.437589 182.386951 217.554591 213.845739 198.539669 207.183494 168.181450 278.237309 177.200451 329.218772 151.604749 195.576072 66.753277 66.037868 325.112288 254.786185 316.056957 312.822633 172.011628 155.656673 236.279496 147.003401 98.488578 76.837491 228.035085 109.895405 331.798131 282.179021 196.939077 257.262512 86.683332 106.920531 133.820776 235.342304 150.632002 162.585362 153.218798 85.146932 272.464677 173.219514 157.136883 257.689736 202.410474 219.317122 281.192105 296.219513 203.305189 169.593632 177.341479 125.865007 110.113578 142.506140 241.298570 192.509740 308.235300 188.350737 286.818758 218.661839 130.249760 204.384442 182.164761 130.698125 248.068539 108.664622 231.613903 279.830306 302.372287 266.692707 75.286121 244.182309 348.323126 171.959298 178.488095 188.130274 344.425609 133.660016 175.282629 
121.000000 9.000000 3.000000 a 347.195910 283.975351 275.566689 148.216059 157.686398 286.665310 435.258544 209.200860 170.002941 408.078424 181.400110 449.484149 25.000000 246.829901 352.892335 417.851648 428.488040 137.713471 106.042444 283.063597 204.570281 261.619953 248.712686 245.120379 249.577643 86.833173 405.937187 334.053888 142.842571 224.848838 110.652610 335.477272 300.216588 218.020641 388.252495 288.461436 238.732067 344.223764 41.484937 111.825757 289.338902 297.405447 176.105082 356.775840 225.842866 382.154419 424.445521 332.304078 383.803335 83.240615 408.861835 102.215459 172.386194 347.908034 259.803772 291.972601 287.424773 385.105180 295.736369 332.824278 236.478329 70.682388 371.732431 413.052055 342.814819 189.282857 199.699775 450.821472 204.628932 354.189215 400.495943 421.858981 397.190131 268.793601 332.096372 91.411159 31.144823 315.800570 375.385136 110.941426 157.917700 242.538657 291.137425 125.936492 123.628476 426.645052 440.222671 415.269792 296.057427 424.265247 203.002463 201.935633 142.442971 164.805946 256.070303 117.153745 389.630594 246.343256 362.640318 390.800461 440.500851 256.672944 383.375795 110.018180 351.411440 65.924199 124.482931 9.433981 82.346828 335.477272 440.546252 294.435052 334.802927 372.758635 396.940802 75.802375 262.154535 179.401784 260.547500 390.184572 
138.000000 8.000000 4.000000 a 164.984848 149.482440 268.029849 255.313533 239.286439 151.907867 246.781280 112.329871 261.690657 233.805475 140.089257 317.705839 297.634003 219.513098 68.264193 99.624294 146.030819 237.356272 371.540038 192.836718 303.199604 171.002924 105.513032 104.043260 88.238314 265.851462 121.457812 326.259099 181.342218 98.843310 388.464928 49.578221 68.095521 196.540072 216.815590 162.262134 212.602916 29.068884 354.798534 376.257890 205.060967 106.962610 344.818793 116.764721 96.041658 114.738834 224.243172 58.796258 134.402381 239.102488 93.941471 346.400058 294.679487 160.701587 61.911227 238.648277 262.617593 96.005208 63.976558 114.214710 204.941455 252.382646 329.256739 148.932871 159.012578 157.648343 299.608077 356.366384 138.311243 120.569482 80.622577 314.696679 92.135769 312.705932 250.409664 266.317480 306.811017 108.853112 206.903359 212.162673 200.481919 145.986301 58.000000 195.849432 249.176644 327.061156 271.309786 101.607086 120.220631 261.747970 118.460964 120.220631 187.544661 316.483807 88.887569 405.452833 174.656806 188.451585 123.745707 69.526973 276.586334 100.019998 138.224455 355.624802 225.204352 379.110802 280.066064 320.914319 315.328400 91.836812 162.086397 207.800385 14.764823 132.098448 297.430664 329.734742 59.548300 311.464284 96.509067 219.611020 
101.000000 2.000000 3.000000 a 284.416947 316.938480 431.431339 464.663319 447.800179 317.157689 299.081929 333.120098 465.816487 307.883095 360.879481 384.005208 518.425501 396.415186 203.216633 127.310644 168.077363 447.893961 586.195360 359.701265 498.217824 346.953887 308.561177 309.793480 299.207286 482.713165 174.002874 468.187996 401.741210 318.849494 603.884095 214.450460 257.608230 388.155897 304.821259 324.422564 398.322733 198.841646 574.913037 590.468458 361.929551 277.650860 544.867874 238.018907 316.734905 200.942778 279.646205 221.382023 217.947241 459.605265 139.053946 560.092849 497.595217 279.728440 282.619886 393.395475 420.315358 185.283566 259.237343 258.804946 392.318748 472.800169 451.677983 195.969385 282.449996 369.112449 491.495676 436.073388 350.024285 243.905719 142.523682 401.049872 158.113883 481.848524 383.343188 482.497668 527.365149 264.473061 304.463463 432.411841 411.623614 341.287269 258.094944 416.427665 463.624848 413.881626 328.006098 134.807270 291.880112 329.492033 339.249171 340.872410 405.770871 517.800154 295.574018 621.663092 254.691971 373.664288 231.905153 151.792622 335.005970 300.887022 222.326337 568.689722 343.281226 598.927375 489.979591 541.705640 532.632143 240.260276 170.988304 361.668356 207.771509 235.034040 396.557688 546.108048 280.044639 513.042883 296.649625 306.444122 
167.000000 5.000000 2.000000 a 104.278473 58.523500 169.664375 247.881020 235.440014 61.854668 200.551739 89.554453 262.488095 178.899413 105.721332 252.239965 244.245778 120.066648 93.434469 168.668314 163.783394 152.839785 292.000000 243.507700 312.032050 72.993150 16.278821 21.000000 30.000000 192.283645 141.767415 231.138487 147.339743 96.020831 310.111270 81.608823 141.396605 98.030607 158.420327 71.867934 243.429661 104.923782 290.688837 295.979729 111.427106 36.345564 251.431899 206.736547 86.267027 117.392504 182.485616 74.330344 120.507261 182.964477 156.630138 265.505179 293.819673 102.318131 79.075913 143.405021 165.559657 195.256242 134.480482 196.379734 235.416652 194.486503 239.841614 148.932871 98.086696 77.025970 202.408004 281.369863 60.166436 209.066975 156.160174 240.565999 139.445330 213.234613 162.496154 191.094218 258.814605 54.009258 145.619367 155.708060 117.443603 181.157390 42.449971 144.682411 231.224999 251.549200 217.478735 161.276161 185.431928 204.083316 91.416629 99.161484 122.380554 223.660457 20.518285 328.441776 137.116739 224.321198 99.724621 157.581725 220.911747 9.055385 120.813906 273.760845 147.827602 312.853001 194.486503 266.908224 283.397248 178.997207 175.823775 115.156415 113.437207 223.973213 219.456146 253.805043 68.963759 311.004823 7.211103 161.136588 
191.000000 7.000000 1.000000 a 213.084490 150.479234 187.384631 155.415572 149.241415 153.639188 306.365794 81.394103 176.388775 280.631431 57.723479 336.300461 120.602653 141.014184 212.058954 279.803502 287.235095 67.268120 185.550532 221.822001 227.782791 134.629120 107.517440 103.817147 108.908218 79.056942 264.622372 256.113256 55.226805 101.237345 201.816749 195.358645 183.847763 103.464970 259.942301 157.835357 196.573142 207.171427 169.743925 190.591186 171.618764 157.289542 180.224860 250.193925 98.005102 240.973028 292.554268 191.541118 243.526179 59.439044 269.937030 161.623018 201.695315 213.002347 128.809938 186.681547 193.610434 264.967923 177.792013 229.682389 190.157829 70.837843 283.346078 272.415124 208.009615 51.009803 157.003185 349.905702 63.788714 249.447389 263.501423 314.396247 256.908544 206.494552 223.235302 80.262071 135.793962 175.727061 246.641440 33.015148 44.407207 160.701587 150.748134 29.154759 130.698125 322.117991 316.180328 275.965578 199.699775 300.787300 75.153177 78.434686 2.828427 153.000000 114.934764 218.332316 253.333772 188.883562 222.463480 256.680736 317.737313 115.433964 243.402958 171.353436 230.867928 193.214906 104.393486 143.251527 166.460205 224.269927 299.481218 177.002825 201.734975 268.001866 289.806832 142.800560 128.316016 217.451144 119.268604 262.225094 
157.000000 9.000000 1.000000 a 170.531522 196.468827 143.097869 473.440598 465.575987 193.041446 131.939380 335.882420 493.259567 121.103262 340.364510 59.413803 410.162163 178.474088 279.250783 338.564617 264.007576 283.825651 374.161730 497.808196 544.871544 193.196791 262.488095 268.018656 283.769272 332.701067 267.366789 99.247166 368.741102 347.713963 391.011509 289.131458 392.045916 215.232433 127.882759 183.357574 492.866108 320.929899 420.386727 374.033421 150.986754 230.495119 281.348538 450.809272 337.829839 247.935475 149.345238 278.172608 224.742074 363.743041 325.026153 351.889187 520.089415 175.231276 333.640525 132.098448 131.244047 423.249335 385.541178 445.432374 485.077313 367.926623 56.044625 237.170825 176.045449 275.800653 229.490741 32.280025 277.238165 454.369893 341.052782 28.792360 301.346976 164.304595 96.674712 327.685825 430.780687 225.397427 132.981202 346.770818 278.237309 434.332822 282.816195 347.807418 449.348417 18.439089 105.688221 322.876137 439.331310 100.224747 335.195465 343.680084 315.905049 272.310485 275.045451 409.019559 180.005555 476.114482 221.923410 358.481520 99.161484 261.122577 219.647445 353.318553 109.178753 431.147307 295.787086 425.564331 475.723659 424.905872 258.327312 145.910932 343.104940 466.202746 36.769553 361.756824 323.284704 536.041976 261.627598 125.674182 
250.000000 6.000000 1.000000 a 295.530032 234.957443 198.338095 212.360542 216.517898 236.883938 374.786606 207.663189 236.008474 346.953887 182.507534 377.259857 92.086915 179.888855 326.622106 399.566015 392.944016 81.633327 59.665736 326.496554 278.632374 207.634294 219.100434 217.340746 227.727908 47.927028 373.044233 251.406046 159.878079 227.200352 77.077883 312.800256 309.510904 160.031247 328.543757 235.849528 289.389012 329.139788 79.624117 64.404969 225.938045 259.624729 89.810912 374.363460 224.379143 346.746305 367.446595 306.960910 343.257921 96.187317 388.485521 35.341194 246.629276 297.309603 254.890172 221.144749 211.683726 391.337450 303.659349 352.682577 285.112259 86.052310 291.046388 373.268000 292.289240 157.762480 114.947814 372.887382 176.782352 373.128664 384.731075 347.298143 372.592270 184.588732 261.030650 46.141088 111.664677 276.985559 316.532779 112.361025 115.883562 273.426407 268.734069 129.988461 184.100516 350.646546 375.357163 393.723253 319.920303 359.346629 201.357890 203.933813 125.717938 77.665951 231.276890 95.131488 339.666012 290.172363 322.374006 380.284104 374.638492 227.019823 341.766002 45.310043 286.665310 92.135769 47.381431 96.332757 165.414631 349.284984 402.743094 230.497288 326.441419 391.862221 322.820383 22.561028 253.653307 256.725534 231.248784 330.080293 
176.000000 5.000000 4.000000 a 403.193502 346.389954 395.258143 53.851648 64.195015 349.932851 499.649877 211.009478 37.483330 476.592069 194.879450 541.146930 164.757397 350.035712 356.742204 394.689752 439.711269 258.311827 285.959787 154.806331 24.515301 338.178947 285.240250 279.556792 271.648670 225.211012 414.638397 463.072349 159.298462 211.142132 290.337734 335.596484 243.577503 312.373174 455.763096 356.698752 106.531685 327.184963 217.680959 291.796162 378.191750 335.574135 342.649967 269.267525 219.146070 399.542238 482.080906 338.422812 411.491191 175.547714 391.310618 278.919343 8.062258 401.621713 245.735630 395.540137 402.314554 316.370037 243.310501 245.307970 110.535062 178.101095 492.122952 435.118375 397.182578 252.539106 346.439028 558.200681 255.000000 264.306640 374.711889 521.579332 390.082043 407.590481 431.207607 230.755282 149.164339 351.923287 442.549432 184.043473 251.606836 158.382449 301.378500 180.000000 79.246451 529.937732 514.377293 399.205461 208.925824 499.924994 208.389059 201.062179 211.815958 323.630963 281.368086 294.742260 436.100906 128.798292 393.029261 355.759750 517.003868 290.704317 413.319489 287.784642 434.246474 237.356272 272.360056 171.210397 101.079177 260.324797 455.057139 383.520534 306.106191 279.250783 497.346961 251.113520 254.332460 13.601471 292.720003 458.344848 
289.000000 8.000000 5.000000 a 398.829538 345.198494 405.187611 68.029405 69.028979 348.793635 495.025252 205.000000 44.283180 473.273705 193.458006 541.937266 193.196791 357.526223 342.772519 374.192464 425.114102 273.541587 315.824318 120.933866 25.079872 340.330722 281.314770 275.506806 265.384627 246.008130 400.081242 473.932485 164.268074 201.437335 321.596020 321.566478 221.382023 319.394740 452.636720 356.384624 75.584390 309.854805 250.161948 321.753011 381.650364 329.620994 365.695228 239.476512 210.344955 387.145967 476.312922 325.554911 400.930168 193.775643 372.005376 306.574624 43.324358 396.812298 233.105126 401.781035 410.965935 288.904829 222.081066 216.314586 81.252692 198.635344 500.404836 422.838030 392.634690 256.452725 364.005494 562.441108 255.994141 234.200769 354.170863 524.504528 372.907495 421.864907 435.600735 251.348364 179.805450 344.920281 439.629389 197.200406 261.874016 136.033084 290.931263 189.842040 96.664368 533.578485 511.640499 380.011842 181.686543 497.755964 203.494472 195.494245 220.658107 344.820243 275.230812 327.299557 428.896258 99.924972 383.520534 333.863745 514.743626 285.938805 403.183581 315.854397 434.936777 271.046122 292.499573 202.556165 135.723985 233.334524 440.818557 386.874657 287.111477 248.050398 500.801358 278.686203 242.538657 49.040799 287.445647 455.306490 
281.000000 4.000000 1.000000 a 383.725162 325.084604 367.228812 35.128336 51.195703 328.568106 479.941663 194.928192 36.069378 456.063592 175.727061 517.750905 131.867358 323.433146 345.092741 388.702971 428.042054 228.422853 253.268632 167.836230 57.280014 314.758638 266.390691 260.863949 254.701786 193.437328 403.079397 434.430662 136.623570 198.002525 257.965114 324.186675 240.973028 286.232423 435.185018 334.741691 118.258192 318.778920 185.690603 259.123523 353.747085 317.716855 310.137066 274.650687 205.087786 386.253803 463.249393 326.000000 396.637114 145.000000 384.200469 246.028454 25.000000 382.478758 234.307490 369.423876 374.898653 318.427386 239.754041 250.059993 120.216471 146.649241 464.655787 421.523428 377.878287 228.757514 315.356941 532.738210 233.085821 270.148108 368.913269 496.951708 381.001312 377.597669 405.997537 199.022612 116.498927 334.717792 421.886241 155.801155 224.142812 158.344561 287.341261 153.681489 52.325902 504.876222 493.325450 391.934944 212.348770 478.540489 191.509791 184.878338 185.569394 291.528729 264.200681 262.840256 418.523596 136.883162 377.457282 351.455545 495.625867 272.405947 398.116817 254.907826 411.251748 206.009709 240.636656 138.755180 70.349129 262.520475 443.000000 359.112796 299.474540 286.323244 472.474338 218.220072 242.051647 36.124784 274.774453 437.696242 
141.000000 3.000000 5.000000 a 263.210942 220.102249 311.364738 135.650286 118.701306 223.606798 356.585193 84.581322 137.032843 337.936385 94.894678 414.575687 217.204972 258.955595 192.603219 222.811580 273.979926 217.057596 321.922351 81.841310 175.025712 225.534920 153.808322 148.273396 132.943597 219.865868 249.070271 379.269034 107.280007 69.065187 335.214856 171.563399 71.840100 223.230822 318.209051 233.025750 85.440037 157.813181 281.953897 327.612576 267.839504 193.217494 330.151480 115.108644 78.816242 238.144914 336.013393 176.785180 254.031494 173.349358 220.056811 301.796289 169.446157 260.278697 87.982953 295.528340 312.237089 151.172087 71.196910 90.801982 77.491935 185.884373 395.790349 273.651238 256.813162 159.062881 303.916107 443.654145 148.141824 112.200713 202.800394 403.090561 220.818930 343.110769 321.622449 222.991031 218.652693 205.516423 306.014706 154.780490 187.672587 18.867962 146.860478 137.480908 138.220838 413.875585 376.766506 228.035085 54.120237 364.400878 87.664132 80.006250 152.003289 303.001650 142.144293 348.488163 286.832704 63.134776 238.447059 183.635509 380.841174 155.589203 256.846258 311.969550 310.420682 307.156312 253.639508 238.314918 209.618701 96.674712 289.862036 272.405947 135.003704 130.667517 381.540299 277.965825 98.478424 185.607112 155.569920 321.006230 
251.000000 6.000000 5.000000 a 173.761331 117.183617 194.537914 177.115781 165.641178 120.768373 270.118493 32.572995 193.155378 246.840029 34.928498 313.869400 178.518907 142.298981 152.463110 217.848571 230.893915 116.107709 246.400081 197.709383 243.772435 113.951744 56.568542 51.244512 49.729267 140.463518 207.280004 262.834549 75.166482 51.351728 263.153947 134.614264 130.230565 106.230881 226.013274 128.280942 186.196133 144.941367 231.449779 251.223009 156.284996 108.461975 228.711609 198.979898 44.011362 185.526278 253.211374 131.848398 191.512402 117.647779 208.312266 221.616786 223.600089 172.447093 68.876701 181.024860 196.022958 206.939605 123.555655 181.223619 178.549713 130.361037 281.625638 218.929212 167.868997 43.289722 193.023315 336.359926 31.384710 199.218473 201.308221 297.417215 196.331353 226.645097 210.736803 141.031911 191.039263 126.142776 212.809774 89.944427 80.523289 132.834483 90.470990 75.960516 159.304739 307.050484 284.692817 214.553024 157.276826 270.386760 29.529646 37.735925 62.225397 200.352190 57.706152 280.058922 209.021530 171.233758 171.143215 194.465935 287.445647 63.126856 192.210822 231.036794 206.929940 255.225391 158.094908 201.725060 211.945748 171.642069 244.174118 161.276161 139.817739 217.082933 274.262648 204.352636 66.850580 240.651200 66.007575 228.600087 
144.000000 8.000000 1.000000 a 279.177363 300.913609 420.104749 416.544115 399.572271 301.761495 311.873372 294.567480 416.146609 315.767319 322.299550 397.256844 479.009394 380.118403 183.095603 105.948101 172.652831 419.010740 555.044142 305.630496 446.284663 329.620994 281.256111 281.519093 268.600074 449.694341 170.293864 463.949351 361.088632 278.485188 572.158195 189.235303 210.297408 366.742416 309.006472 310.220889 345.913284 167.047897 537.938658 559.651677 350.682192 258.544000 521.724065 183.635509 277.704879 193.889144 290.367009 198.123699 214.755675 421.969193 119.920807 529.600793 447.343269 274.235300 244.124968 383.725162 410.463153 132.563192 212.849712 205.448290 340.242561 435.353879 452.515193 199.160739 276.030795 339.200531 471.365039 447.581278 319.803064 189.391130 114.490174 409.890229 143.097869 469.600894 379.458825 450.041109 486.400041 248.284111 306.197649 395.455434 382.200209 291.547595 229.651911 378.714932 417.560774 422.995272 341.298989 118.878089 240.052078 340.129387 300.887022 301.424949 371.474091 493.916997 266.580194 589.291100 257.007782 321.561814 224.243172 115.108644 348.212579 274.116763 219.658826 538.643667 341.796723 562.473999 461.641636 502.101583 487.754036 188.472810 180.510388 351.262010 169.711520 179.471446 402.011194 513.553308 243.248844 462.352679 269.981481 311.025722 
217.000000 5.000000 3.000000 a 366.030053 304.645696 331.689614 60.373835 74.886581 307.951295 460.822091 188.732615 78.102497 435.574333 164.684547 491.187337 81.437092 291.671048 342.125708 394.351366 423.850209 189.736660 201.791972 204.430917 108.683025 290.131005 252.097203 247.032387 244.401309 149.201206 399.382023 397.000000 121.148669 196.987309 206.341949 322.024844 255.031371 256.082018 414.787898 312.827428 156.083311 321.734362 134.238594 207.624661 326.386274 304.133195 262.148813 298.964881 202.074244 379.806530 445.920396 322.063658 387.290589 106.677083 388.119827 195.358645 76.485293 365.421674 234.616709 338.249908 340.731566 337.290676 252.438111 274.133179 155.913438 104.809351 429.776686 414.088155 360.573155 205.341180 272.237029 501.861535 213.588389 295.169443 375.150636 468.000000 381.760396 337.124606 376.463810 154.857999 65.000000 322.038818 401.453609 124.310096 192.106741 179.961107 281.442712 127.675370 48.010416 474.978947 471.534728 395.487042 235.849528 456.212670 183.991848 179.067027 157.965186 245.226426 253.197551 211.400095 403.971534 169.752761 367.087183 360.310977 473.187067 259.017374 388.128845 204.022058 386.291341 155.116086 196.022958 87.132084 24.207437 282.800283 437.979452 331.766484 305.712283 312.621177 443.162498 167.693172 240.607564 84.308956 262.000000 417.139066 
Type de surveillance de chaque endroit(target):tab[nombre de target]
a a a a a a a a a a a a a a a a a a a a a a a a a a a a a a a a a a a a a a a a a a a a a a a a a a a a a a a a a a a a a a a a a a a a a a a a a a a a a a a a a a a a a a a a a a a a a a a a a a a a a a a a a a a a a a a a a a a a a a a a 