Nombre des capteurs:
20
Nombre des targets:
120
Nombre de type de surveillance:
1

Caracteristiques:
240.000000 3.000000 4.000000 a 433.349743 314.033438 405.028394 474.788374 318.521585 139.359248 483.914249 214.443466 371.796988 36.235342 481.116410 104.043260 217.138205 311.713009 221.334588 468.124983 463.349760 226.636272 358.468967 503.135171 168.439900 108.724422 306.726262 319.081494 238.321212 434.446775 373.037532 192.720004 294.090122 254.125953 349.425242 286.923335 223.271136 204.137209 314.128954 179.877736 302.352443 459.152480 43.000000 404.604745 304.105245 383.689979 154.434452 386.745394 153.561063 447.071583 300.467968 243.199507 387.769261 408.221753 488.466990 77.524190 67.230945 248.356598 138.177422 243.526179 222.389298 316.425347 390.243514 320.362295 229.651911 263.761256 121.037184 479.296359 440.783394 62.032250 116.691902 169.811660 264.614814 417.346379 444.567205 402.776613 497.147865 168.359734 116.430237 258.048445 427.781486 124.169239 280.862956 201.896013 424.759932 241.497412 109.238272 61.983869 115.420969 31.240999 322.442243 459.461641 367.315940 473.059193 199.160739 196.977156 201.221271 201.318156 367.926623 53.712196 290.492685 324.484206 254.442528 478.173609 130.418557 218.837840 242.156974 246.586699 122.711043 171.604196 386.694970 147.078210 468.334282 462.533242 198.798893 147.363496 397.961053 272.618781 247.129521 66.000000 96.020831 126.775392 61.098281 363.572551 
262.000000 1.000000 4.000000 a 315.039680 171.303824 283.637092 335.335653 178.353581 198.829072 364.446155 167.092789 223.912930 119.151164 342.492336 110.421918 133.375410 164.222410 175.182762 323.037150 317.932383 123.166554 217.168138 366.934599 143.561833 72.006944 227.299362 250.241883 170.519794 286.555405 227.431308 80.529498 146.112970 107.377838 264.196896 153.561063 169.434353 151.162165 167.191507 120.074977 222.991031 317.529526 105.380264 277.893865 157.257750 239.365829 59.228372 239.102488 59.439044 301.039864 183.207533 96.166522 252.239965 260.654944 342.242604 70.455660 144.506055 103.368274 10.049876 160.464949 85.586214 192.439601 256.756694 195.780489 92.097774 145.670862 106.150836 348.380539 308.603305 89.140339 94.047860 73.061618 193.507106 272.132321 321.449841 258.435679 369.499662 75.239617 185.607112 111.646764 284.564580 167.737891 133.093952 247.814447 279.293752 147.732867 55.865911 171.230838 132.060592 128.444541 190.433716 329.631613 248.163253 332.320628 97.493590 52.478567 55.461698 53.338541 229.651911 105.475116 249.575640 176.555940 111.682586 347.752786 46.097722 199.449242 133.454112 131.487642 148.660687 85.475143 255.415348 73.824115 327.470609 333.594065 128.471787 29.832868 287.083612 192.387630 103.077641 82.764727 165.124196 37.443290 90.138782 217.947241 
164.000000 2.000000 1.000000 a 450.831454 237.305710 287.111477 454.859319 303.422148 74.672619 499.159293 72.835431 313.356028 111.946416 463.001080 44.181444 95.341491 254.310833 301.081384 386.000000 425.217591 262.101126 338.385874 398.758072 26.248809 72.801099 168.671278 385.966320 303.591831 372.081980 299.055179 219.385505 246.617112 225.257630 402.905696 286.457676 82.807005 277.973020 277.308492 56.222771 164.541788 367.396244 130.698125 292.328582 268.776859 353.362420 89.202018 338.687171 88.408144 406.765289 321.403174 194.115945 379.138497 342.940228 410.147534 120.702113 194.743421 189.973682 132.853303 297.058917 154.382642 209.121974 385.368655 213.234613 160.327789 284.395851 35.735137 476.774580 333.246155 107.168092 48.104054 89.000000 126.372465 382.001309 455.171396 371.429670 381.451176 85.428333 75.133215 230.243350 399.083951 47.381431 241.049787 109.877204 346.467892 120.332872 157.003185 108.577162 220.111335 154.275727 224.570702 347.908034 384.707681 449.911102 101.271911 153.652205 159.477271 172.429696 275.356133 151.743204 146.700375 276.920566 238.403020 366.531036 166.769302 315.564573 272.838780 143.087386 29.546573 78.771822 385.800467 198.517002 374.363460 349.748481 73.756356 112.538882 271.591605 329.296219 228.600087 129.015503 70.235319 155.862119 107.228727 290.496127 
166.000000 8.000000 5.000000 a 214.972091 170.000000 307.514227 250.353750 98.005102 299.482888 264.911306 256.984435 183.439363 205.936884 256.265487 211.191856 213.213508 139.312598 122.114700 294.703241 246.641440 37.643060 137.524543 360.435847 241.298570 172.817823 295.330324 164.596476 100.568385 240.784136 205.104851 34.000000 115.108644 71.196910 169.248338 62.128898 256.820949 103.077641 113.991228 212.473528 291.547595 301.240767 184.097800 294.811804 105.209315 166.904164 153.938299 184.317661 154.486245 232.594067 82.134037 101.000000 162.431524 221.616786 307.585760 155.347996 193.165732 116.103402 109.123783 80.411442 130.384048 224.859956 164.684547 226.770809 132.034087 44.598206 207.212451 254.275441 313.765836 178.036513 195.161472 162.360710 270.296134 201.427406 222.910296 185.283566 377.890196 165.529454 285.203436 70.724819 207.542767 268.575874 97.452553 348.810837 252.400475 218.508581 116.481758 263.463470 152.554908 197.941911 210.622886 337.191340 147.871566 249.451398 175.823775 101.651365 97.514102 79.309520 230.670761 172.985549 334.306745 134.316790 52.402290 353.073647 95.509162 159.201131 38.327536 188.382589 249.729854 175.775425 161.307160 83.024093 312.592386 342.312723 215.615398 127.440182 323.109888 107.004673 53.851648 162.249807 263.797271 101.237345 178.941331 196.758736 
234.000000 3.000000 4.000000 a 186.681547 188.820020 266.326867 79.309520 150.153255 491.366462 196.918765 390.947567 107.540690 433.664617 87.823687 410.118276 339.436297 163.526756 343.925864 130.464555 17.117243 268.197688 112.720894 222.182358 404.645524 376.144919 361.912973 314.758638 312.296334 70.213959 137.931142 281.042701 172.791782 207.195560 280.713377 188.809428 384.046872 334.571368 147.339743 366.750596 360.767238 164.939383 418.001196 243.895469 157.257750 81.043198 334.741691 79.056942 335.715653 15.652476 210.772389 226.715681 115.260574 93.085982 119.707978 384.130186 439.256189 228.300241 324.556621 288.916943 263.501423 253.055330 123.239604 250.714978 257.421833 228.779370 397.758721 137.014598 224.543982 403.655794 389.390549 329.802971 366.771046 46.818800 167.720005 63.694584 270.129599 333.240154 485.314331 203.088651 51.662365 460.990239 182.455474 520.772503 123.065023 324.353203 354.622334 483.735465 400.249922 437.412848 226.373585 242.860042 183.534738 68.359345 318.127333 272.737969 267.320033 262.101126 188.732615 412.534847 433.266662 141.661569 207.472890 246.714410 333.863745 382.941249 253.870045 287.647354 440.113622 339.025073 133.958949 329.620994 173.807365 248.646335 356.287805 324.422564 303.389189 289.276684 214.114455 395.001266 469.137506 335.252144 404.654173 142.635900 
232.000000 1.000000 5.000000 a 65.734314 259.110015 393.000000 158.294030 122.053267 454.932962 115.741090 405.034566 217.006912 355.347717 158.776573 366.742416 356.855713 216.448608 177.025422 313.087847 193.932978 142.888068 121.396046 400.404795 394.655546 328.402192 425.067054 114.236597 146.492321 243.583661 256.643722 181.818591 200.039996 186.131674 75.690158 114.934764 403.193502 180.036107 170.950285 363.275378 421.969193 336.582828 330.820193 374.192464 171.303824 147.122398 307.416655 192.720004 308.058436 191.400104 73.539105 226.019911 91.923882 242.330353 313.057503 306.471858 321.616231 239.002092 264.699830 131.026715 267.016853 331.843337 82.661962 332.103899 265.663321 111.198022 362.746468 129.065875 376.043880 329.492033 350.750624 313.600064 408.511934 167.215430 82.006097 152.957510 435.973623 317.001577 440.105669 181.747077 154.012986 424.123803 190.244579 504.227131 282.962895 356.073026 264.473061 414.247511 270.223981 338.740314 309.147214 399.164127 23.409400 164.195006 321.403174 248.243832 242.958844 226.450878 304.080581 315.293514 476.282479 192.210822 165.529454 410.079261 245.177487 209.954757 128.160056 320.390387 405.350466 326.810343 71.847060 222.353322 347.908034 405.087645 363.389598 282.334908 420.002381 112.000000 175.025712 310.929252 418.269052 253.071136 330.324083 252.792405 
128.000000 1.000000 5.000000 a 450.457545 197.729613 218.284218 434.400737 294.645550 136.312142 495.795321 5.099020 278.626991 181.969778 443.207626 112.361025 47.634021 225.488359 339.807298 333.917655 396.046714 283.978872 324.006173 334.522047 49.517674 122.723266 92.956979 413.730589 335.554765 331.698658 255.884740 242.860042 224.964442 218.036694 423.199716 287.341261 7.071068 315.835400 258.605878 46.000000 88.865066 310.581712 195.777935 226.417755 251.872984 332.231847 106.066017 308.369908 105.929222 377.190933 330.334679 179.961107 368.408740 302.332598 359.388369 176.323566 259.615100 170.414201 162.889533 324.075608 136.883162 150.748134 376.311042 154.635054 140.071410 296.529931 96.176920 464.806411 268.793601 169.729196 103.619496 93.145048 50.803543 356.395847 450.998891 348.638782 312.083322 90.470990 144.899965 222.865430 376.293768 117.720007 224.864404 140.577381 298.095622 62.936476 202.417885 184.287818 275.394263 221.846794 171.607109 281.042701 387.506129 427.907700 80.156098 153.883072 158.902486 176.207264 222.103579 214.114455 85.005882 251.813423 236.603043 299.282475 205.156038 361.012465 291.204396 98.412398 104.201727 80.049984 378.857493 236.541751 316.128139 282.235717 38.483763 135.484316 198.929636 355.360380 226.876618 187.925517 144.844744 194.092761 170.097031 248.485412 
242.000000 9.000000 2.000000 a 198.595065 181.595705 254.527012 92.347171 153.101274 486.856242 209.773688 384.169234 100.722391 432.140024 100.841460 406.606690 332.945942 158.660014 349.177605 117.426573 30.149627 271.860258 117.183617 209.153054 399.164127 373.230492 352.625864 323.154762 317.800252 58.309519 128.549601 282.809123 169.567096 206.038831 290.024137 192.200416 377.033155 339.045720 146.030819 361.225691 351.592093 151.990131 417.172626 232.071110 156.051274 84.581322 331.049845 74.966659 332.031625 23.853721 216.889373 223.450218 124.084649 82.734515 106.920531 383.011749 440.263557 224.198573 323.055723 294.212508 259.030886 243.944666 132.612217 241.478778 252.768669 233.070805 393.845147 150.003333 211.966979 402.124359 385.778434 325.484255 358.615393 51.865210 179.977776 68.796802 257.130317 328.878397 481.368881 202.121251 61.294372 456.694646 180.277564 514.938831 110.909873 317.176607 354.633614 481.300322 402.405268 437.172735 217.423550 230.080421 192.875608 81.394103 312.757094 269.903687 264.594029 260.232588 178.331153 412.403928 424.605699 138.311243 207.761883 233.773395 334.055385 388.352932 257.899205 280.878977 435.837126 334.341143 143.405021 331.058907 160.801119 235.849528 350.235635 321.801181 291.830430 295.853004 213.936907 394.182699 465.639345 335.010448 403.124050 133.809566 
150.000000 3.000000 5.000000 a 421.849499 227.701559 145.124085 318.127333 321.255350 496.960763 436.405774 366.460093 214.723077 497.821253 326.024539 444.182395 331.879496 250.511477 510.392006 112.294256 256.382527 424.199246 305.026228 30.232433 403.624826 425.556107 286.006993 517.176952 484.200372 182.167505 184.910789 412.950360 274.652508 320.357613 493.356869 355.009859 355.967695 492.659111 281.087175 371.840019 288.006944 90.210864 494.974747 135.329228 287.800278 277.411247 378.857493 232.544619 379.760451 247.822517 399.021303 306.419647 334.669987 183.068293 120.037494 460.913224 541.665026 295.601083 404.969135 460.619149 313.158107 219.494875 345.202839 215.390343 306.138857 397.000000 426.676693 376.430604 93.962759 471.398982 424.890574 364.407739 317.238081 261.963738 404.930858 273.484917 63.505905 366.349560 502.048802 319.765539 281.655818 474.157147 292.343975 497.378126 143.589693 306.819165 452.216762 527.311104 522.567699 521.318521 210.641876 81.154174 401.120929 307.131893 337.037090 344.762237 342.358000 350.647972 167.538055 500.783386 359.016713 258.001938 337.250649 64.070274 437.001144 548.522561 415.823280 289.337174 456.334307 365.262919 355.550278 450.241047 78.549348 81.006173 353.454382 387.856932 175.145654 474.605099 336.772921 474.936838 495.771117 432.093740 472.288048 192.961136 
273.000000 6.000000 2.000000 a 161.027948 145.454460 254.420911 99.247166 80.956779 431.422067 188.480768 340.147027 72.449983 366.972751 108.300508 347.690955 287.960067 110.258786 277.656262 154.870914 70.064256 199.624648 45.803930 243.263232 348.427898 312.385979 325.313695 258.474370 246.586699 85.428333 113.600176 211.624668 112.698713 140.890028 229.477668 119.970830 334.400957 266.986891 82.565126 311.014469 323.445513 179.847157 350.321281 233.205918 91.923882 12.806248 273.247141 39.623226 274.191539 54.451814 146.986394 165.275528 68.447060 86.469648 155.724115 316.910082 369.997297 169.496313 258.118190 222.811580 205.272989 218.011468 79.246451 216.614866 199.944992 160.996894 336.487741 139.588681 226.079632 337.037090 327.330109 270.233233 323.185705 24.083189 148.492424 13.453624 282.294173 273.775455 423.757006 136.473441 40.804412 400.524656 118.903322 465.188134 127.141653 276.305990 286.085652 418.592881 330.847397 369.033874 191.376592 248.018144 134.851770 92.417531 262.345192 209.480309 203.843077 196.705363 166.973052 344.071214 391.760131 83.761566 139.000000 256.780062 265.188612 316.947945 185.714835 238.321212 379.684079 280.560154 89.269256 260.249880 190.905736 254.017716 302.735858 260.249880 287.452605 226.373585 146.167712 327.343856 406.450489 267.001873 338.031064 113.652981 
209.000000 5.000000 5.000000 a 329.948481 126.905477 226.313941 328.709598 178.218966 197.800404 376.888578 127.059041 193.662077 154.029218 336.827849 116.107709 82.975900 132.849539 227.879354 281.469359 300.853785 162.388423 212.325222 315.963605 119.205705 85.375641 171.746907 292.801981 218.277347 255.096060 187.672587 123.405835 121.840059 99.809819 299.879976 165.423698 126.317061 204.083316 151.396830 85.146932 167.585799 271.088546 148.946299 222.029277 142.695480 227.437904 40.447497 215.745220 41.436699 282.688875 206.661559 68.352030 253.805043 227.008810 302.988449 114.908659 198.398589 66.610810 63.600314 204.071066 34.713110 135.059246 260.499520 138.600144 41.976184 172.661519 103.324731 351.432782 255.162693 126.087271 95.189285 37.443290 141.693331 256.826790 332.388327 245.692898 314.378752 41.048752 190.876924 104.809351 273.248971 166.973052 115.039124 234.648674 238.723690 92.135769 113.600176 194.257561 190.829767 175.276924 136.180028 275.203561 265.497646 323.871888 45.354162 30.232433 35.608988 52.354560 179.922205 155.425223 203.843077 152.800524 115.312619 293.646045 105.095195 255.350739 168.291414 72.449983 146.109548 49.578221 261.619953 130.942736 280.223125 278.820731 85.422479 41.880783 228.265197 234.360833 105.418215 129.003876 175.094260 96.384646 127.015747 178.361991 
228.000000 8.000000 3.000000 a 39.824616 285.364679 401.400050 85.428333 164.054869 531.128045 41.484937 462.709412 219.246437 441.371725 80.777472 442.950336 411.491191 244.738636 276.001812 286.630424 142.635900 232.847590 137.295302 378.582884 460.671249 404.728304 463.906241 207.183494 245.130577 219.002283 260.578203 266.692707 237.033753 241.979338 163.865799 179.724790 458.911756 277.953233 203.088651 425.913137 461.533314 318.001572 418.560629 380.090779 208.216234 142.337627 376.085097 186.510053 376.872658 149.856598 158.445574 278.689792 91.263355 229.836899 278.341517 390.988491 415.992788 288.425034 342.141783 228.265197 321.827594 360.006944 82.462113 359.135072 318.512166 194.997436 436.165106 33.837849 370.621100 413.726963 424.948232 378.652875 455.619359 140.698259 17.720045 135.148067 423.143002 382.231605 518.661739 237.008439 118.105885 499.795958 234.183689 575.033912 268.821502 405.123438 351.000000 499.155286 366.000000 429.439169 334.145178 391.567363 92.763139 95.462034 379.722267 312.285126 306.528955 292.849791 313.789739 405.153057 524.812347 216.813284 226.920691 398.406827 330.504160 308.933650 216.965435 367.228812 479.908325 391.062655 79.931220 311.810840 328.038108 397.543708 422.171766 354.809808 434.291377 211.037911 236.763595 397.333613 498.046183 336.859021 414.628750 260.278697 
232.000000 9.000000 4.000000 a 301.423290 221.298441 342.800233 344.104635 190.010526 226.400088 351.967328 223.271136 259.978845 117.596769 350.035712 143.125819 194.486503 204.882893 119.570063 366.356384 337.853519 95.015788 230.000000 418.861552 192.634369 109.110036 289.394195 205.973299 122.674366 321.297370 271.516114 60.207973 182.989071 137.419067 228.127158 155.823618 227.002203 96.166522 194.794764 176.102243 285.049119 365.547535 93.021503 335.483234 184.889156 257.701378 117.345643 268.246156 117.273185 322.795601 167.943443 142.611360 256.142538 298.236483 383.019582 70.724819 101.980390 153.717273 61.000000 119.854078 144.267113 252.160663 258.089132 255.280238 150.000000 130.973280 146.184815 346.561683 363.496905 93.380940 133.794619 133.221620 254.418946 292.071909 312.000000 276.523055 425.793377 134.836939 208.470621 140.117808 300.015000 197.752370 166.769302 282.973497 322.591072 210.059515 27.586228 176.708800 73.661387 104.345580 247.412611 385.389413 234.957443 343.064134 159.590100 108.406642 109.224539 98.493655 282.124086 79.555012 307.079794 210.090457 130.816666 403.060789 17.117243 139.032370 110.018180 193.744677 182.214160 144.499135 254.183005 17.204651 376.123650 389.693469 187.267189 89.106678 348.323126 151.647618 125.686117 73.239334 185.526278 28.000000 94.111636 262.230814 
251.000000 7.000000 2.000000 a 364.742375 112.791844 177.800450 345.411349 207.607803 200.489401 408.886292 93.600214 192.010416 191.436674 354.200508 136.014705 41.400483 136.857590 285.156098 260.030767 308.185009 215.752173 235.467620 279.034048 108.060168 118.726577 115.004348 345.684828 274.029196 248.131014 173.787226 179.069819 136.029409 133.360414 349.017192 204.377102 88.459030 261.489962 169.799882 70.576200 111.004504 242.684981 192.961136 177.369670 163.355441 243.213898 74.330344 220.492630 75.073298 289.375189 250.710989 93.813645 280.303407 218.769285 284.086255 161.941347 248.726758 82.619610 119.406867 258.379566 52.554733 89.442719 288.522096 93.471921 53.712196 220.056811 118.848643 376.204731 214.953483 167.430583 116.456000 57.801384 89.810912 267.755485 364.067301 259.699827 269.779540 59.076222 200.202398 137.927517 287.388239 173.011560 136.780847 222.389298 220.445004 37.363083 168.813507 219.173447 246.611030 220.410980 100.019998 232.594067 303.637942 338.998525 28.635642 81.024688 84.291162 102.489024 150.083310 203.690942 156.974520 162.864975 153.935051 251.366267 162.308349 313.249102 219.647445 19.235384 153.209008 56.859476 291.578463 188.883562 250.263861 235.440014 57.584720 93.493315 174.522205 287.569122 144.699689 176.071008 190.223553 153.026142 168.220094 165.529454 
107.000000 4.000000 3.000000 a 394.143375 124.595345 19.313208 321.056070 255.039213 356.967786 423.709806 226.417755 163.590953 364.968492 330.393705 307.379245 192.924856 163.168624 415.018072 139.807010 263.058929 331.024168 256.563832 113.216607 263.910970 292.249893 150.266430 444.814568 393.926389 177.158121 122.000000 309.095455 185.067555 222.847481 431.477694 278.115084 215.956014 394.118003 206.518764 233.154455 151.604749 105.309069 365.256075 5.099020 208.952148 241.049787 246.854208 195.726850 247.681247 246.876487 328.344331 196.369550 298.690475 156.262599 165.653252 332.669506 417.306842 182.537667 281.460477 372.335870 189.589029 84.628600 309.594897 80.802228 183.371208 314.167153 289.580731 371.892458 48.093659 340.330722 288.901367 231.086564 178.044938 243.813453 383.407094 247.163913 96.254870 232.568270 362.498276 224.147273 267.540651 334.611715 200.860648 358.235956 125.099960 167.600716 330.938061 390.114086 406.016010 392.404128 85.802098 60.083276 353.001416 311.014469 202.054448 224.742074 223.814655 236.224470 71.000000 373.893033 225.834010 183.698122 244.266248 78.771822 318.813425 450.201066 326.896008 154.350251 317.195523 230.097805 317.823851 337.800237 106.103723 62.241465 214.406157 260.432333 56.850682 393.428520 240.308136 346.878941 357.061619 312.014423 341.156855 123.685084 
271.000000 4.000000 3.000000 a 361.780320 101.843016 164.453641 338.119801 204.129861 213.190056 405.030863 101.710373 182.082399 205.119477 347.021613 149.913308 50.159745 128.809938 291.972601 247.002024 299.172191 220.056811 230.202085 265.107525 120.070812 132.400906 110.652610 349.290710 279.517441 236.966242 162.049375 184.878338 130.176803 132.230859 350.891721 203.538694 95.441081 268.508845 164.201096 83.096330 106.920531 229.106962 206.155281 163.615403 158.382449 236.239285 87.458562 211.482860 88.238314 280.321244 251.097591 92.309263 275.535842 207.562039 271.265553 174.691156 261.137895 79.649231 130.000000 263.001901 54.332311 75.591005 284.086255 79.605276 53.600373 221.822001 132.698907 370.621100 201.039797 180.800996 130.384048 71.281134 90.354856 259.624729 360.256853 252.241947 256.095685 72.718636 213.459598 136.565003 279.803502 186.131674 132.638607 233.077240 207.870152 38.600518 179.777640 233.077240 257.419890 233.540146 86.313383 218.764714 301.877459 331.400060 42.544095 86.700634 89.202018 107.042048 136.619911 216.379297 159.000000 155.566706 153.707514 237.531051 172.191754 321.124586 222.991031 5.656854 166.508258 70.774289 287.617802 197.699267 236.579796 221.652882 68.658576 105.000000 162.431524 291.496141 144.844744 188.862384 203.855341 163.294213 181.603965 154.019479 
244.000000 1.000000 1.000000 a 214.254522 89.196412 198.758648 155.128979 90.426766 388.888159 245.393561 289.006920 17.262677 337.250649 164.438438 308.910990 237.191905 60.728906 285.895086 125.992063 111.892806 201.308221 78.517514 204.435809 301.763152 276.134025 268.126836 286.251638 257.421833 70.007142 58.137767 201.246118 73.006849 114.477072 264.092787 126.063476 282.490708 270.963097 57.706152 263.873076 266.413213 140.890028 324.006173 178.241409 67.119297 61.684682 233.283090 24.186773 234.269076 93.059121 168.077363 126.321020 118.827606 50.931326 136.400147 289.262856 352.881000 126.301227 228.709423 233.413796 161.046577 160.206117 129.757466 158.685223 154.806331 169.070991 295.940872 197.767540 176.377436 307.319052 288.027776 227.501648 268.126836 74.249579 203.973037 71.344236 236.484672 230.893915 383.438391 111.400180 96.674712 358.710189 86.145226 417.948561 87.464278 223.271136 264.439029 384.688185 320.257709 345.567649 133.454112 199.424171 176.776695 147.085009 215.244048 173.184872 168.074388 165.511329 110.113578 321.278695 336.090762 42.296572 122.155638 210.544532 244.724335 325.043074 190.433716 185.924716 337.853519 236.400085 138.231690 246.789384 152.531964 205.353354 253.617823 225.222113 230.495119 244.609894 125.936492 301.159426 367.925264 244.174118 308.318018 56.515485 
248.000000 1.000000 1.000000 a 399.405809 171.330091 82.492424 307.774268 280.665281 432.240674 420.932299 301.935424 176.113600 434.736702 316.546995 379.947365 267.166615 200.024998 460.697298 100.657836 245.930885 374.706552 271.272925 38.052595 338.864280 362.243012 223.647043 476.699066 436.311815 161.793078 139.463257 359.402282 224.116041 268.001866 457.017505 310.885831 291.487564 441.643521 236.211769 307.175845 225.375243 64.031242 432.862565 70.710678 241.505694 247.945559 315.824318 200.960195 316.708067 233.345238 358.022346 249.617708 307.001629 152.472948 120.933866 399.205461 481.423930 237.693079 344.607023 413.323118 252.257805 155.241747 317.932383 151.158857 245.415973 351.176594 362.360318 363.793898 29.546573 408.823923 360.846228 300.980066 253.333772 240.018749 385.000000 248.290153 43.416587 302.803567 437.292808 268.067156 262.274665 409.400782 241.571935 433.558531 112.071406 242.074369 392.777291 463.017278 465.021505 459.509521 148.189068 20.591260 369.486130 296.951174 273.130006 285.175385 283.218997 292.909542 109.658561 439.602093 297.974831 212.473528 286.782147 18.027756 378.549865 497.892559 367.865465 225.321992 391.618437 301.358590 327.575945 393.859112 56.462377 24.083189 288.735173 326.197793 116.387285 430.223198 285.043856 413.319489 431.129911 372.978552 409.695009 145.835524 
205.000000 4.000000 5.000000 a 123.907223 180.543624 316.570687 155.051604 44.102154 392.502229 171.493440 330.800544 147.627911 304.424046 160.049992 304.253184 281.232999 138.130373 174.470628 253.254812 163.878003 105.171289 60.108236 335.180548 324.562783 265.996241 346.208030 156.064089 142.667445 187.096232 184.358347 131.468627 120.838736 109.293184 133.929086 41.231056 328.184399 166.676333 93.005376 291.158033 343.185081 271.503223 282.764920 298.613463 92.439169 92.849340 238.673417 130.357202 239.420133 154.051939 41.400483 148.717854 66.030296 178.734440 258.311827 253.663162 287.841971 160.996894 203.420746 119.507322 190.829767 252.685575 66.610810 253.023714 188.820020 64.070274 297.800269 155.666310 304.139771 276.153943 286.440221 242.563394 330.968276 123.713378 127.612695 106.780148 365.990437 246.089415 379.906567 104.623133 121.630588 361.199391 111.018017 437.548854 217.793480 278.772309 215.127869 361.487206 242.101219 296.001689 230.360587 327.685825 61.269895 155.724115 247.002024 176.139150 170.531522 155.621335 228.484135 271.182595 399.295630 115.433964 90.785461 340.036763 194.180329 213.328385 89.358827 242.404620 341.433742 255.384025 62.641839 179.201004 283.114818 333.493628 289.430475 216.400092 342.146168 120.739389 100.657836 260.892698 359.334106 199.672231 277.077606 179.293056 
255.000000 5.000000 3.000000 a 557.943546 324.234483 335.483234 555.226981 407.770769 75.325958 605.760679 122.527548 404.427991 193.499354 563.719789 143.561833 172.325274 348.855271 404.163333 460.905630 520.557394 370.049997 440.927432 455.053843 110.421918 179.047480 195.734514 492.260094 409.255421 458.904129 383.270140 327.365239 345.059415 329.370612 510.616294 393.242927 131.244047 381.776112 377.510265 146.727639 193.256306 436.231590 218.888099 347.001441 369.709345 452.951432 195.869855 432.921471 195.166596 501.780829 429.439169 295.169443 483.259765 429.504366 486.564487 220.056811 277.519369 288.534227 240.865107 404.051977 252.958495 277.362579 490.074484 281.128085 257.792552 392.562097 142.284925 580.816666 390.011538 201.457191 154.777259 192.314846 164.048773 479.333913 561.484639 470.261629 426.184232 188.732615 98.249682 334.368061 498.046183 93.171884 341.983918 20.615528 425.650091 190.520340 260.376650 155.823618 313.848690 235.552542 299.068554 399.452125 492.197115 549.481574 195.166596 258.698666 264.440920 278.729259 349.292141 241.660919 132.230859 373.851575 344.223764 416.875281 272.547244 414.609455 381.005249 224.722051 104.923782 180.069431 491.153744 303.679107 441.100895 399.782441 155.183762 220.619582 309.147214 436.295771 334.341143 224.848838 118.105885 261.963738 201.156655 375.704671 
Type de surveillance de chaque endroit(target):tab[nombre de target]
a a a a a a a a a a a a a a a a a a a a a a a a a a a a a a a a a a a a a a a a a a a a a a a a a a a a a a a a a a a a a a a a a a a a a a a a a a a a a a a a a a a a a a a a a a a a a a a a a a a a a a a a a a a a a a a a a a a a a a a a 