Nombre des capteurs:
30
Nombre des targets:
30
Nombre de type de surveillance:
1

Caracteristiques:
197.000000 7.000000 1.000000 a 269.066906 449.227114 337.083076 320.057807 373.535808 147.851277 284.838551 396.729127 164.906034 476.765141 49.010203 44.911023 346.394284 175.570499 192.626582 492.001016 76.694198 142.688472 398.548617 427.852778 36.359318 218.009174 299.292499 330.928995 306.184585 304.041116 374.040105 410.581295 484.232382 351.511024 
220.000000 7.000000 4.000000 a 203.403540 448.977728 227.528020 211.322029 260.440012 111.758669 292.104433 286.503054 87.658428 373.846225 91.607860 114.354711 219.009132 49.244289 61.131007 441.249363 134.238594 127.003937 273.117191 314.350123 116.824655 296.786118 168.315181 308.292069 284.339586 274.308221 361.773410 286.504799 435.000000 223.181540 
242.000000 1.000000 1.000000 a 267.555602 312.233887 381.567818 366.715148 418.119600 196.084166 173.487752 432.001157 238.346387 487.165270 197.699267 234.691287 428.049063 325.779066 313.461321 415.740304 143.265488 174.977141 468.241391 465.472878 175.616058 30.083218 398.869653 246.148329 228.372503 238.209991 264.077640 475.184175 406.784955 435.349285 
164.000000 8.000000 5.000000 a 92.179173 244.754980 126.321020 127.251719 140.730238 213.321354 188.724667 134.461891 208.038458 154.029218 316.840654 374.076195 208.540164 307.247457 254.064952 157.496032 293.462093 219.695243 209.678325 160.860188 324.918451 331.436268 229.995652 124.739729 125.399362 108.687626 165.855359 206.021844 153.013071 215.837902 
119.000000 2.000000 2.000000 a 203.403540 423.958724 255.313533 238.379949 290.993127 88.814413 261.681104 315.153931 88.102213 398.096722 38.078866 80.777472 261.237440 103.406963 108.853112 437.699669 80.956779 95.854056 313.536282 345.441746 62.433965 246.065032 214.560015 290.175809 265.324330 258.497582 340.332191 325.743764 430.675052 266.360658 
294.000000 9.000000 4.000000 a 112.414412 367.604407 156.259400 139.230025 193.010362 59.464275 220.102249 215.837902 18.384776 297.107725 132.098448 181.892826 177.687929 118.680243 75.106591 350.218503 137.266165 80.622577 225.000000 247.163913 149.003356 267.738679 143.401534 223.378602 200.631503 188.480768 278.485188 235.280683 344.013081 184.271539 
143.000000 4.000000 5.000000 a 290.244724 474.773630 352.423041 335.451934 388.278251 169.118302 310.357858 412.243860 182.167505 494.095133 66.128662 31.112698 356.530504 176.283862 200.084982 515.713099 102.004902 165.653252 409.646189 442.720002 60.141500 240.468293 307.429667 355.759750 330.953169 328.402192 399.340707 422.232164 508.033463 361.221539 
276.000000 8.000000 2.000000 a 20.615528 281.298774 102.552426 92.417531 135.000000 135.977939 173.046237 144.899965 127.200629 203.246156 238.025209 294.212508 173.968388 229.636670 177.552809 233.257369 220.045450 145.526630 196.155551 178.101095 247.951608 287.850656 176.776695 137.767921 123.308556 105.342299 192.353841 198.758648 227.589543 182.016483 
265.000000 6.000000 3.000000 a 252.875463 496.638702 133.454112 142.435951 111.319360 306.882714 407.835751 123.583980 268.061560 187.216452 368.419598 400.209945 72.013888 260.192237 224.877745 382.256458 386.249919 326.840940 42.449971 114.756263 390.385707 506.400039 117.613775 365.126006 355.418064 336.867927 414.382673 50.039984 381.693594 65.551506 
180.000000 9.000000 3.000000 a 154.207652 121.342490 261.174271 255.001961 285.464534 219.692968 66.483081 284.255167 242.785914 300.672579 311.192866 370.871946 338.732933 364.387157 320.031248 176.504957 264.660159 211.123187 353.004249 312.417989 307.058626 222.200360 342.235299 29.068884 46.043458 61.660360 33.541020 352.036930 167.487313 346.705927 
175.000000 7.000000 5.000000 a 196.756194 87.321246 304.573472 298.464403 328.421985 252.067451 78.236820 326.435292 278.883488 338.119801 337.218030 395.804245 382.174044 400.930168 358.503835 190.065778 286.844906 241.018671 396.188087 353.909593 330.315001 217.462640 384.959738 72.498276 87.298339 104.292857 33.526109 394.974683 181.099420 390.151253 
144.000000 4.000000 4.000000 a 220.907220 427.719534 280.071419 263.077935 316.155025 101.533246 263.696796 339.860265 109.767937 421.549523 12.041595 61.400326 288.027776 125.865007 135.558106 451.701229 66.610810 103.232747 340.129387 370.563085 37.483330 231.864184 241.480848 298.645275 273.649411 268.495810 346.602077 352.195968 444.387219 293.204707 
207.000000 9.000000 5.000000 a 159.389460 114.738834 264.425793 258.683204 287.946176 227.160736 73.409809 286.006993 249.815932 300.041664 318.954542 378.651555 342.597431 371.285604 326.583833 170.484603 272.470182 218.764714 355.787858 313.694119 314.865050 228.319951 347.139741 32.984845 52.469038 67.119297 26.000000 354.492595 161.446586 350.545290 
209.000000 9.000000 1.000000 a 277.108282 130.495211 394.462926 385.861374 422.143341 294.064619 123.308556 423.381625 330.121190 441.643521 355.449012 407.957106 467.115617 448.447321 414.479191 287.313418 298.509631 277.218326 487.894456 452.583694 341.502562 171.959298 461.157240 168.344884 173.046237 191.637679 137.753403 488.439351 278.684409 475.177861 
264.000000 1.000000 1.000000 a 311.905434 208.319466 340.577451 347.276547 337.551478 424.414891 307.514227 316.812247 429.634729 260.109592 527.092022 586.908000 417.646980 535.840461 482.958590 74.276510 490.617978 424.099045 397.905768 323.447059 529.273086 461.289497 451.100876 240.303974 263.250831 262.154535 217.168138 387.583539 81.394103 423.494982 
133.000000 1.000000 4.000000 a 101.965681 364.983561 136.297469 119.268604 173.011560 75.471849 222.991031 195.923454 37.656341 277.764289 151.953940 200.810856 159.665275 125.717938 76.687678 338.427245 156.467249 96.020831 205.876176 227.178344 169.002959 281.432052 128.701204 219.494875 197.820626 184.295958 275.234446 215.863383 332.543230 166.481230 
251.000000 5.000000 1.000000 a 191.971352 411.734138 75.000000 91.219515 37.696154 276.925983 340.383607 33.615473 245.735630 104.043260 359.034817 402.120629 89.872131 280.223125 232.690782 290.387672 362.891168 293.972788 52.392748 28.319605 377.224071 458.017467 142.562267 288.211728 282.455306 263.964013 333.397660 42.011903 289.994828 92.021737 
256.000000 8.000000 4.000000 a 76.655072 348.465206 80.224684 63.387696 117.720007 122.576507 226.318360 139.057542 93.343452 219.790810 209.458827 258.723791 123.044707 168.884576 115.256236 296.543420 208.626460 140.132081 160.262285 171.105231 225.435135 314.230807 112.271991 203.305189 185.924716 169.168555 258.853240 167.839209 291.595610 130.862523 
187.000000 4.000000 4.000000 a 266.986891 131.217377 322.307307 325.269119 328.097546 369.514546 234.882950 312.443595 380.963253 276.871811 469.323982 529.528092 403.655794 494.631176 443.605681 59.059292 428.225408 366.230802 394.220750 326.932715 468.825127 385.576192 428.612879 173.761331 198.237232 200.997512 141.947173 386.512613 56.302753 410.440008 
180.000000 6.000000 3.000000 a 318.692642 166.075284 437.603702 428.379505 466.194166 324.376325 163.453357 468.241391 362.604468 487.894456 375.704671 424.698717 508.587259 477.921542 447.250489 330.818681 317.833290 306.111091 531.241000 497.821253 359.346629 172.812037 500.023999 214.014018 217.340746 235.849528 183.831445 532.271547 322.342985 516.643010 
208.000000 4.000000 4.000000 a 350.018571 241.298570 471.683156 460.370503 503.508689 328.402192 199.401605 509.283811 369.845914 539.560006 358.644671 400.151221 535.963618 475.925414 452.951432 399.530975 301.346976 308.058436 564.982301 540.631113 338.611872 138.057959 519.773027 264.321774 261.306334 278.741816 245.751907 567.965668 390.790225 543.900726 
213.000000 4.000000 5.000000 a 109.238272 275.181758 105.380264 110.367568 112.787411 228.949776 221.948192 102.956301 217.568380 121.757957 330.629702 385.954661 186.324985 306.537110 252.794383 169.779268 312.409987 237.928561 181.176709 127.640119 340.922279 361.621349 214.462118 158.795466 159.000000 141.904898 198.806439 176.139150 166.904164 193.126901 
269.000000 1.000000 4.000000 a 93.005376 186.316934 182.236111 178.044938 204.166599 195.880065 121.433109 202.002475 205.009756 222.427516 298.303537 358.134053 262.240348 319.862470 270.085172 154.932243 263.622837 195.389355 272.356384 230.123880 301.006644 271.737005 272.530732 54.488531 57.567352 44.045431 100.463924 270.651067 147.410990 270.053698 
270.000000 8.000000 2.000000 a 270.473659 366.305883 373.100523 357.001401 410.650703 173.461811 213.700725 428.141332 212.058954 493.173397 143.892321 172.191754 407.867626 279.431566 276.383791 450.699456 98.412398 154.651220 453.100430 461.524647 119.419429 96.566040 371.748571 279.551426 258.193726 263.882550 307.631273 461.963202 442.000000 414.570862 
104.000000 6.000000 1.000000 a 253.402841 426.357831 328.038108 311.025722 365.005479 132.966161 262.154535 387.290589 155.029030 465.146214 46.065171 66.007575 342.760850 182.332115 192.917081 472.547352 55.226805 125.299641 393.742302 419.029832 23.194827 196.091815 297.892598 309.828985 285.217461 283.769272 351.980113 405.172803 464.655787 348.281495 
129.000000 7.000000 5.000000 a 149.896631 419.529498 81.688432 71.196910 105.152271 175.328264 300.674242 132.853303 135.506457 223.573254 237.894935 275.116339 61.032778 149.562696 102.181212 349.435259 253.475837 195.816240 112.361025 156.262599 258.909251 379.526020 38.470768 275.757140 259.532272 242.324163 330.650873 125.000000 345.775939 67.230945 
158.000000 3.000000 3.000000 a 234.522920 218.048160 252.121003 259.331834 248.871453 352.465601 265.377090 228.600087 352.423041 179.011173 456.396757 515.201902 328.878397 453.017660 399.606056 43.185646 425.621898 355.105618 310.091922 237.052737 461.417382 422.511538 362.860855 191.211924 209.802288 203.334699 188.939144 300.281535 49.040799 334.741691 
258.000000 5.000000 1.000000 a 123.422040 353.022662 193.507106 176.638048 230.956706 18.384776 196.573142 252.031744 25.612497 328.823661 102.156742 158.685223 220.945695 137.058382 106.230881 357.106427 95.707889 39.115214 267.217140 284.344861 114.140265 226.296266 186.638688 213.859767 189.475592 180.767807 266.390691 276.920566 350.138544 227.635674 
295.000000 4.000000 5.000000 a 229.427548 43.416587 327.928346 323.902763 347.857730 296.000000 125.207827 342.301037 320.515210 341.621135 383.481421 442.326802 408.104153 442.245407 397.905768 166.388101 333.661505 286.000000 416.635332 367.077648 377.043764 259.422435 416.062495 103.004854 123.794184 138.032605 47.095647 413.769259 157.965186 415.927878 
197.000000 8.000000 4.000000 a 84.528102 316.393742 171.991279 155.939091 209.554289 36.769553 165.435788 227.705951 47.518417 298.605090 140.292551 198.436388 213.805987 169.567096 129.757466 316.077522 121.696343 48.041649 254.489685 260.909946 148.761554 222.575830 188.986772 174.751252 150.840976 140.943251 228.442553 262.268946 309.071189 221.205787 
Type de surveillance de chaque endroit(target):tab[nombre de target]
a a a a a a a a a a a a a a a a a a a a a a a a a a a a a a 