Nombre des capteurs:
20
Nombre des targets:
30
Nombre de type de surveillance:
1

Caracteristiques:
113.000000 3.000000 3.000000 a 82.855296 455.179086 392.256294 200.202398 370.724965 451.846213 485.182440 298.613463 154.738489 280.401498 493.568638 296.168871 368.982384 214.219514 264.439029 529.849979 388.579464 223.573254 403.218303 372.323784 439.396177 339.425986 412.825629 334.252898 297.417215 353.005666 346.382736 452.603579 52.630789 214.410821 
140.000000 5.000000 5.000000 a 52.000000 353.865794 339.346431 198.237232 242.074369 330.847397 352.829987 183.839604 30.016662 293.155249 412.685110 268.411997 286.008741 225.577038 274.133179 432.023148 369.914855 201.405064 269.258240 239.470249 307.200260 227.844245 323.706657 238.096619 260.909946 235.669260 231.672182 382.001309 85.375641 161.755989 
170.000000 1.000000 5.000000 a 128.316016 264.578911 234.360833 125.590605 275.050904 265.663321 317.515354 112.605506 125.865007 213.908859 312.217873 170.651692 185.153990 155.666310 195.166596 340.424735 271.359540 114.039467 277.093847 212.896689 272.985348 149.933319 226.108381 144.003472 160.377679 166.400120 158.256122 278.460051 141.421356 63.702433 
220.000000 7.000000 2.000000 a 397.404076 196.400102 351.069794 410.019512 212.983567 92.357999 16.643317 198.657998 337.415175 467.001071 295.677189 385.876923 256.189383 436.010321 453.158913 240.636656 445.633257 381.903129 147.410990 108.903627 41.400483 178.227383 238.872351 222.575830 366.922335 153.551294 165.366260 316.425347 426.010563 335.554765 
217.000000 9.000000 1.000000 a 442.899537 298.095622 135.484316 260.572447 577.172418 394.202993 500.936124 348.810837 465.150513 187.072179 223.080703 172.525360 232.725160 246.456893 199.090432 306.104557 72.034714 243.680118 549.228550 455.923239 475.903352 332.831789 246.142235 282.605732 180.227634 355.578402 344.569296 178.361991 434.079486 279.164826 
175.000000 2.000000 3.000000 a 216.898594 173.626035 193.600103 183.991848 255.876924 172.803356 238.436574 31.048349 190.394328 248.919666 236.008474 177.002825 113.780490 210.608642 233.070805 251.406046 262.419511 157.050947 235.238177 150.136604 197.253644 55.605755 145.124085 59.000000 159.677801 75.239617 65.368188 213.466625 234.648674 109.444050 
262.000000 7.000000 2.000000 a 336.703133 251.793566 81.344945 158.028478 481.959542 332.067764 432.030092 256.019531 358.669765 105.683490 210.983412 65.787537 161.245155 149.110697 110.072703 286.714143 37.013511 137.873130 460.479098 370.293127 400.705628 248.696602 191.512402 198.517002 74.330344 273.344105 261.467015 157.155973 329.293182 172.626765 
123.000000 5.000000 3.000000 a 276.703813 267.675176 119.970830 95.084173 446.471724 332.019578 423.367453 228.980349 304.332055 63.694584 249.158584 23.021729 166.643332 87.361319 58.258047 316.526460 94.593869 77.620873 432.658064 347.610414 387.366751 232.499462 206.864690 186.217615 42.011903 257.815826 245.652193 196.580772 267.507009 120.507261 
261.000000 3.000000 5.000000 a 398.282563 182.148291 44.102154 241.373155 481.049893 279.551426 387.303499 255.162693 402.951610 208.060087 114.560028 144.312162 127.349912 240.840196 209.976189 195.971937 105.603030 212.812124 446.310430 351.688783 364.852025 230.729279 131.928011 183.218449 138.740765 251.071703 241.132744 64.124878 398.502196 227.055059 
217.000000 6.000000 1.000000 a 298.457702 204.088216 317.472833 331.006042 149.616176 119.067208 105.118980 120.208153 237.655212 399.996250 301.532751 325.852727 220.843836 359.112796 384.104153 271.648670 402.087055 306.719742 100.424101 10.440307 59.405387 120.440857 222.146348 171.046777 307.709278 97.082439 108.226614 305.119649 327.905474 256.007812 
110.000000 2.000000 5.000000 a 143.136299 249.929990 221.711524 126.372465 275.768018 253.211374 308.423410 101.118742 137.786066 211.177650 297.511344 162.606888 170.425937 156.208194 192.751135 325.631694 262.406174 110.941426 274.233477 206.072803 264.370952 136.780847 211.248669 129.251692 151.162165 154.207652 145.602198 264.229067 156.118545 58.249464 
213.000000 3.000000 3.000000 a 307.702779 89.106678 128.502918 222.712820 326.075145 142.031687 241.366941 108.415866 287.179386 253.600079 139.089899 168.344884 31.304952 241.118228 243.129595 161.136588 220.204450 189.211522 289.249028 194.609866 212.614675 75.166482 48.093659 38.118237 149.642908 94.047860 84.504438 122.155638 320.789651 162.788206 
277.000000 3.000000 5.000000 a 360.624458 42.154478 135.830777 269.903687 354.764711 129.468143 237.531051 153.052279 337.575177 289.209267 95.210294 203.708125 61.294372 285.686892 281.149426 108.046286 234.480276 235.987288 310.203159 216.333077 217.866932 112.449989 20.000000 89.844310 186.214930 122.776219 117.175083 97.185390 374.012032 214.273190 
285.000000 3.000000 2.000000 a 85.088190 406.636201 405.230798 262.606169 226.450878 370.302579 374.140348 234.079046 47.000000 357.328980 472.466930 335.596484 347.005764 288.736904 338.456792 485.275180 437.082372 267.917898 268.663358 262.606169 330.024242 278.188785 382.102081 295.895252 328.124976 281.460477 279.685538 444.703272 116.811814 228.965063 
299.000000 7.000000 5.000000 a 139.402296 345.071007 252.200317 55.036352 382.785841 369.595725 431.870351 222.656686 189.994737 141.777995 364.428319 151.953940 247.535856 72.498276 123.975804 412.941885 243.614449 81.320354 391.618437 329.370612 388.063139 252.253840 293.470612 228.650388 155.232084 273.029302 262.992395 318.628310 121.852370 93.861600 
208.000000 6.000000 4.000000 a 374.861308 263.351476 401.044885 424.057779 142.677959 160.601993 68.264193 213.588389 307.001629 493.206853 363.917573 417.892331 303.832191 452.358265 477.445285 316.077522 490.036733 400.126230 76.557168 96.005208 62.936476 209.351379 296.204321 259.254701 399.505945 184.458667 196.420467 377.708883 406.787414 349.173309 
229.000000 7.000000 1.000000 a 434.719450 45.607017 205.360658 354.684367 378.450789 115.381974 216.836344 214.462118 403.053346 371.016172 102.693719 286.216701 146.013698 370.375485 364.049447 42.720019 303.265560 320.781857 323.303263 237.976890 213.974298 170.205758 101.355809 166.412139 269.356641 168.715737 168.881615 141.428427 451.116393 297.321375 
153.000000 2.000000 4.000000 a 251.097591 186.657440 104.737768 124.579292 361.543912 237.894935 326.810343 136.473441 254.960781 155.544206 199.461776 73.979727 84.504438 140.459959 143.377125 249.002008 156.630138 90.609050 341.353190 253.298243 290.822970 135.959553 130.230565 90.022219 55.317267 161.276161 149.110697 156.732256 254.489685 81.786307 
200.000000 4.000000 3.000000 a 214.462118 251.246891 318.750686 278.976702 129.807550 191.086368 190.905736 100.801786 150.894003 360.435847 337.770632 298.283422 230.705440 308.753947 342.696659 327.123830 388.336195 261.216385 121.926207 77.794601 145.773797 131.320219 248.620192 173.216627 282.347304 120.838736 125.419297 327.495038 245.578908 207.761883 
245.000000 9.000000 3.000000 a 405.487361 37.483330 150.625363 308.327748 387.881425 141.675686 250.049995 196.206524 382.064131 318.421105 63.126856 234.446156 100.124922 321.895946 312.328353 65.299311 248.581978 274.372010 338.892313 247.341869 238.008403 154.081147 54.203321 134.766465 218.288800 160.822884 157.035028 89.269256 418.527180 256.587217 
Type de surveillance de chaque endroit(target):tab[nombre de target]
a a a a a a a a a a a a a a a a a a a a a a a a a a a a a a 