Nombre des capteurs:
50
Nombre des targets:
30
Nombre de type de surveillance:
1

Caracteristiques:
213.000000 9.000000 1.000000 a 366.174822 225.142177 297.808663 231.501620 445.148290 158.256122 343.052474 254.259710 483.372527 235.051058 394.528833 518.564364 470.239301 243.528232 227.200352 468.479455 283.769272 301.877459 284.176002 258.874487 300.081656 203.297811 513.802491 119.251834 336.514487 285.049119 469.068225 323.600062 307.079794 461.209280 
139.000000 7.000000 2.000000 a 289.401106 258.785626 293.981292 155.080624 338.245473 136.014705 223.606798 126.873953 380.157862 264.775376 294.336542 465.130089 421.236276 118.004237 216.390850 367.241065 156.204994 178.339564 195.971937 131.973482 302.238317 203.246156 482.464506 9.055385 355.681037 157.492857 352.732193 301.479684 360.190228 416.889674 
295.000000 2.000000 3.000000 a 77.388630 334.941786 267.904834 178.263849 61.400326 266.180390 136.616251 257.381040 80.099938 329.256739 24.041631 219.111844 200.339711 223.555362 253.213349 63.007936 233.529441 179.824915 124.326184 227.501648 282.708330 273.994525 286.810042 320.440322 338.940998 245.087739 123.239604 227.178344 414.879501 210.297408 
155.000000 4.000000 5.000000 a 199.288735 203.708125 112.614386 255.031371 330.945615 263.706276 364.819133 426.792690 329.631613 192.439601 285.427749 162.151164 120.353646 383.815060 184.271539 313.600064 422.143341 380.612664 252.990118 399.809955 113.846388 206.518764 111.251966 396.349593 118.127050 433.761455 394.229629 91.678787 212.983567 101.833197 
252.000000 9.000000 4.000000 a 203.088651 249.947995 253.268632 81.498466 246.840029 121.753850 140.128512 98.086696 288.173559 252.178508 202.054448 385.063631 344.308002 60.440053 182.726572 275.045451 109.123783 104.062481 108.226614 80.280757 264.877330 180.966848 413.298923 100.647901 325.399754 117.200683 265.932322 247.163913 354.176510 342.527371 
184.000000 1.000000 1.000000 a 40.718546 254.607541 195.601636 102.883429 137.568165 186.131674 140.801278 227.336755 162.249807 249.561616 80.056230 226.761990 191.689854 186.601179 171.959298 145.055162 212.849712 164.012195 55.226805 197.185192 210.601519 192.052076 271.029519 258.257623 270.562377 225.008889 190.538710 160.639348 339.370005 194.504499 
283.000000 1.000000 2.000000 a 148.296999 114.738834 61.269895 117.324337 280.401498 114.947814 260.317114 290.082747 299.774916 108.060168 223.376364 253.805043 204.443146 248.213618 43.908997 282.072686 292.022259 260.111515 138.852440 266.300582 74.946648 70.327804 246.886614 246.416314 137.905765 302.649963 333.839782 58.523500 196.209072 193.932978 
105.000000 4.000000 5.000000 a 119.707978 143.377125 86.833173 98.615415 250.505489 119.670381 233.214494 272.106597 270.512477 137.277092 193.424404 241.298570 193.072525 229.512527 65.620119 252.833938 271.287670 236.211769 111.830228 246.758992 101.414989 90.708324 245.106099 242.167298 164.012195 282.334908 303.916107 68.359345 226.035395 184.910789 
271.000000 3.000000 3.000000 a 182.603395 368.435883 272.693968 313.753088 240.410066 371.570989 338.303119 447.897310 213.740497 358.286198 226.991189 34.481879 73.437048 408.678358 313.560202 204.941455 429.130516 376.523572 277.142563 417.444607 281.831510 339.979411 125.207827 474.936838 307.470324 441.163235 299.861635 228.116198 402.196469 91.049437 
233.000000 9.000000 2.000000 a 132.672529 284.015845 253.503452 88.684835 153.378617 176.161857 69.028979 135.417872 194.589311 282.519026 109.622078 318.680090 284.740232 96.747093 202.726417 181.727818 119.820699 72.993150 55.946403 105.004762 267.725606 213.016431 363.446007 194.115945 330.647849 131.973482 178.070211 230.488611 382.214599 287.367361 
151.000000 7.000000 3.000000 a 161.913557 407.181778 319.189599 297.558398 152.397507 374.621142 271.464546 395.540137 116.004310 398.664019 161.148999 138.538803 154.547727 361.543912 336.535288 112.449989 370.951479 317.279057 248.805145 365.715737 331.603679 361.731945 228.422853 451.655842 372.228424 382.294389 204.002451 272.222336 462.776404 172.539850 
190.000000 2.000000 5.000000 a 20.024984 265.635088 199.461776 125.195847 129.251692 205.766858 153.883072 248.243832 148.296999 259.788375 74.202426 205.645326 172.742583 208.165799 184.567061 130.698125 232.206804 181.892826 78.568442 217.919710 214.373506 206.293480 254.283307 281.556389 272.200294 244.368574 186.815417 160.704698 345.752802 177.011299 
219.000000 2.000000 1.000000 a 282.363241 174.413302 228.650388 148.660687 366.305883 76.694198 273.514168 208.664803 402.951610 182.043951 313.904444 437.012586 389.278820 186.131674 153.026142 387.571929 232.331659 238.321212 202.200396 204.384442 233.653590 132.502830 437.476857 88.588938 279.508497 236.698120 395.001266 248.072570 271.884167 381.167942 
100.000000 5.000000 3.000000 a 224.722051 333.929633 238.600084 333.701963 317.844302 370.255317 396.031564 489.505873 298.377278 322.845164 291.755034 61.717096 72.062473 447.636013 298.670387 286.923335 476.185888 426.607548 310.464169 459.739056 243.238566 323.904307 32.572995 491.065169 250.459578 488.345165 380.532522 202.940878 344.363180 70.213959 
212.000000 2.000000 3.000000 a 286.027971 50.249378 141.400141 195.563289 406.970515 112.929181 351.717216 326.753730 433.041568 61.294372 349.366570 388.711976 339.023598 294.159821 102.313244 415.650093 342.953350 331.810187 243.515913 313.968151 137.974635 79.158070 362.178133 223.787846 161.548754 350.224214 452.094017 181.176709 135.712932 325.591769 
240.000000 2.000000 4.000000 a 202.871881 179.877736 91.065910 244.663034 338.000000 246.077224 362.990358 417.766681 339.802884 168.582324 289.882735 184.878338 141.173652 374.957331 165.496224 323.289344 414.981927 375.564908 247.695377 391.623544 90.785461 186.507373 135.624482 380.504928 94.366308 426.382457 400.472221 78.000000 189.391130 123.016259 
272.000000 9.000000 1.000000 a 173.807365 405.087645 313.772210 311.204113 183.847763 383.356231 298.854480 420.005952 149.083869 395.979797 186.943842 110.453610 134.260940 384.469765 338.787544 144.499135 396.769454 343.069964 265.324330 389.867926 325.259896 364.627207 201.419959 468.585104 361.221539 408.335646 237.103353 266.908224 453.745523 152.856142 
103.000000 6.000000 2.000000 a 58.940648 245.660335 159.812390 169.743925 187.448660 227.035240 232.131428 319.277309 190.286626 237.210877 142.172431 140.459959 99.624294 277.481531 177.115781 173.358011 306.471858 258.031006 140.520461 289.527201 173.173324 203.027092 177.011299 330.727985 221.386540 318.611048 250.449596 113.564959 306.574624 100.717426 
248.000000 4.000000 2.000000 a 239.140126 94.578010 50.931326 226.294056 377.482450 194.208651 370.757333 395.949492 389.236432 83.528438 322.869943 272.464677 225.577038 355.249208 116.498927 371.721670 400.655713 370.785652 249.262913 374.005348 36.235342 127.003937 226.894248 331.006042 27.313001 410.858857 435.349285 89.961103 105.574618 208.676784 
256.000000 4.000000 1.000000 a 192.260240 73.925638 73.498299 126.810883 318.680090 86.284413 281.689545 289.399378 341.621135 70.491134 261.007663 300.647634 251.023903 249.996000 10.000000 324.038578 296.939388 272.855273 163.670401 269.295377 80.305666 24.207437 286.735069 223.439030 135.712932 306.471858 368.316440 96.938125 169.711520 239.436839 
236.000000 6.000000 1.000000 a 161.400124 394.554179 342.052628 209.668786 52.810984 300.707499 85.586214 216.226733 95.880134 390.866985 74.946648 308.475283 292.720003 195.017948 310.885831 93.300589 185.270073 136.528385 159.380049 190.709203 357.050417 326.827171 379.300672 314.428052 416.941243 194.671518 50.249378 306.315197 484.421304 302.978547 
247.000000 6.000000 4.000000 a 291.430952 225.577038 270.248034 154.029218 355.844067 111.323852 249.288989 164.584325 395.834561 232.458598 307.923692 459.322327 413.493652 149.833241 192.634369 381.791828 191.981770 207.696895 202.039600 165.939748 277.050537 176.028407 469.140704 35.227830 327.074915 194.465935 376.336286 283.240181 324.866126 407.443248 
245.000000 2.000000 4.000000 a 150.572242 225.656819 211.513593 33.241540 213.234613 110.494344 131.518060 141.152400 250.960156 225.621364 162.225152 331.006042 290.077576 98.478424 148.808602 236.222353 141.509717 114.690889 56.639209 115.948264 224.403654 154.175225 359.706825 146.659470 286.722863 152.108514 243.665755 199.271172 327.282752 288.405964 
126.000000 6.000000 5.000000 a 142.435951 355.574184 262.834549 277.893865 192.761511 343.093282 291.343440 403.707815 167.967259 346.157479 179.524372 71.589105 83.240615 365.395676 292.656796 158.142341 383.782490 330.783917 237.200337 373.250586 273.885012 318.851062 158.382449 438.247647 308.561177 395.738550 252.976283 216.233670 401.360187 101.518471 
119.000000 5.000000 3.000000 a 382.507516 294.151322 353.544905 245.448569 436.606230 198.123699 319.695167 208.009615 478.565565 302.914179 392.500955 551.449907 505.407756 211.021326 277.431073 465.580283 241.074677 272.209478 291.204396 221.531036 358.520571 257.421833 559.171709 89.894382 402.613959 239.075302 449.320598 371.247896 383.950518 499.009018 
299.000000 3.000000 3.000000 a 141.428427 385.332324 327.273586 207.617437 26.627054 299.046819 104.004808 235.274308 71.700767 380.926502 54.561891 281.007117 266.580194 210.304541 301.850957 66.640828 205.779008 154.673850 154.719100 208.216234 342.252831 319.530906 353.226556 324.913835 400.824151 215.863383 58.249464 289.394195 471.851672 277.431073 
207.000000 3.000000 3.000000 a 125.602548 164.222410 73.171033 161.198635 264.236636 181.397354 276.826661 332.728117 273.695086 154.741720 211.766381 187.523332 137.844115 289.761971 110.634533 256.267438 328.635056 288.600069 160.723365 305.895407 86.145226 136.652845 180.369066 307.826250 136.565003 340.154377 324.205182 26.476405 219.494875 126.372465 
246.000000 1.000000 4.000000 a 203.678668 160.524141 180.069431 71.386273 292.684130 31.144823 213.845739 186.142419 327.319416 163.682620 238.436574 363.141846 316.622804 150.986754 103.174609 311.448230 199.724811 188.904738 125.765655 170.836179 189.129585 94.556861 371.636920 117.388245 245.448569 207.562039 326.879183 187.360615 264.969810 310.098371 
257.000000 2.000000 5.000000 a 241.234326 59.405387 52.345009 208.021633 377.461256 165.060595 358.587507 373.172882 393.178077 48.259714 321.236673 296.966328 248.646335 333.640525 92.574294 375.490346 380.295937 354.090384 237.625756 352.854077 40.112342 97.672924 257.978681 300.601065 56.320511 389.991026 432.695043 99.181652 97.508974 232.774569 
266.000000 3.000000 5.000000 a 203.179723 100.603181 124.739729 101.079177 315.298271 35.000000 257.769277 246.710356 344.036335 102.727796 258.118190 337.005935 288.175294 209.723628 47.434165 327.000000 258.001938 240.831892 149.646250 229.473310 131.745968 32.984845 331.995482 172.142383 185.083765 266.580194 358.280616 142.172431 204.685124 278.603661 
112.000000 3.000000 3.000000 a 228.982532 39.217343 57.801384 178.868667 361.566038 130.230565 332.704073 340.424735 380.825419 29.427878 304.384625 307.548370 258.154992 301.597414 61.846584 363.111553 348.832338 325.000000 213.215853 321.012461 53.740115 63.063460 277.892065 265.544723 91.087870 358.217811 414.120755 101.242284 118.444080 243.772435 
237.000000 7.000000 1.000000 a 256.797586 421.521055 398.302649 226.556836 187.552659 300.629340 83.677954 122.036880 230.325856 421.445133 188.520556 430.227847 406.036944 129.340636 343.559311 228.035085 89.140339 81.688432 200.571683 112.805142 412.419689 350.052853 490.324382 253.179778 475.378796 91.268834 157.384879 374.774599 522.850839 412.685110 
172.000000 2.000000 1.000000 a 183.774318 290.082747 277.194877 99.297533 199.529446 167.863039 85.005882 84.528102 242.853866 290.688837 161.443489 370.000000 333.997006 43.462628 214.972091 231.352545 76.902536 51.312766 95.336247 55.145263 290.341179 218.908657 409.939020 149.452334 352.852660 88.283634 212.607620 261.938924 392.689445 335.232755 
299.000000 4.000000 4.000000 a 223.575491 41.436699 58.412327 170.941510 355.337867 122.641755 325.043074 332.388327 375.202612 33.060551 298.041943 306.843608 257.303323 293.537050 53.907328 357.498252 340.771184 317.042584 205.800875 312.950475 56.400355 55.317267 279.565735 258.327312 98.000000 350.155680 407.427294 99.724621 126.063476 243.310501 
218.000000 9.000000 5.000000 a 132.196823 236.577683 140.406553 221.686716 256.400078 257.070029 304.586605 383.885400 252.604434 226.241022 214.674172 110.476242 60.835845 341.235989 188.732615 236.881827 374.033421 327.673618 204.479828 354.953518 149.402142 214.741705 111.323852 377.461256 179.805450 386.063466 320.263954 97.061836 273.016483 48.270074 
126.000000 5.000000 1.000000 a 83.450584 222.281353 179.136819 55.072679 175.262660 140.160622 141.014184 198.816498 205.350919 218.835555 118.207445 262.961974 222.991031 156.160174 138.636215 188.767052 190.591186 148.761554 20.880613 170.105849 193.724031 154.951605 295.758347 212.934262 256.284998 202.417885 220.510771 153.873325 314.607692 222.427516 
196.000000 6.000000 1.000000 a 63.890531 319.188032 253.314034 163.049072 75.292762 250.457581 133.555232 249.707829 96.130120 313.600064 25.632011 218.185701 195.971937 214.401493 237.305710 79.000000 227.343353 173.850510 109.444050 219.531319 268.173451 257.992248 281.902465 307.585760 325.084604 239.117126 135.103664 213.328385 399.929994 204.714435 
166.000000 3.000000 2.000000 a 166.760307 291.496141 271.950363 96.674712 180.227634 173.666347 71.021124 100.881118 223.293529 291.331426 141.598023 352.978753 318.100613 61.911227 213.693706 211.627030 88.022724 49.648766 82.298238 70.604532 285.559101 220.002273 395.464284 167.600716 348.414982 100.000000 195.734514 253.617823 392.781110 320.039060 
220.000000 3.000000 2.000000 a 109.931797 191.760267 159.012578 31.304952 209.160226 106.705201 164.054869 199.642180 239.253004 189.156020 152.210381 279.034048 235.715931 156.719495 108.724422 222.575830 197.185192 162.360710 45.177428 173.277235 172.887246 122.772147 302.062907 192.041662 235.849528 208.369863 253.001976 141.661569 287.327339 232.544619 
297.000000 8.000000 4.000000 a 87.321246 317.238081 229.427548 223.606798 157.098695 292.359368 241.267486 349.692722 143.840189 308.648668 132.015151 110.018180 94.371606 310.845621 248.131014 129.799846 330.796010 278.296604 182.002747 319.231891 242.095023 273.760845 180.693110 383.463166 285.308605 342.838154 220.639978 182.537667 374.172420 107.615055 
276.000000 9.000000 1.000000 a 104.004808 214.373506 180.313616 34.928498 190.168346 123.101584 141.428427 185.010810 222.409532 211.896201 134.134261 281.886502 240.852652 142.031687 131.487642 206.194083 179.694185 141.947173 23.086793 157.318149 194.427364 144.931018 311.438597 192.520129 257.381040 191.211924 231.728289 160.012500 310.111270 239.401337 
129.000000 8.000000 2.000000 a 175.328264 262.230814 166.138496 267.441582 291.384626 297.874134 348.690407 430.255738 282.072686 251.294648 254.230211 92.135769 52.924474 387.620949 225.219893 267.606054 420.144023 373.301487 250.798724 401.277959 171.828403 250.379712 65.459911 421.674045 187.259179 432.195558 355.523558 129.402473 282.294173 34.438351 
173.000000 5.000000 1.000000 a 212.551170 61.846584 34.985711 175.866427 347.351407 139.057542 326.038341 342.616404 364.671085 51.546096 290.697437 284.810463 235.467620 302.575610 61.983869 346.953887 348.833771 321.794966 205.138977 321.636441 32.449961 72.111026 255.618857 276.016304 81.584312 358.699038 401.632917 79.075913 128.280942 220.988687 
112.000000 9.000000 5.000000 a 321.645768 160.078106 234.388566 194.486503 415.650093 108.632408 327.818547 262.457616 450.471975 169.920570 361.614436 462.615391 413.580706 241.350368 166.901168 434.521576 287.139339 293.574522 248.917657 259.422435 235.925836 141.767415 452.624568 135.074054 271.370595 291.109945 447.362269 262.840256 245.344656 403.407982 
256.000000 1.000000 4.000000 a 241.006224 396.692576 375.587540 202.299283 185.431928 275.203561 68.007353 101.271911 229.706334 396.793397 178.664490 418.551072 392.062495 104.546640 319.330550 225.470619 67.475922 56.586217 178.941331 88.814413 389.549740 325.272194 475.290438 229.593118 452.515193 71.840100 163.893258 353.475600 498.383387 397.786375 
139.000000 3.000000 5.000000 a 69.462220 213.251026 161.941347 69.310894 179.477018 144.920668 160.181147 221.731820 205.294910 208.777393 121.753850 242.627286 201.479527 179.011173 129.988461 188.095720 213.527516 170.988304 43.416587 193.093242 176.776695 149.281613 273.075081 230.217289 238.673417 225.375243 229.455878 133.461605 301.504560 200.282301 
230.000000 2.000000 5.000000 a 185.873613 77.884530 64.132675 128.600156 314.340580 95.036835 281.716169 294.151322 336.148777 73.006849 256.783956 290.396281 240.740524 254.159399 14.035669 318.512166 300.592748 274.803566 162.409975 273.270928 72.000000 34.828150 276.115918 231.952581 129.541499 310.367524 365.141069 86.313383 169.425500 229.008733 
118.000000 6.000000 3.000000 a 330.492057 284.288586 327.989329 196.010204 375.686039 168.860889 257.001946 146.577624 418.294155 291.348588 333.478635 505.889316 461.677377 148.070929 250.217905 405.842334 179.069819 209.258214 236.907155 158.710428 335.276006 234.616709 521.584126 34.985711 386.032382 177.814510 386.680747 338.496676 382.498366 456.991247 
127.000000 6.000000 3.000000 a 239.710242 80.709355 48.877398 218.929212 377.446685 182.701943 365.961747 387.056843 390.773592 69.641941 322.133513 282.081548 234.554898 346.780911 106.606754 373.172882 392.703450 364.232069 244.493354 365.728041 34.000000 115.277925 239.140126 319.126934 37.215588 402.715781 434.331671 92.444578 100.662803 218.048160 
176.000000 2.000000 5.000000 a 269.386340 74.525164 78.390050 239.954162 406.647267 193.545860 390.486876 404.120032 420.789734 65.375837 350.910245 309.893530 263.058929 364.939721 124.036285 403.160018 411.825206 386.063466 269.408612 384.240810 63.906181 126.826653 262.122109 327.331636 40.459857 421.411913 462.795851 122.971541 70.092796 246.148329 
Type de surveillance de chaque endroit(target):tab[nombre de target]
a a a a a a a a a a a a a a a a a a a a a a a a a a a a a a 