Nombre des capteurs:
30
Nombre des targets:
70
Nombre de type de surveillance:
1

Caracteristiques:
145.000000 9.000000 1.000000 a 339.425986 412.825629 334.252898 297.417215 353.005666 346.382736 452.603579 52.630789 214.410821 156.028843 443.527902 149.110697 512.465609 304.174292 179.694185 178.443268 204.012255 76.419893 243.402958 223.660457 499.225400 490.102030 172.568827 369.151730 271.118055 417.834896 321.006230 365.636431 540.703246 344.815893 481.601495 68.154237 364.516118 156.818366 415.481648 376.311042 274.417565 465.213929 271.073791 158.445574 96.046864 190.588562 295.025423 438.881533 176.465294 426.878203 346.878941 323.867257 456.773467 380.678342 280.130327 315.762569 369.542961 374.476969 116.211015 200.870605 295.000000 425.403338 295.001695 247.406548 149.214611 197.202941 454.138745 311.314953 426.568869 218.341476 287.960067 407.653039 428.914910 315.296686 
205.000000 5.000000 3.000000 a 227.844245 323.706657 238.096619 260.909946 235.669260 231.672182 382.001309 85.375641 161.755989 163.517583 317.039430 176.173210 383.512712 188.279048 57.384667 138.755180 137.360839 118.258192 114.017543 137.131324 377.047742 359.673463 44.777226 300.426364 254.848975 289.228284 254.436633 268.001866 421.413099 345.637093 371.194019 98.508883 254.348187 173.807365 352.036930 258.118190 151.433154 354.193450 210.646624 39.319207 83.006024 57.489129 184.024455 368.000000 134.629120 362.794708 269.046464 197.253644 388.032215 245.904453 148.660687 318.209051 311.269979 311.647236 29.154759 66.241981 271.919106 309.962901 271.464546 147.800541 171.679935 159.881206 376.830200 280.471032 322.691803 89.140339 158.391919 332.150568 387.093012 223.304725 
110.000000 9.000000 4.000000 a 149.933319 226.108381 144.003472 160.377679 166.400120 158.256122 278.460051 141.421356 63.702433 112.004464 263.706276 134.372616 335.059696 118.726577 143.178211 59.665736 36.235342 129.468143 166.964068 34.205263 313.292196 316.483807 74.793048 196.002551 163.355441 242.668498 149.482440 175.316856 352.320876 255.976561 290.657874 125.399362 174.155103 125.004000 247.291326 189.620674 101.414989 274.404810 106.042444 68.007353 181.705806 89.274856 106.667708 264.425793 56.089215 258.156929 166.207701 240.707291 284.176002 245.589088 186.196133 231.041122 206.194083 206.700266 93.770998 102.532922 175.855054 236.190601 175.236982 56.639209 128.316016 72.945185 274.925444 180.944743 235.535560 150.655236 127.251719 229.366519 282.846248 126.087271 
252.000000 3.000000 1.000000 a 178.227383 238.872351 222.575830 366.922335 153.551294 165.366260 316.425347 426.010563 335.554765 414.004831 58.240879 437.640263 45.122057 192.346042 323.488794 357.962289 320.477768 432.902991 269.462428 288.321002 90.338253 16.278821 306.080055 298.760774 403.001241 65.734314 300.166620 210.440015 131.244047 472.771615 157.813181 423.095734 169.755707 426.517292 326.741488 136.033084 207.966343 150.894003 315.192005 320.062494 421.473605 289.705022 208.146583 310.228948 355.928364 328.709598 271.035053 238.757199 324.679842 136.312142 237.356272 461.650301 328.841907 316.951100 362.270617 282.124086 395.790349 128.035151 394.792350 257.963176 431.601668 358.586112 292.911249 383.199687 181.648011 287.067936 190.541334 285.212202 399.566015 239.033470 
296.000000 8.000000 5.000000 a 332.831789 246.142235 282.605732 180.227634 355.578402 344.569296 178.361991 434.079486 279.164826 304.962293 426.757542 311.173585 478.850707 351.876399 483.649667 303.981907 305.004918 385.695476 498.934865 316.526460 420.576985 481.394848 415.245710 190.829767 191.133461 433.004619 212.136748 280.743655 422.143341 121.823643 347.334133 401.646611 326.381678 303.145180 158.145503 361.354397 380.636309 345.144897 237.966384 407.413795 502.380334 427.889004 337.379608 179.644093 307.826250 157.695910 225.800797 557.247701 171.746907 515.097078 507.026627 148.569849 162.409975 171.965113 420.297514 439.476962 170.141118 356.545930 170.449406 325.829710 310.757140 282.194968 202.940878 160.224842 304.253184 487.345873 410.131686 199.449242 85.094066 277.043318 
122.000000 6.000000 3.000000 a 55.605755 145.124085 59.000000 159.677801 75.239617 65.368188 213.466625 234.648674 109.444050 189.781453 176.173210 213.550931 247.776109 36.496575 196.040812 134.238594 96.607453 223.664928 187.619295 66.287254 220.227155 232.606965 137.673527 141.777995 186.271308 160.461833 109.622078 87.475711 257.856549 269.473561 196.229458 220.238507 79.309520 201.896013 192.626582 97.529483 59.405387 179.805450 98.351411 141.989436 263.440695 137.091211 19.235384 200.092479 132.823191 201.675482 104.694795 236.135554 220.707952 200.823305 188.151535 251.730014 163.682620 158.294030 179.847157 142.284925 185.884373 141.598023 184.954048 38.209946 207.617437 132.698907 203.420746 179.824915 143.125819 183.414830 88.391176 162.742127 247.842692 49.979996 
247.000000 1.000000 4.000000 a 248.696602 191.512402 198.517002 74.330344 273.344105 261.467015 157.155973 329.293182 172.626765 202.200396 358.308526 211.400095 419.314917 260.019230 377.690349 197.327140 198.829072 282.708330 395.915395 212.424104 367.066751 416.273948 309.386490 120.104121 87.091905 358.131261 120.768373 205.975727 380.110510 64.513564 301.303833 297.437388 248.652368 202.039600 118.308918 284.017605 283.621226 294.244796 135.148067 301.059795 396.167894 322.837420 244.073759 149.883288 201.136769 125.670203 145.523194 458.381937 155.080624 426.004695 406.616527 72.180330 91.049437 104.120123 313.555418 334.910436 64.132675 292.225940 64.327288 224.859956 210.116634 175.513532 175.960223 53.712196 247.008097 383.046995 314.249901 148.475587 80.622577 187.829710 
194.000000 7.000000 1.000000 a 232.499462 206.864690 186.217615 42.011903 257.815826 245.652193 196.580772 267.507009 120.507261 139.359248 352.115038 148.485690 418.431595 234.008547 325.262971 139.542108 147.989865 220.004545 350.052853 167.886867 372.236484 411.098528 257.856549 134.182711 24.515301 346.317773 110.548632 202.800394 392.746738 73.239334 314.455084 235.255181 239.169396 139.032370 154.857999 272.888256 249.593670 304.384625 99.724621 247.735746 336.150264 273.470291 216.946998 186.131674 143.589693 164.830216 144.544111 418.401721 196.824795 398.389257 364.978082 53.851648 113.225439 125.095963 255.853474 286.574598 13.000000 292.249893 14.000000 186.590461 147.122398 118.207445 210.237960 31.384710 255.391856 334.790980 280.893218 172.362989 139.176147 170.299736 
158.000000 6.000000 1.000000 a 230.729279 131.928011 183.218449 138.740765 251.071703 241.132744 64.124878 398.502196 227.055059 282.349075 313.542661 296.735573 363.352446 256.912436 416.480492 260.192237 247.267062 358.934534 419.200429 247.648945 304.690006 366.870549 349.493920 91.065910 174.244082 322.297999 130.080744 174.091930 306.780052 163.682620 231.417372 369.660655 219.658826 285.576610 45.000000 253.314034 291.741324 229.264040 173.046237 345.752802 456.123887 357.393341 244.969386 63.788714 263.093139 42.154478 128.471787 467.058883 58.855756 412.952782 420.733883 175.385290 72.277244 74.732858 368.761441 366.547405 149.053682 242.837394 148.647233 247.426757 294.090122 239.534966 88.022724 128.875909 189.475592 412.059462 318.403832 86.284413 33.136083 183.504768 
231.000000 5.000000 4.000000 a 120.440857 222.146348 171.046777 307.709278 97.082439 108.226614 305.119649 327.905474 256.007812 328.239242 85.702975 351.331752 139.402296 114.586212 224.200803 272.767300 236.611496 338.337110 172.791782 204.352636 152.610616 113.278418 207.547585 261.910290 337.136471 53.758720 247.872951 173.233946 200.878072 417.432629 187.114938 327.012232 127.561750 341.115816 302.372287 94.921020 116.297033 172.696265 248.622203 222.146348 321.740579 190.420587 131.848398 295.237193 270.148108 307.657277 227.264163 159.003145 313.576147 69.771054 143.961800 401.519613 290.396281 280.750779 263.948859 182.452734 335.161155 127.812362 334.200539 175.025712 345.249185 277.180447 285.408479 326.718533 176.875663 188.671672 93.621579 262.360439 370.826105 180.941980 
133.000000 1.000000 4.000000 a 136.780847 211.248669 129.251692 151.162165 154.207652 145.602198 264.229067 156.118545 58.249464 117.957620 252.685575 141.056726 324.237567 107.354553 153.521985 63.000000 31.304952 142.341140 172.557237 19.416488 300.800598 306.400065 85.234969 182.098874 157.746632 232.690782 136.066160 160.589539 339.165152 250.049995 276.588141 139.312598 160.527256 130.862523 233.619349 177.282261 94.339811 260.432333 94.339811 80.411442 196.127510 97.349884 94.302704 250.199920 60.074953 244.401309 151.743204 243.378306 270.046292 241.993802 189.156020 226.019911 193.196791 193.256306 108.342051 109.635761 168.439900 222.928240 167.764716 43.278170 134.974072 72.124892 260.363208 172.046505 221.056554 157.892368 122.147452 214.932548 271.007380 111.233988 
146.000000 3.000000 3.000000 a 75.166482 48.093659 38.118237 149.642908 94.047860 84.504438 122.155638 320.789651 162.788206 245.489307 167.370846 267.824569 229.218237 108.157293 293.001706 197.570241 165.592874 299.546324 279.951782 146.013698 181.024860 225.228773 233.931614 73.925638 191.481070 169.664375 81.024688 17.029386 203.901937 249.339126 128.015624 301.033221 62.801274 255.123500 112.432202 97.416631 148.489057 115.550855 115.935327 236.712906 357.761093 234.136712 101.271911 110.059075 198.040400 118.562220 47.042534 316.205629 130.146072 256.007812 274.344674 241.466354 103.817147 92.612094 271.737005 239.075302 178.373204 102.019606 177.386583 128.319913 262.680414 185.970428 108.415866 162.520768 67.119297 278.469029 169.944108 74.060786 180.886705 53.851648 
148.000000 2.000000 3.000000 a 112.449989 20.000000 89.844310 186.214930 122.776219 117.175083 97.185390 374.012032 214.273190 295.736369 164.304595 317.491732 214.009346 151.330764 341.708940 249.609695 218.490274 352.274041 323.360480 199.210943 157.407115 216.787915 284.971928 92.962358 230.325856 176.388775 121.490740 59.841457 169.011834 274.242593 90.094395 354.132743 90.138782 304.763843 106.901824 115.762688 193.209731 83.024093 164.103626 288.617394 409.941459 283.698784 148.165448 89.587946 250.281841 107.935166 86.023253 350.891721 105.645634 279.014337 313.614413 271.412969 120.503112 107.377838 324.450304 287.503043 213.377600 93.493315 212.445287 180.646063 312.569992 236.888159 75.822160 194.797331 39.395431 324.302328 210.280765 66.287254 179.936100 107.018690 
147.000000 3.000000 1.000000 a 278.188785 382.102081 295.895252 328.124976 281.460477 279.685538 444.703272 116.811814 228.965063 225.019999 350.351252 234.437625 411.526427 237.446836 48.259714 205.428820 204.284116 165.496224 106.508216 201.556444 414.276478 385.394603 101.079177 364.428319 321.502722 320.089050 319.427613 324.353203 460.765667 411.636976 418.412476 143.387587 304.632566 234.053413 416.386839 302.332598 196.743488 401.329042 276.990975 103.160070 58.940648 100.623059 236.755148 430.785329 201.357890 426.937935 331.665494 178.731642 451.066514 252.620268 143.735869 383.860652 376.750581 376.494356 90.210864 99.297533 338.992625 354.887306 338.551326 208.021633 230.672929 226.773014 438.001142 347.701021 374.766594 84.958814 194.092761 394.324739 453.710260 283.063597 
244.000000 8.000000 3.000000 a 252.253840 293.470612 228.650388 155.232084 273.029302 262.992395 318.628310 121.852370 93.861600 11.704700 373.626819 18.110770 445.314496 228.980349 216.453228 63.560994 101.237345 70.611614 262.413795 132.853303 416.509304 428.842628 161.919733 237.674147 126.003968 355.449012 191.668985 258.147245 450.708331 203.027092 380.927815 88.391176 272.341697 14.212670 279.100340 295.194851 217.671771 366.259471 143.405021 145.962324 196.369550 183.439363 214.107450 305.511047 65.192024 290.428993 223.215143 343.493814 321.701725 361.034624 289.698119 173.954017 232.490860 239.426398 131.821849 198.295234 150.163245 335.490685 150.213182 163.193137 12.369317 70.092796 324.024690 167.323041 321.068529 240.435022 243.821656 278.354091 285.156098 207.870152 
222.000000 6.000000 1.000000 a 209.351379 296.204321 259.254701 399.505945 184.458667 196.420467 377.708883 406.787414 349.173309 419.634365 120.104121 442.398011 121.412520 207.894204 287.902761 364.664229 329.097250 423.483176 226.920691 297.015151 169.008876 94.540996 287.336040 346.192143 430.131375 104.403065 337.480370 255.882786 210.774761 508.802516 231.036794 410.147534 210.641876 432.585252 381.634642 175.316856 207.472890 221.400090 341.439599 303.310072 388.294991 267.615396 225.144398 369.682296 361.864616 385.368655 313.746713 177.019773 386.160588 80.808415 190.591186 493.817780 375.659420 365.005479 343.169055 256.813162 427.351144 188.175450 426.380112 268.067156 436.326712 370.001351 355.600900 418.001196 242.835335 248.654379 181.176709 340.330722 452.762631 271.370595 
255.000000 2.000000 5.000000 a 170.205758 101.355809 166.412139 269.356641 168.715737 168.881615 141.428427 451.116393 297.321375 379.717000 156.118545 401.758634 177.259696 210.850658 402.951610 332.015060 299.200602 433.206648 374.049462 276.875423 115.108644 190.965966 353.021246 173.219514 313.823199 181.069048 206.118898 135.092561 103.324731 349.985714 43.908997 433.498558 143.680200 389.034703 170.179317 151.162165 251.771722 56.320511 248.638291 359.155955 480.242647 348.080450 213.251026 142.031687 332.385319 166.243797 170.801054 384.949347 147.979728 297.321375 357.050417 350.408333 197.327140 184.382754 397.694606 349.252058 295.629836 102.703457 294.730385 254.530941 396.737949 320.413795 117.106789 276.175669 74.732858 379.717000 260.731663 137.640837 238.033611 186.010752 
127.000000 8.000000 4.000000 a 135.959553 130.230565 90.022219 55.317267 161.276161 149.110697 156.732256 254.489685 81.786307 154.207652 256.007812 174.450566 323.394496 140.872283 269.898129 117.443603 99.045444 221.108571 279.846386 100.304536 280.130327 315.006349 202.071769 73.389373 91.923882 249.689808 26.076810 109.895405 305.098345 164.757397 228.973798 228.232338 143.013985 161.817799 120.813906 176.343415 163.248277 216.787915 25.179357 197.433533 308.162295 211.804155 124.422667 143.003496 119.570063 132.098448 59.665736 338.710791 161.074517 306.882714 287.767267 150.096636 77.103826 79.511006 220.445004 222.265607 83.725743 198.668065 82.734515 106.400188 170.000000 99.538937 159.314155 74.094534 168.190368 269.436449 193.829822 113.145923 154.146035 73.681748 
167.000000 8.000000 5.000000 a 131.320219 248.620192 173.216627 282.347304 120.838736 125.419297 327.495038 245.578908 207.761883 266.608327 166.373075 288.140591 226.141549 99.020200 137.277092 214.553024 183.133831 262.429038 90.520716 154.042202 232.019396 200.322240 125.717938 265.047166 301.877459 135.325533 236.177899 190.002632 279.658721 390.508643 249.256896 248.583990 152.554908 279.580042 313.547445 135.059246 68.600292 232.776717 219.385505 141.675686 234.827596 106.437775 111.521298 315.293514 211.142132 321.400062 227.622494 111.305885 335.477272 91.021975 71.568149 369.898635 289.110705 282.605732 181.747077 96.798760 306.297241 184.610401 305.439028 131.061054 282.177249 224.588513 312.533198 303.199604 219.790810 102.956301 38.183766 278.657496 373.262642 173.046237 
294.000000 3.000000 1.000000 a 154.081147 54.203321 134.766465 218.288800 160.822884 157.035028 89.269256 418.527180 256.587217 336.609566 181.024860 357.761093 217.830209 194.023194 385.591753 292.330293 262.251787 395.647570 364.927390 243.846263 156.668440 226.355914 329.674081 121.078487 262.937255 199.401605 158.448730 104.560987 154.935470 295.480964 81.344945 398.120585 129.757466 345.057966 115.524889 149.576068 236.033896 83.216585 204.352636 333.493628 454.842830 327.964937 192.044266 88.204308 293.211528 112.000000 124.651514 387.640297 96.566040 309.497981 353.134535 296.588941 143.544418 130.782262 369.358904 331.360831 243.606240 114.039467 242.736483 225.568172 353.058069 278.600072 64.536811 223.651515 63.324561 367.001362 251.149358 83.570330 184.458667 151.713546 
201.000000 5.000000 3.000000 a 324.013889 402.616443 322.024844 296.027026 336.359926 330.311974 446.346278 36.674242 208.079312 158.492902 424.725794 155.270731 492.946245 287.570861 155.128979 172.965314 194.797331 77.878110 219.020547 211.539594 481.768617 470.026595 152.003289 362.626530 273.001831 398.322733 314.356486 353.362420 524.103997 350.960112 467.081363 63.007936 349.566875 161.297861 410.365691 359.562234 255.988281 450.498613 264.775376 138.852440 72.111026 168.964493 279.401145 432.483526 170.484603 421.722658 338.378486 299.107004 450.906864 357.548598 255.925770 321.840022 365.016438 369.131413 96.332757 178.532910 296.057427 409.503358 295.974661 233.420222 154.402073 193.038856 446.561306 311.194473 413.323118 194.030925 267.854438 400.132478 428.010514 303.705449 
271.000000 2.000000 1.000000 a 119.419429 234.955315 153.792067 250.838594 115.974135 117.038455 310.246676 215.585250 172.525360 230.425693 182.428068 252.049598 247.523736 81.024688 121.741529 178.373204 147.410990 228.729097 91.662424 119.100798 245.081619 223.555362 95.189285 242.243679 268.078347 153.574086 209.274939 175.171345 291.302249 357.805813 251.509443 215.967590 144.003472 243.402958 292.479059 134.851770 41.593269 234.539975 187.877620 110.018180 213.335417 78.644771 89.157165 297.405447 174.942848 301.094669 204.948774 136.517398 317.907219 127.015747 87.464278 336.382223 264.319882 258.971041 151.604749 72.622311 273.748059 187.085542 272.919402 98.229324 246.073160 188.743212 297.410491 271.900717 214.149481 95.036835 24.698178 260.188393 348.420723 149.883288 
280.000000 2.000000 2.000000 a 105.004762 130.510536 66.309879 90.470990 130.034611 118.004237 175.482193 237.844487 72.470684 155.051604 228.484135 177.589414 297.934557 104.546640 238.046214 107.898100 79.378838 211.357517 244.043029 70.256672 259.480250 287.179386 171.405951 93.085982 120.503112 219.057070 48.383882 93.477270 289.067466 200.384630 216.453228 214.953483 116.927328 164.924225 144.779142 147.573710 125.606528 202.484567 32.015621 168.857928 284.634854 178.986033 87.726849 161.446586 108.756609 155.463822 64.288413 301.280600 181.135309 270.118493 250.697028 183.657290 106.254412 104.923782 196.573142 188.480768 117.341382 177.200451 116.387285 70.327804 172.351385 95.462034 173.002890 110.476242 156.028843 234.829726 156.208194 126.921235 187.829710 46.173586 
164.000000 8.000000 5.000000 a 257.660630 195.002564 207.234167 87.464278 282.063823 270.296134 154.845084 342.772519 186.045693 215.392665 365.034245 224.180731 424.841147 270.416346 390.959077 210.924157 212.132034 295.974661 408.553546 225.204352 371.538692 422.635777 322.622070 125.299641 100.319490 365.875662 130.361037 213.046943 382.953000 66.370174 304.369841 310.850446 256.493665 215.000000 117.720007 291.940062 295.025423 298.001678 147.512711 314.429642 409.763346 335.882420 254.701786 148.660687 214.730063 124.064499 153.055545 470.269072 152.069063 436.189179 418.760075 79.025312 95.524866 108.295891 327.136057 347.850543 77.665951 298.055364 77.878110 236.966242 223.020178 189.108435 174.897113 67.082039 251.447808 395.941915 325.484255 150.651917 72.006944 197.466453 
109.000000 7.000000 1.000000 a 109.018347 40.049969 95.770559 203.901937 115.316955 111.543713 114.284732 381.120716 225.754291 308.350450 146.478667 330.552568 194.247265 149.335193 341.591862 260.432333 227.846440 361.879814 319.565330 206.400097 137.320792 197.729613 287.424773 112.294256 247.648945 160.527256 137.767921 64.412732 149.642908 293.858810 70.830784 362.626530 84.291162 317.838009 126.649122 104.923782 191.316492 63.000000 177.881983 292.205407 413.656863 284.606746 148.475587 107.823931 260.823695 127.224212 102.000000 342.539049 122.641755 266.692707 307.600390 290.477194 140.288987 127.192767 329.423739 287.391719 231.486501 76.059187 230.540669 185.539753 325.465820 248.917657 91.547802 213.321354 21.260292 322.055896 205.703670 86.313383 199.612124 114.825955 
207.000000 8.000000 4.000000 a 269.185809 381.030183 295.959457 352.278299 267.301328 267.988806 450.525249 170.988304 254.607541 266.450746 322.273176 279.014337 378.005291 229.008733 49.203658 237.438413 227.793766 216.002315 66.648331 217.082933 388.310443 350.595208 117.136672 374.328733 352.230038 290.766229 332.710084 321.504277 436.024082 444.325331 402.239978 194.427364 294.613306 276.812211 426.431706 285.770887 187.002674 385.368655 295.665351 126.822711 115.117331 105.475116 232.484408 436.955375 233.205918 436.323275 339.092908 124.887950 457.542348 208.597699 99.247166 417.699653 390.570096 388.414727 131.468627 96.301610 366.957763 337.551478 366.394596 215.520301 274.612454 257.379098 440.832168 372.840448 365.075335 56.320511 175.413796 399.722404 471.314120 286.574598 
153.000000 6.000000 3.000000 a 227.563178 213.410403 249.062241 377.618855 212.174457 219.276082 265.181070 513.062374 383.099204 467.097420 133.701159 490.474260 97.324200 261.000000 434.263745 413.962559 377.404293 506.672478 389.463734 349.057302 68.095521 124.326184 400.216192 286.722863 420.630479 165.496224 309.967740 222.281353 25.942244 467.731761 103.812331 502.173277 204.804785 478.059620 292.061637 188.862384 293.465501 114.232220 343.921503 410.760271 525.330372 388.897159 270.933571 265.228204 413.266258 289.043249 274.488615 373.246567 271.773803 272.259068 362.405850 465.098914 313.848690 300.695860 452.747170 385.323241 405.642700 141.650980 404.683827 321.068529 484.879366 407.259131 240.750909 387.847908 163.193137 402.517080 288.849442 256.222560 361.448475 269.786953 
200.000000 9.000000 4.000000 a 204.188638 93.380940 179.354398 236.177899 212.268698 207.966343 75.769387 457.686574 290.243002 366.152973 228.954144 385.861374 258.069758 243.402958 433.373972 326.473582 299.536308 430.712201 415.232465 284.613773 195.880065 269.987037 375.213273 141.031911 280.103552 249.353163 185.924716 151.119158 183.294844 296.568710 121.379570 435.157443 180.679274 373.343006 114.908659 201.437335 285.296337 128.082005 235.053185 377.809476 498.545886 374.973332 240.018749 83.006024 327.867351 106.892469 156.588633 439.450794 79.404030 360.911346 404.398318 302.696217 155.128979 144.256716 411.830062 379.222890 258.042632 164.477962 257.287777 269.312087 381.643813 310.618737 57.801384 237.002110 115.169440 416.389241 301.797946 99.809819 170.836179 193.961336 
277.000000 5.000000 3.000000 a 161.623018 146.167712 115.069544 29.614186 186.935818 174.771279 159.731024 257.561643 86.371292 147.231111 281.028468 165.342070 347.828981 166.018071 285.029823 119.205705 108.669223 219.763509 299.200602 116.619038 303.199604 340.023529 216.674872 80.430094 68.680419 275.234446 42.154478 133.003759 326.386274 139.176147 249.230817 229.244411 168.047612 153.075145 120.486514 201.717624 186.603858 237.857100 38.013156 210.344955 315.944615 228.254244 149.372019 146.686741 122.065556 131.867358 77.878110 360.801885 162.855764 331.837310 309.071189 124.458829 74.040529 80.529498 229.340358 239.585058 58.215118 222.315092 57.218878 127.287077 161.533278 98.858485 166.138496 48.754487 188.904738 287.383020 217.506322 121.659361 141.223228 99.297533 
103.000000 6.000000 5.000000 a 83.006024 188.671672 133.600150 270.490296 60.307545 71.028163 271.400074 308.600065 222.441003 297.531511 85.000000 320.951710 151.343979 79.056942 217.462640 241.615397 204.677796 313.949040 174.324410 172.290452 148.922799 129.321305 189.842040 225.000000 300.707499 56.727418 210.297408 137.207871 196.173393 380.107879 168.000000 304.415834 92.021737 310.257957 266.602701 62.177166 89.000000 152.118375 212.002358 202.871881 310.787709 175.453698 96.187317 260.969347 239.282260 272.310485 189.992105 178.084250 279.803502 102.176318 151.845316 364.540807 253.239018 243.805250 245.350769 170.073514 298.115749 104.479663 297.149794 142.274383 314.879342 244.386988 252.669745 289.352726 147.827602 185.809042 74.249579 227.167339 334.215499 143.387587 
Type de surveillance de chaque endroit(target):tab[nombre de target]
a a a a a a a a a a a a a a a a a a a a a a a a a a a a a a a a a a a a a a a a a a a a a a a a a a a a a a a a a a a a a a a a a a a a a a 